gti,ghi,dni,dhi,air_temp,albedo,relative_humidity,wind_speed_10m,wind_direction_10m,period_end,period,power,power_p10,power_p25,power_p75,power_p90
296,303,518,99,28,0.15,67.1,3.6,227,2026-09-08 07:35:00,PT5M,68.076,75.4325,71.9478,64.2042,60.7195
315,322,530,103,28,0.15,65.8,3.6,228,2026-09-08 07:40:00,PT5M,72.581,79.363,76.1504,69.0116,65.799
353,360,659,76,28,0.15,64.6,3.7,228,2026-09-08 07:45:00,PT5M,84.9,92.129,88.7047,81.0953,77.671
373,380,671,77,28,0.15,63.4,3.7,228,2026-09-08 07:50:00,PT5M,86.731,93.9245,90.517,82.945,79.5375
393,400,683,79,28,0.15,62.2,3.8,229,2026-09-08 07:55:00,PT5M,88.477,95.6325,92.243,84.711,81.3215
413,420,694,80,29,0.15,61.1,3.8,229,2026-09-08 08:00:00,PT5M,90.13,97.245,93.8747,86.3853,83.015
432,440,704,82,29,0.15,59.9,3.9,229,2026-09-08 08:05:00,PT5M,91.675,98.7455,95.3963,87.9537,84.6045
452,459,714,83,29,0.15,58.8,3.9,230,2026-09-08 08:10:00,PT5M,93.094,97.941,95.645,90.543,88.247
471,478,723,84,29,0.15,57.7,4.0,230,2026-09-08 08:15:00,PT5M,94.369,98.128,96.3474,92.3906,90.61
490,497,732,85,30,0.15,56.7,4.0,230,2026-09-08 08:20:00,PT5M,95.488,99.2015,97.4424,93.5336,91.7745
509,516,740,87,30,0.15,55.6,4.0,231,2026-09-08 08:25:00,PT5M,96.432,96.432,96.432,96.432,96.432
528,535,747,88,30,0.15,54.6,4.1,231,2026-09-08 08:30:00,PT5M,97.249,97.249,97.249,97.249,97.249
546,553,755,89,30,0.15,53.6,4.1,231,2026-09-08 08:35:00,PT5M,97.995,97.995,97.995,97.995,97.995
564,572,762,90,31,0.15,52.7,4.1,231,2026-09-08 08:40:00,PT5M,98.685,98.685,98.685,98.685,98.685
582,589,768,91,31,0.15,51.8,4.2,231,2026-09-08 08:45:00,PT5M,99.325,99.325,99.325,99.325,99.325
600,607,774,92,31,0.15,50.9,4.2,231,2026-09-08 08:50:00,PT5M,100.0,100.0,100.0,100.0,100.0
617,624,780,93,31,0.15,50.0,4.2,231,2026-09-08 08:55:00,PT5M,100.0,100.0,100.0,100.0,100.0
634,641,786,93,31,0.15,49.1,4.2,231,2026-09-08 09:00:00,PT5M,100.0,100.0,100.0,100.0,100.0
651,658,791,94,32,0.15,48.3,4.2,231,2026-09-08 09:05:00,PT5M,100.0,100.0,100.0,100.0,100.0
668,674,796,95,32,0.15,47.4,4.2,231,2026-09-08 09:10:00,PT5M,100.0,100.0,100.0,100.0,100.0
684,690,801,96,32,0.15,46.6,4.2,231,2026-09-08 09:15:00,PT5M,100.0,100.0,100.0,100.0,100.0
699,706,806,96,32,0.15,45.8,4.2,231,2026-09-08 09:20:00,PT5M,100.0,100.0,100.0,100.0,100.0
687,693,714,143,32,0.15,45.0,4.2,231,2026-09-08 09:25:00,PT5M,98.827,100.0,100.0,97.5397,96.381
700,706,713,147,33,0.15,44.2,4.3,231,2026-09-08 09:30:00,PT5M,99.003,100.0,100.0,96.802,94.821
712,718,712,151,33,0.15,43.5,4.3,231,2026-09-08 09:35:00,PT5M,99.143,100.0,100.0,96.0259,93.2205
724,730,710,155,33,0.15,42.9,4.3,231,2026-09-08 09:40:00,PT5M,99.227,100.0,100.0,95.2113,91.597
735,741,706,159,33,0.15,42.2,4.3,231,2026-09-08 09:45:00,PT5M,99.261,100.0,100.0,94.364,89.9565
745,751,702,165,33,0.15,41.6,4.3,231,2026-09-08 09:50:00,PT5M,99.221,100.0,100.0,93.4532,88.262
754,760,697,170,34,0.15,41.0,4.3,231,2026-09-08 09:55:00,PT5M,99.141,100.0,100.0,92.5451,86.6085
763,769,692,175,34,0.15,40.4,4.3,231,2026-09-08 10:00:00,PT5M,99.061,100.0,100.0,91.6706,85.019
771,777,686,180,34,0.15,39.8,4.3,231,2026-09-08 10:05:00,PT5M,98.955,100.0,100.0,90.7983,83.457
779,784,681,186,34,0.15,39.2,4.3,231,2026-09-08 10:10:00,PT5M,98.823,100.0,100.0,89.9337,81.933
786,791,675,191,35,0.15,38.7,4.3,231,2026-09-08 10:15:00,PT5M,98.663,100.0,100.0,89.0697,80.4355
792,798,668,197,35,0.15,38.1,4.3,231,2026-09-08 10:20:00,PT5M,98.475,100.0,100.0,88.2175,78.9855
798,803,662,202,35,0.15,37.5,4.3,231,2026-09-08 10:25:00,PT5M,98.262,100.0,100.0,87.3706,77.568
803,808,655,207,35,0.15,37.0,4.3,232,2026-09-08 10:30:00,PT5M,98.028,100.0,100.0,86.5153,76.1535
808,813,649,212,35,0.15,36.6,4.3,232,2026-09-08 10:35:00,PT5M,97.772,100.0,100.0,85.624,74.6905
812,816,641,218,35,0.15,36.3,4.4,232,2026-09-08 10:40:00,PT5M,97.494,100.0,100.0,84.6295,73.051
815,820,634,223,36,0.15,36.0,4.4,232,2026-09-08 10:45:00,PT5M,97.189,100.0,100.0,83.779,71.7095
817,822,626,228,36,0.15,35.8,4.4,232,2026-09-08 10:50:00,PT5M,96.857,100.0,100.0,82.828,70.2015
823,828,625,231,36,0.15,35.5,4.4,232,2026-09-08 10:55:00,PT5M,96.923,100.0,100.0,82.9506,70.375
828,833,624,233,36,0.15,35.2,4.4,232,2026-09-08 11:00:00,PT5M,96.968,100.0,100.0,83.0393,70.503
833,838,623,236,36,0.15,35.0,4.4,232,2026-09-08 11:05:00,PT5M,96.988,100.0,100.0,83.0816,70.5655
838,842,621,238,36,0.15,34.7,4.4,232,2026-09-08 11:10:00,PT5M,96.999,100.0,100.0,83.1261,70.64
842,846,620,240,36,0.15,34.5,4.4,232,2026-09-08 11:15:00,PT5M,96.997,100.0,100.0,83.1601,70.7065
845,850,618,243,36,0.15,34.2,4.4,232,2026-09-08 11:20:00,PT5M,96.975,100.0,100.0,83.1608,70.7275
848,852,617,245,36,0.15,33.9,4.4,232,2026-09-08 11:25:00,PT5M,96.934,100.0,100.0,83.1292,70.7045
850,855,615,247,37,0.15,33.7,4.4,232,2026-09-08 11:30:00,PT5M,96.876,100.0,100.0,83.0725,70.649
852,856,612,249,37,0.15,33.5,4.4,232,2026-09-08 11:35:00,PT5M,96.751,100.0,100.0,82.9425,70.5145
852,857,608,252,37,0.15,33.4,4.4,232,2026-09-08 11:40:00,PT5M,96.56,100.0,100.0,82.7413,70.304
852,857,604,255,37,0.15,33.2,4.4,232,2026-09-08 11:45:00,PT5M,96.346,100.0,100.0,82.5091,70.0555
852,856,599,258,37,0.15,33.1,4.4,232,2026-09-08 11:50:00,PT5M,96.078,100.0,100.0,82.2111,69.7305
850,855,594,261,37,0.15,33.0,4.4,232,2026-09-08 11:55:00,PT5M,95.793,100.0,100.0,81.8888,69.3745
848,853,589,264,37,0.15,32.8,4.4,232,2026-09-08 12:00:00,PT5M,95.491,100.0,100.0,81.5423,68.988
846,851,584,266,37,0.15,32.7,4.4,231,2026-09-08 12:05:00,PT5M,95.188,100.0,100.0,81.1874,68.5865
843,848,579,269,37,0.15,32.6,4.4,231,2026-09-08 12:10:00,PT5M,94.96,100.0,100.0,80.9008,68.247
840,845,574,271,37,0.15,32.4,4.4,231,2026-09-08 12:15:00,PT5M,94.713,100.0,100.0,80.588,67.875
837,841,569,273,37,0.15,32.3,4.4,231,2026-09-08 12:20:00,PT5M,94.448,100.0,100.0,80.2503,67.472
833,837,564,276,37,0.15,32.2,4.4,231,2026-09-08 12:25:00,PT5M,94.158,100.0,100.0,79.8806,67.0305
828,832,558,278,38,0.15,32.0,4.4,231,2026-09-08 12:30:00,PT5M,93.812,100.0,100.0,79.4436,66.5115
819,823,545,283,38,0.15,31.9,4.4,230,2026-09-08 12:35:00,PT5M,93.094,100.0,100.0,78.5561,65.4715
807,811,525,292,38,0.15,31.8,4.4,230,2026-09-08 12:40:00,PT5M,92.08,100.0,100.0,77.2968,63.9915
794,798,506,300,38,0.15,31.7,4.3,230,2026-09-08 12:45:00,PT5M,90.97,100.0,100.0,75.9374,62.4075
781,785,487,307,38,0.15,31.6,4.3,230,2026-09-08 12:50:00,PT5M,89.835,100.0,100.0,74.5492,60.7915
768,772,469,314,38,0.15,31.5,4.3,229,2026-09-08 12:55:00,PT5M,88.664,100.0,100.0,73.114,59.1185
754,758,451,321,38,0.15,31.4,4.3,229,2026-09-08 13:00:00,PT5M,87.462,100.0,100.0,71.6438,57.407
741,744,433,326,38,0.15,31.3,4.2,229,2026-09-08 13:05:00,PT5M,86.244,100.0,100.0,70.1679,55.699
727,730,415,332,38,0.15,31.2,4.2,228,2026-09-08 13:10:00,PT5M,85.008,100.0,100.0,68.683,53.99
712,716,398,336,38,0.15,31.2,4.2,228,2026-09-08 13:15:00,PT5M,83.719,100.0,100.0,67.128,52.1955
698,701,381,340,38,0.15,31.1,4.2,228,2026-09-08 13:20:00,PT5M,82.393,100.0,99.2538,65.5322,50.357
683,687,365,344,38,0.15,31.0,4.1,227,2026-09-08 13:25:00,PT5M,81.028,100.0,98.1598,63.8962,48.477
669,672,349,347,38,0.15,30.9,4.1,227,2026-09-08 13:30:00,PT5M,79.628,100.0,97.0309,62.2251,46.562
656,659,336,348,38,0.15,31.1,4.2,227,2026-09-08 13:35:00,PT5M,78.423,100.0,96.0506,60.7954,44.93
644,648,328,348,38,0.15,31.6,4.3,227,2026-09-08 13:40:00,PT5M,77.522,100.0,95.3301,59.7139,43.686
633,636,319,347,38,0.15,32.1,4.4,227,2026-09-08 13:45:00,PT5M,76.59,100.0,94.5805,58.5995,42.4075
621,625,311,345,38,0.15,32.7,4.5,227,2026-09-08 13:50:00,PT5M,75.632,100.0,93.8062,57.4578,41.1005
609,613,303,344,37,0.15,33.3,4.6,226,2026-09-08 13:55:00,PT5M,74.641,100.0,93.0012,56.2808,39.756
597,601,295,342,37,0.15,33.8,4.7,226,2026-09-08 14:00:00,PT5M,73.616,100.0,92.1646,55.0674,38.373
585,588,286,340,37,0.15,34.4,4.8,226,2026-09-08 14:05:00,PT5M,72.557,100.0,91.2959,53.8181,36.9525
573,576,278,338,37,0.15,35.0,4.9,226,2026-09-08 14:10:00,PT5M,71.462,100.0,90.3941,52.5299,35.4905
560,563,270,335,36,0.15,35.6,5.0,226,2026-09-08 14:15:00,PT5M,70.331,100.0,89.4588,51.2032,33.9875
547,550,262,332,36,0.15,36.2,5.1,226,2026-09-08 14:20:00,PT5M,69.166,100.0,88.4912,49.8408,32.4475
534,537,254,329,36,0.15,36.8,5.2,226,2026-09-08 14:25:00,PT5M,67.969,100.0,87.4924,48.4456,30.874
521,524,246,325,36,0.15,37.4,5.3,226,2026-09-08 14:30:00,PT5M,66.693,100.0,86.4185,46.9675,29.214
507,510,236,322,36,0.15,38.1,5.3,227,2026-09-08 14:35:00,PT5M,65.295,100.0,85.2241,45.3659,27.429
492,495,225,319,35,0.15,38.6,5.2,228,2026-09-08 14:40:00,PT5M,63.774,100.0,83.9081,43.6399,25.5185
478,481,214,316,35,0.15,39.3,5.2,230,2026-09-08 14:45:00,PT5M,62.214,100.0,82.5531,41.8749,23.569
463,466,204,312,35,0.15,39.9,5.1,231,2026-09-08 14:50:00,PT5M,60.636,99.6145,81.1507,40.1213,21.6575
449,451,193,308,35,0.15,40.5,5.1,233,2026-09-08 14:55:00,PT5M,59.0,98.099,79.5781,38.4219,19.901
434,436,183,304,34,0.15,41.1,5.0,234,2026-09-08 15:00:00,PT5M,57.323,96.5245,77.955,36.691,18.1215
419,422,173,299,34,0.15,41.8,5.0,236,2026-09-08 15:05:00,PT5M,55.606,94.889,76.2809,34.9311,16.323
405,407,163,294,34,0.15,42.4,4.9,238,2026-09-08 15:10:00,PT5M,53.926,93.2615,74.6286,33.2234,14.5905
391,393,154,288,34,0.15,43.1,4.9,239,2026-09-08 15:15:00,PT5M,52.217,91.5805,72.9343,31.4997,12.8535
376,379,145,283,33,0.15,43.8,4.9,241,2026-09-08 15:20:00,PT5M,50.466,89.835,71.1862,29.7458,11.097
362,364,136,277,33,0.15,44.5,4.9,243,2026-09-08 15:25:00,PT5M,48.668,87.9745,69.3553,27.9807,9.3615
348,350,126,270,33,0.15,45.2,4.8,245,2026-09-08 15:30:00,PT5M,46.817,86.09,67.4867,26.1473,7.544
336,338,121,263,33,0.15,45.6,4.8,246,2026-09-08 15:35:00,PT5M,45.386,84.535,65.9904,24.7816,6.237
325,327,120,255,33,0.15,45.9,4.7,246,2026-09-08 15:40:00,PT5M,44.379,83.3185,64.8731,23.8849,5.4395
314,316,119,247,33,0.15,46.1,4.6,247,2026-09-08 15:45:00,PT5M,43.33,82.0245,63.6952,22.9648,4.6355
303,305,118,239,33,0.15,46.3,4.5,248,2026-09-08 15:50:00,PT5M,42.261,80.617,62.448,22.074,3.905
292,294,116,231,33,0.15,46.5,4.5,248,2026-09-08 15:55:00,PT5M,41.132,79.0685,61.0983,21.1657,3.1955
281,283,114,223,33,0.15,46.8,4.4,249,2026-09-08 16:00:00,PT5M,39.938,77.3825,59.6453,20.2307,2.4935
269,271,112,215,32,0.15,47.0,4.3,249,2026-09-08 16:05:00,PT5M,38.68,75.568,58.0944,19.2656,1.792
257,259,109,206,32,0.15,47.2,4.2,250,2026-09-08 16:10:00,PT5M,37.358,73.6355,56.4511,18.2649,1.0805
246,247,106,198,32,0.15,47.4,4.1,251,2026-09-08 16:15:00,PT5M,35.975,71.5975,54.7234,17.2266,0.3525
234,235,103,189,32,0.15,47.7,4.1,251,2026-09-08 16:20:00,PT5M,34.756,69.683,53.1383,16.3737,0.0
221,223,100,181,32,0.15,47.9,4.0,252,2026-09-08 16:25:00,PT5M,33.214,67.045,51.0195,15.4085,0.0
209,211,96,172,32,0.15,48.1,3.9,253,2026-09-08 16:30:00,PT5M,31.38,62.924,47.9818,14.7782,0.0
197,199,92,163,32,0.15,48.4,3.8,253,2026-09-08 16:35:00,PT5M,29.405,58.8205,44.8866,13.9234,0.0
184,186,86,154,32,0.15,48.7,3.8,253,2026-09-08 16:40:00,PT5M,27.342,54.7095,41.7457,12.9383,0.0
172,173,81,145,32,0.15,49.0,3.8,253,2026-09-08 16:45:00,PT5M,25.259,50.586,38.5888,11.9292,0.0
159,160,75,136,32,0.15,49.2,3.8,253,2026-09-08 16:50:00,PT5M,23.16,46.449,35.4172,10.9028,0.0
146,148,68,127,32,0.15,49.5,3.7,254,2026-09-08 16:55:00,PT5M,21.04,42.3045,32.2317,9.8483,0.0
134,135,61,118,32,0.15,49.8,3.7,254,2026-09-08 17:00:00,PT5M,18.937,38.2005,29.0755,8.7985,0.0
122,123,54,108,32,0.15,50.1,3.7,254,2026-09-08 17:05:00,PT5M,16.872,34.174,25.9782,7.7658,0.0
109,110,43,99,32,0.15,50.4,3.7,254,2026-09-08 17:10:00,PT5M,14.714,30.135,22.8302,6.5978,0.0
96,97,30,90,32,0.15,50.7,3.6,254,2026-09-08 17:15:00,PT5M,12.608,26.241,19.7831,5.4329,0.0
84,85,17,81,31,0.15,51.0,3.6,254,2026-09-08 17:20:00,PT5M,10.518,22.417,16.7805,4.2555,0.0
72,73,4,72,31,0.15,51.3,3.6,254,2026-09-08 17:25:00,PT5M,8.57,18.7235,13.9139,3.2261,0.0
61,61,0,61,31,0.15,51.6,3.6,254,2026-09-08 17:30:00,PT5M,7.119,15.469,11.5137,2.7243,0.0
50,50,0,50,31,0.15,51.9,3.5,253,2026-09-08 17:35:00,PT5M,5.738,12.3295,9.2072,2.2688,0.0
39,40,0,40,31,0.15,52.3,3.5,252,2026-09-08 17:40:00,PT5M,4.36,9.295,6.9573,1.7627,0.0
30,30,0,30,31,0.15,52.7,3.5,250,2026-09-08 17:45:00,PT5M,3.196,6.681,5.0302,1.3618,0.0
22,22,0,22,31,0.15,53.1,3.4,249,2026-09-08 17:50:00,PT5M,2.141,4.254,3.2531,1.0289,0.028
14,14,0,14,31,0.15,53.6,3.4,247,2026-09-08 17:55:00,PT5M,1.166,2.3055,1.7657,0.5663,0.0265
7,7,0,7,31,0.15,54.0,3.4,246,2026-09-08 18:00:00,PT5M,0.288,0.697,0.5033,0.0727,0.0
2,2,0,2,30,0.15,54.4,3.3,245,2026-09-08 18:05:00,PT5M,0.0,0.0,0.0,0.0,0.0
0,0,0,0,30,0.15,54.8,3.3,243,2026-09-08 18:10:00,PT5M,0.0,0.0,0.0,0.0,0.0
0,0,0,0,30,0.15,55.2,3.3,242,2026-09-08 18:15:00,PT5M,0.0,0.0,0.0,0.0,0.0
0,0,0,0,30,0.15,55.7,3.3,240,2026-09-08 18:20:00,PT5M,0.0,0.0,0.0,0.0,0.0
0,0,0,0,30,0.15,56.1,3.3,239,2026-09-08 18:25:00,PT5M,0.0,0.0,0.0,0.0,0.0
0,0,0,0,30,0.15,56.5,3.3,237,2026-09-08 18:30:00,PT5M,0.0,0.0,0.0,0.0,0.0
0,0,0,0,30,0.15,57.4,3.3,236,2026-09-08 18:35:00,PT5M,0.0,0.0,0.0,0.0,0.0
0,0,0,0,29,0.15,58.7,3.3,235,2026-09-08 18:40:00,PT5M,0.0,0.0,0.0,0.0,0.0
0,0,0,0,29,0.15,60.0,3.3,235,2026-09-08 18:45:00,PT5M,0.0,0.0,0.0,0.0,0.0
0,0,0,0,29,0.15,61.4,3.3,234,2026-09-08 18:50:00,PT5M,0.0,0.0,0.0,0.0,0.0
0,0,0,0,29,0.15,62.8,3.3,233,2026-09-08 18:55:00,PT5M,0.0,0.0,0.0,0.0,0.0
0,0,0,0,28,0.15,64.2,3.3,233,2026-09-08 19:00:00,PT5M,0.0,0.0,0.0,0.0,0.0
0,0,0,0,28,0.15,65.7,3.4,232,2026-09-08 19:05:00,PT5M,0.0,0.0,0.0,0.0,0.0
0,0,0,0,28,0.15,67.2,3.4,231,2026-09-08 19:10:00,PT5M,0.0,0.0,0.0,0.0,0.0
0,0,0,0,27,0.15,68.8,3.4,231,2026-09-08 19:15:00,PT5M,0.0,0.0,0.0,0.0,0.0
0,0,0,0,27,0.15,70.4,3.4,230,2026-09-08 19:20:00,PT5M,0.0,0.0,0.0,0.0,0.0
0,0,0,0,27,0.15,72.0,3.4,229,2026-09-08 19:25:00,PT5M,0.0,0.0,0.0,0.0,0.0
0,0,0,0,27,0.15,73.6,3.5,229,2026-09-08 19:30:00,PT5M,0.0,0.0,0.0,0.0,0.0
0,0,0,0,26,0.15,74.6,3.5,228,2026-09-08 19:35:00,PT5M,0.0,0.0,0.0,0.0,0.0
0,0,0,0,26,0.15,74.9,3.5,228,2026-09-08 19:40:00,PT5M,0.0,0.0,0.0,0.0,0.0
0,0,0,0,26,0.15,75.1,3.5,228,2026-09-08 19:45:00,PT5M,0.0,0.0,0.0,0.0,0.0
0,0,0,0,26,0.15,75.4,3.4,228,2026-09-08 19:50:00,PT5M,0.0,0.0,0.0,0.0,0.0
0,0,0,0,26,0.15,75.7,3.4,228,2026-09-08 19:55:00,PT5M,0.0,0.0,0.0,0.0,0.0
0,0,0,0,26,0.15,75.9,3.4,228,2026-09-08 20:00:00,PT5M,0.0,0.0,0.0,0.0,0.0
0,0,0,0,26,0.15,76.2,3.4,228,2026-09-08 20:05:00,PT5M,0.0,0.0,0.0,0.0,0.0
0,0,0,0,26,0.15,76.5,3.4,228,2026-09-08 20:10:00,PT5M,0.0,0.0,0.0,0.0,0.0
0,0,0,0,26,0.15,76.7,3.4,228,2026-09-08 20:15:00,PT5M,0.0,0.0,0.0,0.0,0.0
0,0,0,0,26,0.15,77.0,3.4,228,2026-09-08 20:20:00,PT5M,0.0,0.0,0.0,0.0,0.0
0,0,0,0,26,0.15,77.3,3.4,228,2026-09-08 20:25:00,PT5M,0.0,0.0,0.0,0.0,0.0
0,0,0,0,26,0.15,77.6,3.4,227,2026-09-08 20:30:00,PT5M,0.0,0.0,0.0,0.0,0.0
0,0,0,0,26,0.15,77.6,3.4,227,2026-09-08 20:35:00,PT5M,0.0,0.0,0.0,0.0,0.0
0,0,0,0,26,0.15,77.6,3.4,227,2026-09-08 20:40:00,PT5M,0.0,0.0,0.0,0.0,0.0
0,0,0,0,26,0.15,77.5,3.3,227,2026-09-08 20:45:00,PT5M,0.0,0.0,0.0,0.0,0.0
0,0,0,0,26,0.15,77.4,3.3,226,2026-09-08 20:50:00,PT5M,0.0,0.0,0.0,0.0,0.0
0,0,0,0,26,0.15,77.3,3.3,226,2026-09-08 20:55:00,PT5M,0.0,0.0,0.0,0.0,0.0
0,0,0,0,26,0.15,77.3,3.2,226,2026-09-08 21:00:00,PT5M,0.0,0.0,0.0,0.0,0.0
0,0,0,0,26,0.15,77.2,3.2,225,2026-09-08 21:05:00,PT5M,0.0,0.0,0.0,0.0,0.0
0,0,0,0,26,0.15,77.1,3.2,225,2026-09-08 21:10:00,PT5M,0.0,0.0,0.0,0.0,0.0
0,0,0,0,26,0.15,77.0,3.1,225,2026-09-08 21:15:00,PT5M,0.0,0.0,0.0,0.0,0.0
0,0,0,0,26,0.15,77.0,3.1,225,2026-09-08 21:20:00,PT5M,0.0,0.0,0.0,0.0,0.0
0,0,0,0,26,0.15,76.9,3.1,224,2026-09-08 21:25:00,PT5M,0.0,0.0,0.0,0.0,0.0
0,0,0,0,26,0.15,76.8,3.1,224,2026-09-08 21:30:00,PT5M,0.0,0.0,0.0,0.0,0.0
0,0,0,0,26,0.15,76.8,3.1,224,2026-09-08 21:35:00,PT5M,0.0,0.0,0.0,0.0,0.0
0,0,0,0,26,0.15,76.7,3.1,223,2026-09-08 21:40:00,PT5M,0.0,0.0,0.0,0.0,0.0
0,0,0,0,26,0.15,76.7,3.1,223,2026-09-08 21:45:00,PT5M,0.0,0.0,0.0,0.0,0.0
0,0,0,0,26,0.15,76.6,3.1,223,2026-09-08 21:50:00,PT5M,0.0,0.0,0.0,0.0,0.0
0,0,0,0,26,0.15,76.6,3.1,222,2026-09-08 21:55:00,PT5M,0.0,0.0,0.0,0.0,0.0
0,0,0,0,26,0.15,76.6,3.1,222,2026-09-08 22:00:00,PT5M,0.0,0.0,0.0,0.0,0.0
0,0,0,0,26,0.15,76.5,3.2,222,2026-09-08 22:05:00,PT5M,0.0,0.0,0.0,0.0,0.0
0,0,0,0,26,0.15,76.5,3.2,221,2026-09-08 22:10:00,PT5M,0.0,0.0,0.0,0.0,0.0
0,0,0,0,26,0.15,76.4,3.2,221,2026-09-08 22:15:00,PT5M,0.0,0.0,0.0,0.0,0.0
0,0,0,0,26,0.15,76.4,3.2,221,2026-09-08 22:20:00,PT5M,0.0,0.0,0.0,0.0,0.0
0,0,0,0,26,0.15,76.3,3.2,220,2026-09-08 22:25:00,PT5M,0.0,0.0,0.0,0.0,0.0
0,0,0,0,26,0.15,76.3,3.3,220,2026-09-08 22:30:00,PT5M,0.0,0.0,0.0,0.0,0.0
0,0,0,0,26,0.15,76.3,3.3,220,2026-09-08 22:35:00,PT5M,0.0,0.0,0.0,0.0,0.0
0,0,0,0,26,0.15,76.2,3.3,220,2026-09-08 22:40:00,PT5M,0.0,0.0,0.0,0.0,0.0
0,0,0,0,26,0.15,76.2,3.3,221,2026-09-08 22:45:00,PT5M,0.0,0.0,0.0,0.0,0.0
0,0,0,0,26,0.15,76.1,3.3,221,2026-09-08 22:50:00,PT5M,0.0,0.0,0.0,0.0,0.0
0,0,0,0,26,0.15,76.1,3.3,221,2026-09-08 22:55:00,PT5M,0.0,0.0,0.0,0.0,0.0
0,0,0,0,26,0.15,76.1,3.3,221,2026-09-08 23:00:00,PT5M,0.0,0.0,0.0,0.0,0.0
0,0,0,0,26,0.15,76.0,3.3,221,2026-09-08 23:05:00,PT5M,0.0,0.0,0.0,0.0,0.0
0,0,0,0,26,0.15,76.0,3.3,222,2026-09-08 23:10:00,PT5M,0.0,0.0,0.0,0.0,0.0
0,0,0,0,26,0.15,75.9,3.3,222,2026-09-08 23:15:00,PT5M,0.0,0.0,0.0,0.0,0.0
0,0,0,0,26,0.15,75.9,3.3,222,2026-09-08 23:20:00,PT5M,0.0,0.0,0.0,0.0,0.0
0,0,0,0,26,0.15,75.9,3.3,222,2026-09-08 23:25:00,PT5M,0.0,0.0,0.0,0.0,0.0
0,0,0,0,26,0.15,75.8,3.3,222,2026-09-08 23:30:00,PT5M,0.0,0.0,0.0,0.0,0.0
0,0,0,0,26,0.15,75.8,3.2,223,2026-09-08 23:35:00,PT5M,0.0,0.0,0.0,0.0,0.0
0,0,0,0,26,0.15,75.8,3.2,223,2026-09-08 23:40:00,PT5M,0.0,0.0,0.0,0.0,0.0
0,0,0,0,26,0.15,75.8,3.2,223,2026-09-08 23:45:00,PT5M,0.0,0.0,0.0,0.0,0.0
0,0,0,0,26,0.15,75.8,3.2,223,2026-09-08 23:50:00,PT5M,0.0,0.0,0.0,0.0,0.0
0,0,0,0,26,0.15,75.8,3.2,223,2026-09-08 23:55:00,PT5M,0.0,0.0,0.0,0.0,0.0
0,0,0,0,26,0.15,75.8,3.2,224,2026-09-09 00:00:00,PT5M,0.0,0.0,0.0,0.0,0.0
0,0,0,0,26,0.15,75.8,3.2,224,2026-09-09 00:05:00,PT5M,0.0,0.0,0.0,0.0,0.0
0,0,0,0,26,0.15,75.8,3.2,224,2026-09-09 00:10:00,PT5M,0.0,0.0,0.0,0.0,0.0
0,0,0,0,26,0.15,75.8,3.2,224,2026-09-09 00:15:00,PT5M,0.0,0.0,0.0,0.0,0.0
0,0,0,0,26,0.15,75.8,3.1,224,2026-09-09 00:20:00,PT5M,0.0,0.0,0.0,0.0,0.0
0,0,0,0,26,0.15,75.8,3.1,225,2026-09-09 00:25:00,PT5M,0.0,0.0,0.0,0.0,0.0
0,0,0,0,26,0.15,75.8,3.1,225,2026-09-09 00:30:00,PT5M,0.0,0.0,0.0,0.0,0.0
0,0,0,0,26,0.15,75.8,3.1,225,2026-09-09 00:35:00,PT5M,0.0,0.0,0.0,0.0,0.0
0,0,0,0,26,0.15,75.7,3.1,225,2026-09-09 00:40:00,PT5M,0.0,0.0,0.0,0.0,0.0
0,0,0,0,26,0.15,75.7,3.1,225,2026-09-09 00:45:00,PT5M,0.0,0.0,0.0,0.0,0.0
0,0,0,0,26,0.15,75.6,3.1,225,2026-09-09 00:50:00,PT5M,0.0,0.0,0.0,0.0,0.0
0,0,0,0,26,0.15,75.6,3.1,225,2026-09-09 00:55:00,PT5M,0.0,0.0,0.0,0.0,0.0
0,0,0,0,26,0.15,75.6,3.1,225,2026-09-09 01:00:00,PT5M,0.0,0.0,0.0,0.0,0.0
0,0,0,0,26,0.15,75.5,3.1,225,2026-09-09 01:05:00,PT5M,0.0,0.0,0.0,0.0,0.0
0,0,0,0,26,0.15,75.5,3.1,225,2026-09-09 01:10:00,PT5M,0.0,0.0,0.0,0.0,0.0
0,0,0,0,26,0.15,75.4,3.1,225,2026-09-09 01:15:00,PT5M,0.0,0.0,0.0,0.0,0.0
0,0,0,0,26,0.15,75.4,3.1,225,2026-09-09 01:20:00,PT5M,0.0,0.0,0.0,0.0,0.0
0,0,0,0,26,0.15,75.4,3.1,225,2026-09-09 01:25:00,PT5M,0.0,0.0,0.0,0.0,0.0
0,0,0,0,26,0.15,75.3,3.1,225,2026-09-09 01:30:00,PT5M,0.0,0.0,0.0,0.0,0.0
0,0,0,0,26,0.15,75.3,3.1,225,2026-09-09 01:35:00,PT5M,0.0,0.0,0.0,0.0,0.0
0,0,0,0,26,0.15,75.2,3.1,225,2026-09-09 01:40:00,PT5M,0.0,0.0,0.0,0.0,0.0
0,0,0,0,26,0.15,75.2,3.1,226,2026-09-09 01:45:00,PT5M,0.0,0.0,0.0,0.0,0.0
0,0,0,0,26,0.15,75.2,3.1,226,2026-09-09 01:50:00,PT5M,0.0,0.0,0.0,0.0,0.0
0,0,0,0,26,0.15,75.1,3.1,226,2026-09-09 01:55:00,PT5M,0.0,0.0,0.0,0.0,0.0
0,0,0,0,26,0.15,75.1,3.1,226,2026-09-09 02:00:00,PT5M,0.0,0.0,0.0,0.0,0.0
0,0,0,0,26,0.15,75.0,3.1,226,2026-09-09 02:05:00,PT5M,0.0,0.0,0.0,0.0,0.0
0,0,0,0,26,0.15,75.0,3.1,227,2026-09-09 02:10:00,PT5M,0.0,0.0,0.0,0.0,0.0
0,0,0,0,26,0.15,75.0,3.1,227,2026-09-09 02:15:00,PT5M,0.0,0.0,0.0,0.0,0.0
0,0,0,0,26,0.15,74.9,3.1,227,2026-09-09 02:20:00,PT5M,0.0,0.0,0.0,0.0,0.0
0,0,0,0,26,0.15,74.9,3.1,227,2026-09-09 02:25:00,PT5M,0.0,0.0,0.0,0.0,0.0
0,0,0,0,26,0.15,74.8,3.1,227,2026-09-09 02:30:00,PT5M,0.0,0.0,0.0,0.0,0.0
0,0,0,0,26,0.15,74.8,3.1,228,2026-09-09 02:35:00,PT5M,0.0,0.0,0.0,0.0,0.0
0,0,0,0,26,0.15,74.7,3.1,228,2026-09-09 02:40:00,PT5M,0.0,0.0,0.0,0.0,0.0
0,0,0,0,26,0.15,74.6,3.1,228,2026-09-09 02:45:00,PT5M,0.0,0.0,0.0,0.0,0.0
0,0,0,0,26,0.15,74.6,3.1,228,2026-09-09 02:50:00,PT5M,0.0,0.0,0.0,0.0,0.0
0,0,0,0,26,0.15,74.5,3.1,228,2026-09-09 02:55:00,PT5M,0.0,0.0,0.0,0.0,0.0
0,0,0,0,26,0.15,74.4,3.1,228,2026-09-09 03:00:00,PT5M,0.0,0.0,0.0,0.0,0.0
0,0,0,0,26,0.15,74.3,3.1,228,2026-09-09 03:05:00,PT5M,0.0,0.0,0.0,0.0,0.0
0,0,0,0,26,0.15,74.2,3.1,228,2026-09-09 03:10:00,PT5M,0.0,0.0,0.0,0.0,0.0
0,0,0,0,26,0.15,74.2,3.1,228,2026-09-09 03:15:00,PT5M,0.0,0.0,0.0,0.0,0.0
0,0,0,0,26,0.15,74.1,3.1,228,2026-09-09 03:20:00,PT5M,0.0,0.0,0.0,0.0,0.0
0,0,0,0,26,0.15,74.0,3.1,228,2026-09-09 03:25:00,PT5M,0.0,0.0,0.0,0.0,0.0
0,0,0,0,26,0.15,73.9,3.1,228,2026-09-09 03:30:00,PT5M,0.0,0.0,0.0,0.0,0.0
0,0,0,0,26,0.15,73.9,3.1,228,2026-09-09 03:35:00,PT5M,0.0,0.0,0.0,0.0,0.0
0,0,0,0,26,0.15,74.0,3.1,228,2026-09-09 03:40:00,PT5M,0.0,0.0,0.0,0.0,0.0
0,0,0,0,26,0.15,74.1,3.1,228,2026-09-09 03:45:00,PT5M,0.0,0.0,0.0,0.0,0.0
0,0,0,0,26,0.15,74.2,3.2,228,2026-09-09 03:50:00,PT5M,0.0,0.0,0.0,0.0,0.0
0,0,0,0,26,0.15,74.2,3.2,228,2026-09-09 03:55:00,PT5M,0.0,0.0,0.0,0.0,0.0
0,0,0,0,26,0.15,74.3,3.2,228,2026-09-09 04:00:00,PT5M,0.0,0.0,0.0,0.0,0.0
0,0,0,0,26,0.15,74.4,3.2,228,2026-09-09 04:05:00,PT5M,0.0,0.0,0.0,0.0,0.0
0,0,0,0,26,0.15,74.5,3.2,228,2026-09-09 04:10:00,PT5M,0.0,0.0,0.0,0.0,0.0
0,0,0,0,26,0.15,74.5,3.2,228,2026-09-09 04:15:00,PT5M,0.0,0.0,0.0,0.0,0.0
0,0,0,0,25,0.15,74.6,3.2,228,2026-09-09 04:20:00,PT5M,0.0,0.0,0.0,0.0,0.0
0,0,0,0,25,0.15,74.7,3.2,228,2026-09-09 04:25:00,PT5M,0.0,0.0,0.0,0.0,0.0
0,0,0,0,25,0.15,74.7,3.2,227,2026-09-09 04:30:00,PT5M,0.0,0.0,0.0,0.0,0.0
0,0,0,0,25,0.15,74.9,3.3,228,2026-09-09 04:35:00,PT5M,0.0,0.0,0.0,0.0,0.0
0,0,0,0,25,0.15,75.1,3.3,228,2026-09-09 04:40:00,PT5M,0.0,0.0,0.0,0.0,0.0
0,0,0,0,25,0.15,75.3,3.3,228,2026-09-09 04:45:00,PT5M,0.0,0.0,0.0,0.0,0.0
0,0,0,0,25,0.15,75.4,3.3,228,2026-09-09 04:50:00,PT5M,0.0,0.0,0.0,0.0,0.0
0,0,0,0,25,0.15,75.6,3.3,228,2026-09-09 04:55:00,PT5M,0.0,0.0,0.0,0.0,0.0
0,0,0,0,25,0.15,75.8,3.3,229,2026-09-09 05:00:00,PT5M,0.0,0.0,0.0,0.0,0.0
0,0,0,0,25,0.15,76.0,3.3,229,2026-09-09 05:05:00,PT5M,0.0,0.0,0.0,0.0,0.0
0,0,0,0,25,0.15,76.2,3.3,229,2026-09-09 05:10:00,PT5M,0.0,0.0,0.0,0.0,0.0
0,0,0,0,25,0.15,76.4,3.3,229,2026-09-09 05:15:00,PT5M,0.0,0.0,0.0,0.0,0.0
0,0,0,0,25,0.15,76.6,3.3,229,2026-09-09 05:20:00,PT5M,0.0,0.0,0.0,0.0,0.0
0,0,0,0,25,0.15,76.8,3.3,230,2026-09-09 05:25:00,PT5M,0.0,0.0,0.0,0.0,0.0
0,0,0,0,25,0.15,77.0,3.3,230,2026-09-09 05:30:00,PT5M,0.0,0.0,0.0,0.0,0.0
0,0,0,0,25,0.15,77.1,3.3,230,2026-09-09 05:35:00,PT5M,0.0,0.0,0.0,0.0,0.0
0,0,0,0,25,0.15,77.1,3.3,230,2026-09-09 05:40:00,PT5M,0.0,0.0,0.0,0.0,0.0
0,0,0,0,25,0.15,77.1,3.3,229,2026-09-09 05:45:00,PT5M,0.0,0.0,0.0,0.0,0.0
0,0,0,0,25,0.15,77.1,3.3,229,2026-09-09 05:50:00,PT5M,0.0,0.0,0.0,0.0,0.0
0,0,0,0,25,0.15,77.1,3.3,229,2026-09-09 05:55:00,PT5M,0.0,0.0,0.0,0.0,0.0
0,0,0,0,25,0.15,77.1,3.3,229,2026-09-09 06:00:00,PT5M,0.0,0.0,0.0,0.0,0.0
5,5,0,5,25,0.15,77.1,3.3,229,2026-09-09 06:05:00,PT5M,0.0,0.0,0.0,0.0,0.0
13,13,0,13,25,0.15,77.1,3.3,228,2026-09-09 06:10:00,PT5M,1.123,1.595,1.3714,0.8746,0.651
22,23,20,22,25,0.15,77.1,3.3,228,2026-09-09 06:15:00,PT5M,2.489,3.499,3.0206,1.9574,1.479
33,35,64,29,25,0.15,77.1,3.3,228,2026-09-09 06:20:00,PT5M,4.465,6.536,5.555,3.375,2.394
46,47,107,36,25,0.15,77.1,3.3,228,2026-09-09 06:25:00,PT5M,6.995,10.3895,8.7815,5.2085,3.6005
59,61,142,44,25,0.15,77.1,3.3,228,2026-09-09 06:30:00,PT5M,9.895,14.7325,12.441,7.349,5.0575
73,76,180,50,25,0.15,76.8,3.3,228,2026-09-09 06:35:00,PT5M,13.369,19.777,16.7416,9.9964,6.961
89,92,219,56,26,0.15,76.1,3.3,228,2026-09-09 06:40:00,PT5M,17.275,25.334,21.5165,13.0335,9.216
106,110,258,61,26,0.15,75.4,3.4,229,2026-09-09 06:45:00,PT5M,21.331,31.0225,26.4317,16.2303,11.6395
124,128,296,66,26,0.15,74.7,3.4,229,2026-09-09 06:50:00,PT5M,25.601,36.842,31.5172,19.6848,14.36
142,147,333,70,26,0.15,74.1,3.4,230,2026-09-09 06:55:00,PT5M,30.056,42.8465,36.7877,23.3243,17.2655
161,166,369,74,26,0.15,73.4,3.5,230,2026-09-09 07:00:00,PT5M,34.771,49.1845,42.3569,27.1851,20.3575
180,185,399,77,26,0.15,72.8,3.5,230,2026-09-09 07:05:00,PT5M,39.476,55.6065,47.9656,30.9864,23.3455
199,205,423,81,26,0.15,72.1,3.6,231,2026-09-09 07:10:00,PT5M,44.15,62.002,53.5456,34.7544,26.298
218,224,446,85,27,0.15,71.5,3.6,231,2026-09-09 07:15:00,PT5M,48.931,68.374,59.164,38.698,29.488
238,244,467,88,27,0.15,70.9,3.7,232,2026-09-09 07:20:00,PT5M,53.873,74.897,64.9381,42.8079,32.849
258,263,488,91,27,0.15,70.2,3.7,232,2026-09-09 07:25:00,PT5M,58.76,81.355,70.6519,46.8681,36.165
277,283,508,93,27,0.15,69.6,3.8,232,2026-09-09 07:30:00,PT5M,63.683,87.915,76.4365,50.9295,39.451
297,303,523,97,27,0.15,68.8,3.8,232,2026-09-09 07:35:00,PT5M,68.351,94.198,81.9545,54.7475,42.504
315,321,534,101,27,0.15,67.7,3.8,232,2026-09-09 07:40:00,PT5M,72.741,100.0,87.2492,58.2328,45.175
334,340,543,104,28,0.15,66.6,3.9,232,2026-09-09 07:45:00,PT5M,76.913,100.0,92.2935,61.5325,47.6895
352,358,553,108,28,0.15,65.5,3.9,232,2026-09-09 07:50:00,PT5M,78.647,100.0,94.1239,63.1701,49.2405
370,376,561,112,28,0.15,64.4,4.0,231,2026-09-09 07:55:00,PT5M,80.296,100.0,95.8921,64.6999,50.663
389,395,569,115,28,0.15,63.4,4.0,231,2026-09-09 08:00:00,PT5M,81.853,100.0,97.5188,66.1872,52.0875
407,413,576,119,29,0.15,62.4,4.1,231,2026-09-09 08:05:00,PT5M,83.305,100.0,99.024,67.586,53.4385
424,430,583,123,29,0.15,61.4,4.1,231,2026-09-09 08:10:00,PT5M,84.637,100.0,100.0,68.8867,54.711
442,448,589,126,29,0.15,60.4,4.2,230,2026-09-09 08:15:00,PT5M,85.834,100.0,100.0,70.0793,55.8995
460,465,595,130,29,0.15,59.4,4.2,230,2026-09-09 08:20:00,PT5M,86.886,100.0,100.0,71.1565,56.9995
477,482,600,133,30,0.15,58.5,4.3,230,2026-09-09 08:25:00,PT5M,87.766,100.0,100.0,72.1023,58.0045
493,499,605,137,30,0.15,57.6,4.3,230,2026-09-09 08:30:00,PT5M,88.52,100.0,100.0,72.951,58.9385
510,516,611,140,30,0.15,56.6,4.3,230,2026-09-09 08:35:00,PT5M,89.345,100.0,100.0,73.8958,59.991
528,534,618,142,30,0.15,55.5,4.3,230,2026-09-09 08:40:00,PT5M,90.249,100.0,100.0,74.9411,61.1635
545,551,626,144,30,0.15,54.5,4.4,231,2026-09-09 08:45:00,PT5M,91.102,100.0,100.0,75.9394,62.2925
562,568,633,146,31,0.15,53.5,4.4,232,2026-09-09 08:50:00,PT5M,91.908,100.0,100.0,76.8901,63.3735
579,585,639,148,31,0.15,52.5,4.4,232,2026-09-09 08:55:00,PT5M,92.677,100.0,100.0,77.8917,64.5845
596,601,646,150,31,0.15,51.6,4.4,233,2026-09-09 09:00:00,PT5M,93.409,100.0,100.0,78.9077,65.856
612,618,653,152,31,0.15,50.6,4.4,233,2026-09-09 09:05:00,PT5M,94.162,100.0,100.0,79.9454,67.15
629,635,662,152,32,0.15,49.7,4.4,234,2026-09-09 09:10:00,PT5M,94.96,100.0,100.0,81.0318,68.496
646,651,670,153,32,0.15,48.8,4.4,234,2026-09-09 09:15:00,PT5M,95.724,100.0,100.0,82.0774,69.795
662,667,678,154,32,0.15,47.9,4.4,235,2026-09-09 09:20:00,PT5M,96.458,100.0,100.0,83.0864,71.0515
678,683,686,154,32,0.15,47.0,4.4,235,2026-09-09 09:25:00,PT5M,97.161,100.0,100.0,84.0573,72.2635
694,699,694,154,33,0.15,46.2,4.5,236,2026-09-09 09:30:00,PT5M,97.836,100.0,100.0,84.9931,73.434
707,713,697,156,33,0.15,45.4,4.5,236,2026-09-09 09:35:00,PT5M,98.219,100.0,100.0,85.5487,74.145
719,724,695,161,33,0.15,44.8,4.4,237,2026-09-09 09:40:00,PT5M,98.317,100.0,100.0,85.8117,74.5565
730,735,692,165,33,0.15,44.2,4.4,237,2026-09-09 09:45:00,PT5M,98.377,100.0,100.0,86.0272,74.912
740,745,687,170,33,0.15,43.5,4.4,238,2026-09-09 09:50:00,PT5M,98.382,100.0,100.0,86.1751,75.1885
749,754,683,175,34,0.15,42.9,4.4,239,2026-09-09 09:55:00,PT5M,98.375,100.0,100.0,86.3049,75.4415
758,763,679,180,34,0.15,42.3,4.4,239,2026-09-09 10:00:00,PT5M,98.355,100.0,100.0,86.4407,75.7175
767,772,674,185,34,0.15,41.7,4.3,240,2026-09-09 10:05:00,PT5M,98.322,100.0,100.0,86.5264,75.91
775,780,670,191,34,0.15,41.1,4.3,241,2026-09-09 10:10:00,PT5M,98.275,100.0,100.0,86.5915,76.076
783,788,665,196,34,0.15,40.5,4.3,241,2026-09-09 10:15:00,PT5M,98.212,100.0,100.0,86.6338,76.213
790,795,660,201,35,0.15,39.9,4.3,242,2026-09-09 10:20:00,PT5M,98.135,100.0,100.0,86.6552,76.323
797,801,655,206,35,0.15,39.4,4.3,242,2026-09-09 10:25:00,PT5M,98.044,100.0,100.0,86.6568,76.408
803,808,651,210,35,0.15,38.8,4.3,243,2026-09-09 10:30:00,PT5M,97.944,100.0,100.0,86.6437,76.473
810,815,649,214,35,0.15,38.3,4.2,244,2026-09-09 10:35:00,PT5M,98.022,100.0,100.0,86.8311,76.759
819,823,651,215,35,0.15,37.9,4.2,244,2026-09-09 10:40:00,PT5M,98.276,100.0,100.0,87.2172,77.264
827,831,653,216,35,0.15,37.6,4.1,244,2026-09-09 10:45:00,PT5M,98.509,100.0,100.0,87.5755,77.735
834,839,655,217,36,0.15,37.2,4.1,245,2026-09-09 10:50:00,PT5M,98.72,100.0,100.0,87.9047,78.1705
842,846,657,218,36,0.15,36.8,4.0,245,2026-09-09 10:55:00,PT5M,98.91,100.0,100.0,88.2036,78.5675
848,852,659,219,36,0.15,36.4,4.0,246,2026-09-09 11:00:00,PT5M,99.076,100.0,100.0,88.4651,78.915
854,859,661,220,36,0.15,36.0,3.9,246,2026-09-09 11:05:00,PT5M,99.219,100.0,100.0,88.6863,79.2065
860,864,662,220,36,0.15,35.6,3.9,247,2026-09-09 11:10:00,PT5M,99.349,100.0,100.0,88.9021,79.4995
865,870,664,221,36,0.15,35.3,3.8,247,2026-09-09 11:15:00,PT5M,99.465,100.0,100.0,89.1039,79.7785
870,874,665,222,36,0.15,34.9,3.8,248,2026-09-09 11:20:00,PT5M,99.56,100.0,100.0,89.271,80.0105
875,879,666,222,36,0.15,34.5,3.7,248,2026-09-09 11:25:00,PT5M,99.637,100.0,100.0,89.4085,80.2025
878,882,667,222,37,0.15,34.2,3.7,249,2026-09-09 11:30:00,PT5M,99.695,100.0,100.0,89.5191,80.3605
879,883,662,226,37,0.15,33.9,3.6,250,2026-09-09 11:35:00,PT5M,99.445,100.0,100.0,89.2478,80.07
876,880,650,233,37,0.15,33.6,3.6,250,2026-09-09 11:40:00,PT5M,98.888,100.0,100.0,88.5963,79.3335
872,876,638,240,37,0.15,33.4,3.5,251,2026-09-09 11:45:00,PT5M,98.309,100.0,100.0,87.9152,78.5605
868,872,626,248,37,0.15,33.2,3.5,252,2026-09-09 11:50:00,PT5M,97.68,100.0,100.0,87.1715,77.7135
863,867,613,255,37,0.15,32.9,3.5,253,2026-09-09 11:55:00,PT5M,97.036,100.0,100.0,86.4054,76.8375
858,862,601,261,37,0.15,32.7,3.4,254,2026-09-09 12:00:00,PT5M,96.377,100.0,100.0,85.6169,75.9325
852,856,588,268,37,0.15,32.5,3.4,255,2026-09-09 12:05:00,PT5M,95.727,100.0,100.0,84.8303,75.023
846,850,576,274,37,0.15,32.2,3.4,256,2026-09-09 12:10:00,PT5M,95.142,100.0,100.0,84.1022,74.166
840,843,564,280,37,0.15,32.0,3.3,257,2026-09-09 12:15:00,PT5M,94.541,100.0,100.0,83.3504,73.2785
832,836,552,286,38,0.15,31.8,3.3,258,2026-09-09 12:20:00,PT5M,93.919,100.0,100.0,82.5702,72.356
825,829,539,292,38,0.15,31.6,3.3,259,2026-09-09 12:25:00,PT5M,93.268,100.0,100.0,81.7521,71.3875
817,820,527,297,38,0.15,31.3,3.3,261,2026-09-09 12:30:00,PT5M,92.64,100.0,100.0,80.9449,70.419
806,809,509,305,38,0.15,31.1,3.2,261,2026-09-09 12:35:00,PT5M,91.683,100.0,100.0,79.7495,69.009
792,796,488,314,38,0.15,31.0,3.2,262,2026-09-09 12:40:00,PT5M,90.467,100.0,100.0,78.2372,67.23
778,782,466,323,38,0.15,30.8,3.1,262,2026-09-09 12:45:00,PT5M,89.224,100.0,100.0,76.746,65.5155
764,768,446,331,38,0.15,30.7,3.1,263,2026-09-09 12:50:00,PT5M,87.954,100.0,100.0,75.1682,63.6605
750,753,425,338,38,0.15,30.5,3.1,263,2026-09-09 12:55:00,PT5M,86.644,100.0,99.7533,73.5347,61.736
736,739,406,345,38,0.15,30.3,3.0,264,2026-09-09 13:00:00,PT5M,85.301,100.0,98.7397,71.8623,59.767
721,724,386,351,38,0.15,30.2,3.0,265,2026-09-09 13:05:00,PT5M,83.942,100.0,97.6976,70.1864,57.806
706,709,367,357,38,0.15,30.0,3.0,265,2026-09-09 13:10:00,PT5M,82.56,100.0,96.6216,68.4984,55.8425
691,694,349,362,38,0.15,29.9,2.9,266,2026-09-09 13:15:00,PT5M,81.088,100.0,95.4746,66.7014,53.753
675,678,331,366,38,0.15,29.7,2.9,266,2026-09-09 13:20:00,PT5M,79.608,100.0,94.3238,64.8922,51.6475
660,663,313,369,38,0.15,29.5,2.9,267,2026-09-09 13:25:00,PT5M,78.09,100.0,93.1366,63.0434,49.501
644,647,296,372,38,0.15,29.4,2.8,268,2026-09-09 13:30:00,PT5M,76.534,100.0,91.9116,61.1564,47.316
631,634,283,373,38,0.15,29.5,2.8,267,2026-09-09 13:35:00,PT5M,75.261,100.0,90.9215,59.6005,45.5055
620,623,274,372,38,0.15,29.8,2.8,266,2026-09-09 13:40:00,PT5M,74.274,100.0,90.1716,58.3764,44.068
609,611,266,371,38,0.15,30.2,2.8,265,2026-09-09 13:45:00,PT5M,73.254,100.0,89.3906,57.1174,42.594
597,600,257,369,38,0.15,30.5,2.8,263,2026-09-09 13:50:00,PT5M,72.204,100.0,88.5811,55.8269,41.087
585,588,249,367,38,0.15,30.8,2.9,262,2026-09-09 13:55:00,PT5M,71.12,100.0,87.7395,54.5005,39.5425
573,576,241,365,38,0.15,31.2,2.9,261,2026-09-09 14:00:00,PT5M,69.999,100.0,86.8632,53.1348,37.9565
561,564,233,363,38,0.15,31.6,2.9,259,2026-09-09 14:05:00,PT5M,68.842,100.0,85.953,51.731,36.3305
549,552,224,360,37,0.15,31.9,2.9,258,2026-09-09 14:10:00,PT5M,67.646,100.0,85.0068,50.2852,34.66
537,539,216,357,37,0.15,32.3,2.9,257,2026-09-09 14:15:00,PT5M,66.411,99.8765,84.0241,48.7979,32.9455
524,526,208,353,37,0.15,32.7,3.0,256,2026-09-09 14:20:00,PT5M,65.141,99.088,83.0075,47.2745,31.194
511,514,200,350,37,0.15,33.0,3.0,255,2026-09-09 14:25:00,PT5M,63.838,98.2675,81.9585,45.7175,29.4085
498,500,191,346,37,0.15,33.4,3.0,253,2026-09-09 14:30:00,PT5M,62.454,97.3745,80.8329,44.0751,27.5335
485,488,184,342,37,0.15,34.0,3.1,254,2026-09-09 14:35:00,PT5M,61.142,96.4575,79.7288,42.5552,25.8265
473,475,178,336,36,0.15,34.7,3.3,256,2026-09-09 14:40:00,PT5M,59.903,95.4005,78.5856,41.2204,24.4055
460,462,171,331,36,0.15,35.5,3.5,258,2026-09-09 14:45:00,PT5M,58.631,94.303,77.4054,39.8566,22.959
448,450,165,326,36,0.15,36.3,3.6,260,2026-09-09 14:50:00,PT5M,57.324,93.1595,76.1845,38.4635,21.4885
435,437,159,320,35,0.15,37.1,3.8,261,2026-09-09 14:55:00,PT5M,55.983,91.9715,74.924,37.042,19.9945
422,424,152,314,35,0.15,37.9,4.0,263,2026-09-09 15:00:00,PT5M,54.608,90.737,73.623,35.593,18.479
409,411,146,308,35,0.15,38.8,4.2,264,2026-09-09 15:05:00,PT5M,53.198,89.404,72.2535,34.1425,16.992
396,398,140,301,34,0.15,39.6,4.4,266,2026-09-09 15:10:00,PT5M,51.835,88.1385,70.9418,32.7282,15.5315
384,386,135,294,34,0.15,40.5,4.5,267,2026-09-09 15:15:00,PT5M,50.441,86.8255,69.5904,31.2916,14.0565
371,373,129,288,34,0.15,41.5,4.7,268,2026-09-09 15:20:00,PT5M,49.011,85.459,68.1938,29.8282,12.563
358,360,123,281,33,0.15,42.4,4.9,269,2026-09-09 15:25:00,PT5M,47.539,84.033,66.7461,28.3319,11.045
345,347,118,273,33,0.15,43.3,5.1,270,2026-09-09 15:30:00,PT5M,46.019,82.5385,65.2395,26.7985,9.4995
333,335,113,266,33,0.15,44.0,5.2,269,2026-09-09 15:35:00,PT5M,44.584,81.059,63.7811,25.3869,8.109
321,323,109,259,33,0.15,44.2,5.1,267,2026-09-09 15:40:00,PT5M,43.456,79.807,62.5878,24.3242,7.105
309,311,105,251,33,0.15,44.5,5.0,265,2026-09-09 15:45:00,PT5M,42.051,78.2325,61.0936,23.0084,5.8695
297,299,100,243,32,0.15,44.8,4.9,263,2026-09-09 15:50:00,PT5M,40.62,76.529,59.5192,21.7208,4.711
285,287,95,235,32,0.15,45.1,4.8,261,2026-09-09 15:55:00,PT5M,39.125,74.676,57.8357,20.4143,3.574
273,275,90,227,32,0.15,45.4,4.7,258,2026-09-09 16:00:00,PT5M,37.568,72.679,56.0472,19.0888,2.457
261,262,85,219,32,0.15,45.6,4.7,256,2026-09-09 16:05:00,PT5M,35.947,70.544,54.1556,17.7384,1.35
248,250,80,211,32,0.15,45.9,4.6,254,2026-09-09 16:10:00,PT5M,34.264,68.283,52.1684,16.3596,0.245
236,237,74,203,32,0.15,46.2,4.6,251,2026-09-09 16:15:00,PT5M,32.521,65.9045,50.091,14.951,0.0
223,224,68,194,32,0.15,46.5,4.6,249,2026-09-09 16:20:00,PT5M,30.719,63.4135,47.9263,13.5117,0.0
210,212,62,185,32,0.15,46.8,4.5,246,2026-09-09 16:25:00,PT5M,28.891,60.3555,45.451,12.331,0.0
198,199,55,177,32,0.15,47.1,4.5,244,2026-09-09 16:30:00,PT5M,26.982,56.2745,42.3989,11.5651,0.0
186,187,50,167,32,0.15,47.3,4.5,243,2026-09-09 16:35:00,PT5M,25.147,52.393,39.4868,10.8072,0.0
174,175,46,158,32,0.15,47.3,4.5,243,2026-09-09 16:40:00,PT5M,23.412,48.686,36.7139,10.1101,0.0
162,163,42,148,32,0.15,47.4,4.5,244,2026-09-09 16:45:00,PT5M,21.643,44.9555,33.9125,9.3735,0.0
150,151,37,139,32,0.15,47.4,4.5,244,2026-09-09 16:50:00,PT5M,19.844,41.1595,31.0625,8.6255,0.0
138,139,32,129,32,0.15,47.5,4.5,245,2026-09-09 16:55:00,PT5M,18.016,37.4,28.2179,7.8141,0.0
126,127,26,120,32,0.15,47.5,4.5,245,2026-09-09 17:00:00,PT5M,16.194,33.674,25.3938,6.9942,0.0
115,115,19,110,32,0.15,47.6,4.4,246,2026-09-09 17:05:00,PT5M,14.481,30.1045,22.7038,6.2582,0.0
102,103,10,101,32,0.15,47.6,4.4,246,2026-09-09 17:10:00,PT5M,12.558,26.415,19.851,5.265,0.0
90,91,0,91,32,0.15,47.7,4.4,247,2026-09-09 17:15:00,PT5M,10.738,22.922,17.1505,4.3255,0.0
79,79,0,79,32,0.15,47.7,4.4,247,2026-09-09 17:20:00,PT5M,9.227,19.7915,14.7872,3.6668,0.0
67,68,0,68,32,0.15,47.8,4.4,248,2026-09-09 17:25:00,PT5M,7.837,16.7765,12.5419,3.1321,0.0
57,57,0,57,32,0.15,47.8,4.4,248,2026-09-09 17:30:00,PT5M,6.564,13.864,10.406,2.722,0.0
46,46,0,46,32,0.15,48.0,4.4,248,2026-09-09 17:35:00,PT5M,5.199,9.725,7.5811,2.8169,0.673
36,36,0,36,31,0.15,48.2,4.4,245,2026-09-09 17:40:00,PT5M,3.845,7.1025,5.5594,2.1306,0.5875
26,27,0,27,31,0.15,48.5,4.4,243,2026-09-09 17:45:00,PT5M,2.731,4.9765,3.9128,1.5492,0.4855
19,19,0,19,31,0.15,48.8,4.5,241,2026-09-09 17:50:00,PT5M,1.742,3.143,2.4794,1.0046,0.341
12,12,0,12,31,0.15,49.1,4.5,239,2026-09-09 17:55:00,PT5M,0.854,1.7215,1.3106,0.3974,0.0
6,6,0,6,31,0.15,49.4,4.5,237,2026-09-09 18:00:00,PT5M,0.0,0.213,0.1121,0.0,0.0
1,1,0,1,31,0.15,49.6,4.6,235,2026-09-09 18:05:00,PT5M,0.0,0.0,0.0,0.0,0.0
0,0,0,0,31,0.15,49.9,4.6,233,2026-09-09 18:10:00,PT5M,0.0,0.0,0.0,0.0,0.0
0,0,0,0,31,0.15,50.2,4.7,231,2026-09-09 18:15:00,PT5M,0.0,0.0,0.0,0.0,0.0
0,0,0,0,31,0.15,50.5,4.7,229,2026-09-09 18:20:00,PT5M,0.0,0.0,0.0,0.0,0.0
0,0,0,0,31,0.15,50.8,4.8,227,2026-09-09 18:25:00,PT5M,0.0,0.0,0.0,0.0,0.0
0,0,0,0,30,0.15,51.1,4.8,225,2026-09-09 18:30:00,PT5M,0.0,0.0,0.0,0.0,0.0
0,0,0,0,30,0.15,51.5,4.9,224,2026-09-09 18:35:00,PT5M,0.0,0.0,0.0,0.0,0.0
0,0,0,0,30,0.15,52.0,4.9,224,2026-09-09 18:40:00,PT5M,0.0,0.0,0.0,0.0,0.0
0,0,0,0,30,0.15,52.6,4.9,224,2026-09-09 18:45:00,PT5M,0.0,0.0,0.0,0.0,0.0
0,0,0,0,30,0.15,53.1,5.0,224,2026-09-09 18:50:00,PT5M,0.0,0.0,0.0,0.0,0.0
0,0,0,0,30,0.15,53.7,5.0,224,2026-09-09 18:55:00,PT5M,0.0,0.0,0.0,0.0,0.0
0,0,0,0,30,0.15,54.2,5.0,224,2026-09-09 19:00:00,PT5M,0.0,0.0,0.0,0.0,0.0
0,0,0,0,30,0.15,54.8,5.0,224,2026-09-09 19:05:00,PT5M,0.0,0.0,0.0,0.0,0.0
0,0,0,0,30,0.15,55.4,5.1,224,2026-09-09 19:10:00,PT5M,0.0,0.0,0.0,0.0,0.0
0,0,0,0,30,0.15,55.9,5.1,224,2026-09-09 19:15:00,PT5M,0.0,0.0,0.0,0.0,0.0
0,0,0,0,29,0.15,56.5,5.1,224,2026-09-09 19:20:00,PT5M,0.0,0.0,0.0,0.0,0.0
0,0,0,0,29,0.15,57.1,5.1,224,2026-09-09 19:25:00,PT5M,0.0,0.0,0.0,0.0,0.0
0,0,0,0,29,0.15,57.7,5.2,224,2026-09-09 19:30:00,PT5M,0.0,0.0,0.0,0.0,0.0
0,0,0,0,29,0.15,58.3,5.1,224,2026-09-09 19:35:00,PT5M,0.0,0.0,0.0,0.0,0.0
0,0,0,0,29,0.15,58.8,5.1,224,2026-09-09 19:40:00,PT5M,0.0,0.0,0.0,0.0,0.0
0,0,0,0,29,0.15,59.4,5.0,224,2026-09-09 19:45:00,PT5M,0.0,0.0,0.0,0.0,0.0
0,0,0,0,29,0.15,59.9,5.0,224,2026-09-09 19:50:00,PT5M,0.0,0.0,0.0,0.0,0.0
0,0,0,0,29,0.15,60.5,4.9,224,2026-09-09 19:55:00,PT5M,0.0,0.0,0.0,0.0,0.0
0,0,0,0,29,0.15,61.1,4.8,223,2026-09-09 20:00:00,PT5M,0.0,0.0,0.0,0.0,0.0
0,0,0,0,28,0.15,61.7,4.8,223,2026-09-09 20:05:00,PT5M,0.0,0.0,0.0,0.0,0.0
0,0,0,0,28,0.15,62.2,4.7,223,2026-09-09 20:10:00,PT5M,0.0,0.0,0.0,0.0,0.0
0,0,0,0,28,0.15,62.8,4.7,223,2026-09-09 20:15:00,PT5M,0.0,0.0,0.0,0.0,0.0
0,0,0,0,28,0.15,63.4,4.6,223,2026-09-09 20:20:00,PT5M,0.0,0.0,0.0,0.0,0.0
0,0,0,0,28,0.15,64.0,4.5,223,2026-09-09 20:25:00,PT5M,0.0,0.0,0.0,0.0,0.0
0,0,0,0,28,0.15,64.6,4.5,222,2026-09-09 20:30:00,PT5M,0.0,0.0,0.0,0.0,0.0
0,0,0,0,28,0.15,65.1,4.5,222,2026-09-09 20:35:00,PT5M,0.0,0.0,0.0,0.0,0.0
0,0,0,0,28,0.15,65.3,4.4,223,2026-09-09 20:40:00,PT5M,0.0,0.0,0.0,0.0,0.0
0,0,0,0,28,0.15,65.6,4.4,223,2026-09-09 20:45:00,PT5M,0.0,0.0,0.0,0.0,0.0
0,0,0,0,28,0.15,65.8,4.4,224,2026-09-09 20:50:00,PT5M,0.0,0.0,0.0,0.0,0.0
0,0,0,0,28,0.15,66.1,4.4,224,2026-09-09 20:55:00,PT5M,0.0,0.0,0.0,0.0,0.0
0,0,0,0,28,0.15,66.4,4.4,224,2026-09-09 21:00:00,PT5M,0.0,0.0,0.0,0.0,0.0
0,0,0,0,28,0.15,66.6,4.3,225,2026-09-09 21:05:00,PT5M,0.0,0.0,0.0,0.0,0.0
0,0,0,0,27,0.15,66.9,4.3,225,2026-09-09 21:10:00,PT5M,0.0,0.0,0.0,0.0,0.0
0,0,0,0,27,0.15,67.1,4.3,226,2026-09-09 21:15:00,PT5M,0.0,0.0,0.0,0.0,0.0
0,0,0,0,27,0.15,67.4,4.3,226,2026-09-09 21:20:00,PT5M,0.0,0.0,0.0,0.0,0.0
0,0,0,0,27,0.15,67.7,4.3,226,2026-09-09 21:25:00,PT5M,0.0,0.0,0.0,0.0,0.0
0,0,0,0,27,0.15,67.9,4.3,227,2026-09-09 21:30:00,PT5M,0.0,0.0,0.0,0.0,0.0
0,0,0,0,27,0.15,68.1,4.2,227,2026-09-09 21:35:00,PT5M,0.0,0.0,0.0,0.0,0.0
0,0,0,0,27,0.15,68.2,4.2,227,2026-09-09 21:40:00,PT5M,0.0,0.0,0.0,0.0,0.0
0,0,0,0,27,0.15,68.2,4.1,227,2026-09-09 21:45:00,PT5M,0.0,0.0,0.0,0.0,0.0
0,0,0,0,27,0.15,68.3,4.1,226,2026-09-09 21:50:00,PT5M,0.0,0.0,0.0,0.0,0.0
0,0,0,0,27,0.15,68.4,4.0,226,2026-09-09 21:55:00,PT5M,0.0,0.0,0.0,0.0,0.0
0,0,0,0,27,0.15,68.4,4.0,226,2026-09-09 22:00:00,PT5M,0.0,0.0,0.0,0.0,0.0
0,0,0,0,27,0.15,68.5,3.9,226,2026-09-09 22:05:00,PT5M,0.0,0.0,0.0,0.0,0.0
0,0,0,0,27,0.15,68.6,3.9,226,2026-09-09 22:10:00,PT5M,0.0,0.0,0.0,0.0,0.0
0,0,0,0,27,0.15,68.6,3.8,226,2026-09-09 22:15:00,PT5M,0.0,0.0,0.0,0.0,0.0
0,0,0,0,27,0.15,68.7,3.8,225,2026-09-09 22:20:00,PT5M,0.0,0.0,0.0,0.0,0.0
0,0,0,0,27,0.15,68.7,3.7,225,2026-09-09 22:25:00,PT5M,0.0,0.0,0.0,0.0,0.0
0,0,0,0,27,0.15,68.8,3.7,225,2026-09-09 22:30:00,PT5M,0.0,0.0,0.0,0.0,0.0
0,0,0,0,27,0.15,68.9,3.7,225,2026-09-09 22:35:00,PT5M,0.0,0.0,0.0,0.0,0.0
0,0,0,0,27,0.15,68.9,3.7,224,2026-09-09 22:40:00,PT5M,0.0,0.0,0.0,0.0,0.0
0,0,0,0,27,0.15,69.0,3.7,224,2026-09-09 22:45:00,PT5M,0.0,0.0,0.0,0.0,0.0
0,0,0,0,27,0.15,69.1,3.7,223,2026-09-09 22:50:00,PT5M,0.0,0.0,0.0,0.0,0.0
0,0,0,0,27,0.15,69.1,3.7,223,2026-09-09 22:55:00,PT5M,0.0,0.0,0.0,0.0,0.0
0,0,0,0,27,0.15,69.2,3.6,222,2026-09-09 23:00:00,PT5M,0.0,0.0,0.0,0.0,0.0
0,0,0,0,27,0.15,69.3,3.6,222,2026-09-09 23:05:00,PT5M,0.0,0.0,0.0,0.0,0.0
0,0,0,0,27,0.15,69.3,3.6,222,2026-09-09 23:10:00,PT5M,0.0,0.0,0.0,0.0,0.0
0,0,0,0,27,0.15,69.4,3.6,221,2026-09-09 23:15:00,PT5M,0.0,0.0,0.0,0.0,0.0
0,0,0,0,27,0.15,69.5,3.6,221,2026-09-09 23:20:00,PT5M,0.0,0.0,0.0,0.0,0.0
0,0,0,0,27,0.15,69.5,3.6,220,2026-09-09 23:25:00,PT5M,0.0,0.0,0.0,0.0,0.0
0,0,0,0,27,0.15,69.6,3.6,220,2026-09-09 23:30:00,PT5M,0.0,0.0,0.0,0.0,0.0
0,0,0,0,27,0.15,69.7,3.6,220,2026-09-09 23:35:00,PT5M,0.0,0.0,0.0,0.0,0.0
0,0,0,0,26,0.15,69.8,3.6,220,2026-09-09 23:40:00,PT5M,0.0,0.0,0.0,0.0,0.0
0,0,0,0,26,0.15,70.0,3.6,220,2026-09-09 23:45:00,PT5M,0.0,0.0,0.0,0.0,0.0
0,0,0,0,26,0.15,70.1,3.6,220,2026-09-09 23:50:00,PT5M,0.0,0.0,0.0,0.0,0.0
0,0,0,0,26,0.15,70.3,3.6,221,2026-09-09 23:55:00,PT5M,0.0,0.0,0.0,0.0,0.0
0,0,0,0,26,0.15,70.4,3.6,221,2026-09-10 00:00:00,PT5M,0.0,0.0,0.0,0.0,0.0
0,0,0,0,26,0.15,70.5,3.7,221,2026-09-10 00:05:00,PT5M,0.0,0.0,0.0,0.0,0.0
0,0,0,0,26,0.15,70.7,3.7,222,2026-09-10 00:10:00,PT5M,0.0,0.0,0.0,0.0,0.0
0,0,0,0,26,0.15,70.8,3.7,222,2026-09-10 00:15:00,PT5M,0.0,0.0,0.0,0.0,0.0
0,0,0,0,26,0.15,70.9,3.7,222,2026-09-10 00:20:00,PT5M,0.0,0.0,0.0,0.0,0.0
0,0,0,0,26,0.15,71.1,3.7,222,2026-09-10 00:25:00,PT5M,0.0,0.0,0.0,0.0,0.0
0,0,0,0,26,0.15,71.2,3.7,223,2026-09-10 00:30:00,PT5M,0.0,0.0,0.0,0.0,0.0
0,0,0,0,26,0.15,71.3,3.7,223,2026-09-10 00:35:00,PT5M,0.0,0.0,0.0,0.0,0.0
0,0,0,0,26,0.15,71.4,3.7,223,2026-09-10 00:40:00,PT5M,0.0,0.0,0.0,0.0,0.0
0,0,0,0,26,0.15,71.5,3.7,223,2026-09-10 00:45:00,PT5M,0.0,0.0,0.0,0.0,0.0
0,0,0,0,26,0.15,71.5,3.7,224,2026-09-10 00:50:00,PT5M,0.0,0.0,0.0,0.0,0.0
0,0,0,0,26,0.15,71.6,3.7,224,2026-09-10 00:55:00,PT5M,0.0,0.0,0.0,0.0,0.0
0,0,0,0,26,0.15,71.7,3.6,224,2026-09-10 01:00:00,PT5M,0.0,0.0,0.0,0.0,0.0
0,0,0,0,26,0.15,71.7,3.6,225,2026-09-10 01:05:00,PT5M,0.0,0.0,0.0,0.0,0.0
0,0,0,0,26,0.15,71.8,3.6,225,2026-09-10 01:10:00,PT5M,0.0,0.0,0.0,0.0,0.0
0,0,0,0,26,0.15,71.9,3.6,225,2026-09-10 01:15:00,PT5M,0.0,0.0,0.0,0.0,0.0
0,0,0,0,26,0.15,72.0,3.6,225,2026-09-10 01:20:00,PT5M,0.0,0.0,0.0,0.0,0.0
0,0,0,0,26,0.15,72.0,3.6,226,2026-09-10 01:25:00,PT5M,0.0,0.0,0.0,0.0,0.0
0,0,0,0,26,0.15,72.1,3.6,226,2026-09-10 01:30:00,PT5M,0.0,0.0,0.0,0.0,0.0
0,0,0,0,26,0.15,72.2,3.6,226,2026-09-10 01:35:00,PT5M,0.0,0.0,0.0,0.0,0.0
0,0,0,0,26,0.15,72.2,3.6,226,2026-09-10 01:40:00,PT5M,0.0,0.0,0.0,0.0,0.0
0,0,0,0,26,0.15,72.3,3.5,226,2026-09-10 01:45:00,PT5M,0.0,0.0,0.0,0.0,0.0
0,0,0,0,26,0.15,72.4,3.5,226,2026-09-10 01:50:00,PT5M,0.0,0.0,0.0,0.0,0.0
0,0,0,0,26,0.15,72.4,3.5,227,2026-09-10 01:55:00,PT5M,0.0,0.0,0.0,0.0,0.0
0,0,0,0,26,0.15,72.5,3.4,227,2026-09-10 02:00:00,PT5M,0.0,0.0,0.0,0.0,0.0
0,0,0,0,26,0.15,72.6,3.4,227,2026-09-10 02:05:00,PT5M,0.0,0.0,0.0,0.0,0.0
0,0,0,0,26,0.15,72.7,3.4,227,2026-09-10 02:10:00,PT5M,0.0,0.0,0.0,0.0,0.0
0,0,0,0,26,0.15,72.7,3.4,227,2026-09-10 02:15:00,PT5M,0.0,0.0,0.0,0.0,0.0
0,0,0,0,26,0.15,72.8,3.3,227,2026-09-10 02:20:00,PT5M,0.0,0.0,0.0,0.0,0.0
0,0,0,0,26,0.15,72.9,3.3,227,2026-09-10 02:25:00,PT5M,0.0,0.0,0.0,0.0,0.0
0,0,0,0,25,0.15,72.9,3.3,227,2026-09-10 02:30:00,PT5M,0.0,0.0,0.0,0.0,0.0
0,0,0,0,25,0.15,73.0,3.3,227,2026-09-10 02:35:00,PT5M,0.0,0.0,0.0,0.0,0.0
0,0,0,0,25,0.15,73.0,3.2,227,2026-09-10 02:40:00,PT5M,0.0,0.0,0.0,0.0,0.0
0,0,0,0,25,0.15,73.0,3.2,227,2026-09-10 02:45:00,PT5M,0.0,0.0,0.0,0.0,0.0
0,0,0,0,25,0.15,73.0,3.2,227,2026-09-10 02:50:00,PT5M,0.0,0.0,0.0,0.0,0.0
0,0,0,0,25,0.15,73.0,3.2,227,2026-09-10 02:55:00,PT5M,0.0,0.0,0.0,0.0,0.0
0,0,0,0,25,0.15,73.0,3.2,227,2026-09-10 03:00:00,PT5M,0.0,0.0,0.0,0.0,0.0
0,0,0,0,25,0.15,73.0,3.2,227,2026-09-10 03:05:00,PT5M,0.0,0.0,0.0,0.0,0.0
0,0,0,0,25,0.15,73.0,3.2,227,2026-09-10 03:10:00,PT5M,0.0,0.0,0.0,0.0,0.0
0,0,0,0,25,0.15,73.0,3.2,227,2026-09-10 03:15:00,PT5M,0.0,0.0,0.0,0.0,0.0
0,0,0,0,25,0.15,72.9,3.2,227,2026-09-10 03:20:00,PT5M,0.0,0.0,0.0,0.0,0.0
0,0,0,0,25,0.15,72.9,3.2,226,2026-09-10 03:25:00,PT5M,0.0,0.0,0.0,0.0,0.0
0,0,0,0,25,0.15,72.9,3.2,226,2026-09-10 03:30:00,PT5M,0.0,0.0,0.0,0.0,0.0
0,0,0,0,25,0.15,73.0,3.2,226,2026-09-10 03:35:00,PT5M,0.0,0.0,0.0,0.0,0.0
0,0,0,0,25,0.15,73.1,3.2,226,2026-09-10 03:40:00,PT5M,0.0,0.0,0.0,0.0,0.0
0,0,0,0,25,0.15,73.1,3.2,226,2026-09-10 03:45:00,PT5M,0.0,0.0,0.0,0.0,0.0
0,0,0,0,25,0.15,73.2,3.2,226,2026-09-10 03:50:00,PT5M,0.0,0.0,0.0,0.0,0.0
0,0,0,0,25,0.15,73.3,3.2,225,2026-09-10 03:55:00,PT5M,0.0,0.0,0.0,0.0,0.0
0,0,0,0,25,0.15,73.4,3.2,225,2026-09-10 04:00:00,PT5M,0.0,0.0,0.0,0.0,0.0
0,0,0,0,25,0.15,73.4,3.3,225,2026-09-10 04:05:00,PT5M,0.0,0.0,0.0,0.0,0.0
0,0,0,0,25,0.15,73.5,3.3,225,2026-09-10 04:10:00,PT5M,0.0,0.0,0.0,0.0,0.0
0,0,0,0,25,0.15,73.6,3.3,224,2026-09-10 04:15:00,PT5M,0.0,0.0,0.0,0.0,0.0
0,0,0,0,25,0.15,73.6,3.3,224,2026-09-10 04:20:00,PT5M,0.0,0.0,0.0,0.0,0.0
0,0,0,0,25,0.15,73.7,3.3,224,2026-09-10 04:25:00,PT5M,0.0,0.0,0.0,0.0,0.0
0,0,0,0,25,0.15,73.8,3.3,224,2026-09-10 04:30:00,PT5M,0.0,0.0,0.0,0.0,0.0
0,0,0,0,25,0.15,73.9,3.3,224,2026-09-10 04:35:00,PT5M,0.0,0.0,0.0,0.0,0.0
0,0,0,0,25,0.15,74.1,3.4,224,2026-09-10 04:40:00,PT5M,0.0,0.0,0.0,0.0,0.0
0,0,0,0,25,0.15,74.3,3.4,224,2026-09-10 04:45:00,PT5M,0.0,0.0,0.0,0.0,0.0
0,0,0,0,25,0.15,74.5,3.4,224,2026-09-10 04:50:00,PT5M,0.0,0.0,0.0,0.0,0.0
0,0,0,0,25,0.15,74.7,3.4,224,2026-09-10 04:55:00,PT5M,0.0,0.0,0.0,0.0,0.0
0,0,0,0,25,0.15,74.9,3.4,224,2026-09-10 05:00:00,PT5M,0.0,0.0,0.0,0.0,0.0
0,0,0,0,25,0.15,75.1,3.4,224,2026-09-10 05:05:00,PT5M,0.0,0.0,0.0,0.0,0.0
0,0,0,0,25,0.15,75.3,3.5,225,2026-09-10 05:10:00,PT5M,0.0,0.0,0.0,0.0,0.0
0,0,0,0,25,0.15,75.4,3.5,225,2026-09-10 05:15:00,PT5M,0.0,0.0,0.0,0.0,0.0
0,0,0,0,25,0.15,75.6,3.5,225,2026-09-10 05:20:00,PT5M,0.0,0.0,0.0,0.0,0.0
0,0,0,0,25,0.15,75.8,3.5,225,2026-09-10 05:25:00,PT5M,0.0,0.0,0.0,0.0,0.0
0,0,0,0,25,0.15,76.0,3.5,225,2026-09-10 05:30:00,PT5M,0.0,0.0,0.0,0.0,0.0
0,0,0,0,25,0.15,76.2,3.5,225,2026-09-10 05:35:00,PT5M,0.0,0.0,0.0,0.0,0.0
0,0,0,0,25,0.15,76.2,3.5,225,2026-09-10 05:40:00,PT5M,0.0,0.0,0.0,0.0,0.0
0,0,0,0,25,0.15,76.3,3.6,226,2026-09-10 05:45:00,PT5M,0.0,0.0,0.0,0.0,0.0
0,0,0,0,25,0.15,76.4,3.6,226,2026-09-10 05:50:00,PT5M,0.0,0.0,0.0,0.0,0.0
0,0,0,0,25,0.15,76.5,3.6,226,2026-09-10 05:55:00,PT5M,0.0,0.0,0.0,0.0,0.0
0,0,0,0,25,0.15,76.6,3.6,227,2026-09-10 06:00:00,PT5M,0.0,0.0,0.0,0.0,0.0
4,4,0,4,25,0.15,76.6,3.6,227,2026-09-10 06:05:00,PT5M,0.0,0.0,0.0,0.0,0.0
11,11,0,11,25,0.15,76.7,3.6,227,2026-09-10 06:10:00,PT5M,0.842,1.4025,1.137,0.547,0.2815
20,20,0,20,25,0.15,76.8,3.6,227,2026-09-10 06:15:00,PT5M,1.949,3.004,2.5043,1.3937,0.894
29,29,0,29,25,0.15,76.9,3.6,228,2026-09-10 06:20:00,PT5M,3.161,5.0705,4.166,2.156,1.2515
39,40,0,40,25,0.15,77.0,3.6,228,2026-09-10 06:25:00,PT5M,4.469,7.4895,6.0587,2.8793,1.4485
51,51,16,49,25,0.15,77.0,3.6,228,2026-09-10 06:30:00,PT5M,6.292,10.5715,8.5443,4.0397,2.0125
63,64,45,58,25,0.15,76.8,3.6,229,2026-09-10 06:35:00,PT5M,8.781,14.4835,11.7823,5.7797,3.0785
78,79,78,66,25,0.15,76.1,3.6,229,2026-09-10 06:40:00,PT5M,11.722,18.9375,15.5196,7.9244,4.5065
93,95,111,74,26,0.15,75.5,3.7,229,2026-09-10 06:45:00,PT5M,15.013,23.759,19.6161,10.4099,6.267
109,112,146,81,26,0.15,74.8,3.7,230,2026-09-10 06:50:00,PT5M,18.715,28.9595,24.1068,13.3232,8.4705
127,129,181,88,26,0.15,74.2,3.7,230,2026-09-10 06:55:00,PT5M,22.744,34.5015,28.9321,16.5559,10.9865
145,148,217,94,26,0.15,73.6,3.7,231,2026-09-10 07:00:00,PT5M,27.057,40.394,34.0764,20.0376,13.72
164,167,248,99,26,0.15,73.0,3.7,231,2026-09-10 07:05:00,PT5M,31.456,46.463,39.3543,23.5577,16.449
182,186,276,105,26,0.15,72.4,3.8,232,2026-09-10 07:10:00,PT5M,35.958,52.6915,44.765,27.151,19.2245
202,205,304,110,26,0.15,71.8,3.8,232,2026-09-10 07:15:00,PT5M,40.664,59.1445,50.3904,30.9376,22.1835
221,225,331,115,27,0.15,71.2,3.8,232,2026-09-10 07:20:00,PT5M,45.568,65.8505,56.2428,34.8932,25.2855
241,246,358,119,27,0.15,70.6,3.8,233,2026-09-10 07:25:00,PT5M,50.576,72.621,62.1784,38.9736,28.531
262,266,385,122,27,0.15,70.0,3.8,233,2026-09-10 07:30:00,PT5M,55.718,79.5215,68.246,43.19,31.9145
281,286,405,126,27,0.15,69.1,3.9,234,2026-09-10 07:35:00,PT5M,60.478,86.1045,73.9654,46.9906,34.8515
300,305,418,131,27,0.15,67.7,3.9,234,2026-09-10 07:40:00,PT5M,64.769,92.327,79.273,50.265,37.211
318,323,430,136,28,0.15,66.5,4.0,234,2026-09-10 07:45:00,PT5M,68.807,98.185,84.2689,53.3451,39.429
337,342,443,141,28,0.15,65.2,4.0,234,2026-09-10 07:50:00,PT5M,70.94,100.0,86.5682,55.3118,41.246
355,360,454,146,28,0.15,63.9,4.0,235,2026-09-10 07:55:00,PT5M,72.975,100.0,88.6768,57.2732,43.141
374,379,465,150,28,0.15,62.7,4.1,235,2026-09-10 08:00:00,PT5M,74.907,100.0,90.6628,59.1512,44.9705
392,397,475,154,29,0.15,61.5,4.1,235,2026-09-10 08:05:00,PT5M,76.725,100.0,92.5118,60.9382,46.7295
410,415,485,158,29,0.15,60.4,4.2,235,2026-09-10 08:10:00,PT5M,78.416,100.0,94.2065,62.6255,48.4135
428,433,495,162,29,0.15,59.2,4.2,236,2026-09-10 08:15:00,PT5M,79.969,100.0,95.7308,64.2072,50.021
446,451,503,166,29,0.15,58.1,4.2,236,2026-09-10 08:20:00,PT5M,81.376,100.0,97.0742,65.6778,51.549
464,468,512,170,30,0.15,57.0,4.3,236,2026-09-10 08:25:00,PT5M,82.613,100.0,98.2996,66.9264,52.808
481,486,519,174,30,0.15,55.9,4.3,236,2026-09-10 08:30:00,PT5M,83.724,100.0,99.274,68.174,54.1785
498,503,527,178,30,0.15,54.9,4.3,236,2026-09-10 08:35:00,PT5M,84.835,100.0,100.0,69.4342,55.573
516,520,536,180,30,0.15,53.8,4.3,236,2026-09-10 08:40:00,PT5M,85.953,100.0,100.0,70.7109,56.9925
533,538,545,183,31,0.15,52.7,4.3,236,2026-09-10 08:45:00,PT5M,87.008,100.0,100.0,71.9301,58.3595
550,555,553,186,31,0.15,51.7,4.3,236,2026-09-10 08:50:00,PT5M,88.06,100.0,100.0,73.1476,59.726
567,572,561,188,31,0.15,50.7,4.3,236,2026-09-10 08:55:00,PT5M,89.003,100.0,100.0,74.2593,60.9895
583,588,568,191,31,0.15,49.7,4.3,236,2026-09-10 09:00:00,PT5M,89.899,100.0,100.0,75.2995,62.1595
600,605,577,193,31,0.15,48.8,4.3,236,2026-09-10 09:05:00,PT5M,90.814,100.0,100.0,76.3982,63.4235
617,621,586,194,32,0.15,47.8,4.3,236,2026-09-10 09:10:00,PT5M,91.758,100.0,100.0,77.6709,64.992
633,638,595,195,32,0.15,46.9,4.3,236,2026-09-10 09:15:00,PT5M,92.661,100.0,100.0,78.9107,66.535
649,654,604,196,32,0.15,46.0,4.3,236,2026-09-10 09:20:00,PT5M,93.524,100.0,100.0,80.1026,68.023
665,670,613,197,32,0.15,45.1,4.3,236,2026-09-10 09:25:00,PT5M,94.35,100.0,100.0,81.2494,69.4585
681,686,622,197,33,0.15,44.3,4.2,236,2026-09-10 09:30:00,PT5M,95.14,100.0,100.0,82.3521,70.8425
696,700,628,198,33,0.15,43.5,4.2,236,2026-09-10 09:35:00,PT5M,95.812,100.0,100.0,83.3254,72.087
710,714,633,200,33,0.15,42.8,4.3,235,2026-09-10 09:40:00,PT5M,96.373,100.0,100.0,84.1764,73.199
723,728,638,202,33,0.15,42.1,4.3,235,2026-09-10 09:45:00,PT5M,96.883,100.0,100.0,84.965,74.2385
736,740,641,204,33,0.15,41.5,4.3,235,2026-09-10 09:50:00,PT5M,97.331,100.0,100.0,85.6783,75.1905
749,753,644,207,34,0.15,40.8,4.3,235,2026-09-10 09:55:00,PT5M,97.757,100.0,100.0,86.3619,76.106
761,765,647,209,34,0.15,40.2,4.3,235,2026-09-10 10:00:00,PT5M,98.163,100.0,100.0,86.9919,76.9375
772,776,650,211,34,0.15,39.5,4.3,235,2026-09-10 10:05:00,PT5M,98.546,100.0,100.0,87.618,77.7825
783,787,653,212,34,0.15,38.9,4.3,235,2026-09-10 10:10:00,PT5M,98.907,100.0,100.0,88.214,78.59
794,798,656,214,34,0.15,38.3,4.3,235,2026-09-10 10:15:00,PT5M,99.245,100.0,100.0,88.7791,79.3595
804,808,658,216,35,0.15,37.7,4.3,235,2026-09-10 10:20:00,PT5M,99.562,100.0,100.0,89.3151,80.0925
814,818,661,217,35,0.15,37.1,4.3,235,2026-09-10 10:25:00,PT5M,99.858,100.0,100.0,89.8224,80.79
824,828,663,219,35,0.15,36.5,4.3,235,2026-09-10 10:30:00,PT5M,100.0,100.0,100.0,90.1688,81.3205
832,836,663,222,35,0.15,36.0,4.3,234,2026-09-10 10:35:00,PT5M,100.0,100.0,100.0,90.3388,81.6435
838,842,660,225,35,0.15,35.6,4.3,234,2026-09-10 10:40:00,PT5M,100.0,100.0,100.0,90.4746,81.9015
844,848,657,229,35,0.15,35.1,4.3,234,2026-09-10 10:45:00,PT5M,100.0,100.0,100.0,90.603,82.1455
850,854,654,233,36,0.15,34.7,4.3,234,2026-09-10 10:50:00,PT5M,100.0,100.0,100.0,90.723,82.3735
855,859,651,237,36,0.15,34.3,4.4,234,2026-09-10 10:55:00,PT5M,100.0,100.0,100.0,90.8336,82.5835
859,863,648,240,36,0.15,33.9,4.4,234,2026-09-10 11:00:00,PT5M,100.0,100.0,100.0,90.9296,82.766
863,867,644,244,36,0.15,33.5,4.4,234,2026-09-10 11:05:00,PT5M,100.0,100.0,100.0,91.0109,82.9205
867,871,640,247,36,0.15,33.1,4.4,234,2026-09-10 11:10:00,PT5M,99.912,100.0,100.0,91.009,82.996
870,873,637,251,36,0.15,32.7,4.4,234,2026-09-10 11:15:00,PT5M,99.792,100.0,100.0,90.9721,83.034
872,876,633,254,36,0.15,32.3,4.4,234,2026-09-10 11:20:00,PT5M,99.651,100.0,100.0,90.9001,83.024
874,878,629,258,37,0.15,31.9,4.4,234,2026-09-10 11:25:00,PT5M,99.491,100.0,100.0,90.7982,82.9745
876,879,625,261,37,0.15,31.5,4.4,234,2026-09-10 11:30:00,PT5M,99.313,100.0,100.0,90.6695,82.89
877,880,621,264,37,0.15,31.2,4.5,234,2026-09-10 11:35:00,PT5M,99.111,100.0,100.0,90.4522,82.659
877,880,616,268,37,0.15,30.9,4.5,234,2026-09-10 11:40:00,PT5M,98.884,100.0,100.0,90.146,82.2815
876,880,610,272,37,0.15,30.6,4.5,233,2026-09-10 11:45:00,PT5M,98.633,100.0,100.0,89.8068,81.863
875,879,604,276,37,0.15,30.3,4.5,233,2026-09-10 11:50:00,PT5M,98.329,100.0,100.0,89.4005,81.3645
874,877,598,279,37,0.15,30.1,4.5,233,2026-09-10 11:55:00,PT5M,98.006,100.0,100.0,88.9669,80.8315
871,875,592,283,37,0.15,29.8,4.6,232,2026-09-10 12:00:00,PT5M,97.667,100.0,100.0,88.545,80.335
869,872,586,287,37,0.15,29.5,4.6,232,2026-09-10 12:05:00,PT5M,97.339,100.0,100.0,88.0965,79.778
866,869,579,290,37,0.15,29.2,4.6,232,2026-09-10 12:10:00,PT5M,97.066,100.0,100.0,87.6964,79.2635
862,865,573,293,38,0.15,29.0,4.6,231,2026-09-10 12:15:00,PT5M,96.773,100.0,100.0,87.2684,78.714
858,861,566,296,38,0.15,28.7,4.6,231,2026-09-10 12:20:00,PT5M,96.459,100.0,100.0,86.8107,78.127
853,856,559,300,38,0.15,28.4,4.7,231,2026-09-10 12:25:00,PT5M,96.109,100.0,100.0,86.3065,77.484
848,851,552,303,38,0.15,28.2,4.7,230,2026-09-10 12:30:00,PT5M,95.709,100.0,100.0,85.7394,76.7665
841,845,544,306,38,0.15,28.0,4.7,230,2026-09-10 12:35:00,PT5M,95.327,100.0,100.0,85.1856,76.058
834,837,535,309,38,0.15,28.0,4.7,230,2026-09-10 12:40:00,PT5M,94.804,100.0,100.0,84.4865,75.2005
827,830,526,313,38,0.15,27.9,4.8,229,2026-09-10 12:45:00,PT5M,94.255,100.0,100.0,83.7531,74.301
818,822,517,315,38,0.15,27.9,4.8,229,2026-09-10 12:50:00,PT5M,93.679,100.0,100.0,82.9834,73.357
810,813,508,318,38,0.15,27.8,4.8,229,2026-09-10 12:55:00,PT5M,93.068,100.0,100.0,82.1616,72.3455
801,804,498,321,38,0.15,27.8,4.9,228,2026-09-10 13:00:00,PT5M,92.429,100.0,100.0,81.3047,71.2925
792,795,489,323,38,0.15,27.7,4.9,228,2026-09-10 13:05:00,PT5M,91.777,100.0,100.0,80.4403,70.237
782,785,480,325,38,0.15,27.7,4.9,228,2026-09-10 13:10:00,PT5M,91.103,100.0,100.0,79.5519,69.1555
772,775,471,327,38,0.15,27.6,5.0,228,2026-09-10 13:15:00,PT5M,90.381,100.0,100.0,78.5936,67.9845
762,765,462,328,38,0.15,27.6,5.0,227,2026-09-10 13:20:00,PT5M,89.623,100.0,100.0,77.5885,66.757
751,754,453,329,38,0.15,27.5,5.0,227,2026-09-10 13:25:00,PT5M,88.831,100.0,100.0,76.6175,65.625
740,743,443,330,38,0.15,27.5,5.1,227,2026-09-10 13:30:00,PT5M,88.005,100.0,100.0,75.5307,64.3035
728,731,434,331,38,0.15,27.5,5.1,226,2026-09-10 13:35:00,PT5M,87.117,100.0,99.866,74.368,62.8935
716,719,423,332,38,0.15,27.6,5.2,226,2026-09-10 13:40:00,PT5M,86.169,100.0,99.2059,73.1321,61.3985
703,706,413,332,38,0.15,27.8,5.3,226,2026-09-10 13:45:00,PT5M,85.187,100.0,98.5178,71.8562,59.858
690,693,403,332,38,0.15,27.9,5.3,225,2026-09-10 13:50:00,PT5M,84.176,100.0,97.8063,70.5457,58.278
677,680,393,332,38,0.15,28.0,5.4,225,2026-09-10 13:55:00,PT5M,83.129,100.0,97.0654,69.1926,56.6495
664,667,383,331,38,0.15,28.1,5.4,225,2026-09-10 14:00:00,PT5M,82.046,100.0,96.2892,67.8028,54.9835
650,653,374,330,38,0.15,28.2,5.5,224,2026-09-10 14:05:00,PT5M,80.926,100.0,95.4658,66.3862,53.3
636,639,364,329,38,0.15,28.4,5.6,224,2026-09-10 14:10:00,PT5M,79.732,100.0,94.5728,64.8912,51.534
622,625,354,327,38,0.15,28.5,5.6,224,2026-09-10 14:15:00,PT5M,78.541,100.0,93.6865,63.3955,49.764
608,611,344,326,38,0.15,28.6,5.7,224,2026-09-10 14:20:00,PT5M,77.313,100.0,92.7651,61.8609,47.9535
593,596,334,323,38,0.15,28.7,5.8,223,2026-09-10 14:25:00,PT5M,76.043,100.0,91.6848,60.4012,46.323
578,581,323,321,38,0.15,28.9,5.8,223,2026-09-10 14:30:00,PT5M,74.685,100.0,90.5095,58.8605,44.618
562,565,310,319,38,0.15,29.1,5.9,223,2026-09-10 14:35:00,PT5M,73.092,100.0,89.1304,57.0536,42.6185
545,547,295,318,37,0.15,29.4,6.0,223,2026-09-10 14:40:00,PT5M,71.259,100.0,87.5385,54.9795,40.3275
527,530,279,316,37,0.15,29.7,6.1,224,2026-09-10 14:45:00,PT5M,69.38,100.0,85.8889,52.8711,38.0125
509,512,264,314,37,0.15,30.1,6.2,224,2026-09-10 14:50:00,PT5M,67.457,99.2365,84.1828,50.7312,35.6775
492,495,249,311,37,0.15,30.4,6.2,225,2026-09-10 14:55:00,PT5M,65.488,97.654,82.4172,48.5588,33.322
475,477,235,308,37,0.15,30.7,6.3,225,2026-09-10 15:00:00,PT5M,63.475,95.9995,80.5929,46.3571,30.9505
457,460,221,304,37,0.15,31.1,6.4,225,2026-09-10 15:05:00,PT5M,61.452,94.3055,78.743,44.161,28.5985
440,443,207,299,37,0.15,31.4,6.5,225,2026-09-10 15:10:00,PT5M,59.455,92.5935,76.896,42.014,26.3165
423,426,195,295,37,0.15,31.8,6.6,226,2026-09-10 15:15:00,PT5M,57.412,90.8035,74.9862,39.8378,24.0205
407,409,182,289,37,0.15,32.1,6.7,226,2026-09-10 15:20:00,PT5M,55.325,88.936,73.0147,37.6353,21.714
390,392,169,284,36,0.15,32.5,6.7,226,2026-09-10 15:25:00,PT5M,53.187,86.9835,70.9743,35.3997,19.3905
374,376,157,278,36,0.15,32.9,6.8,227,2026-09-10 15:30:00,PT5M,50.995,84.9385,68.8597,33.1303,17.0515
359,361,148,271,36,0.15,33.2,6.9,227,2026-09-10 15:35:00,PT5M,49.118,83.0705,66.9874,31.2486,15.1655
345,347,142,263,36,0.15,33.4,6.9,227,2026-09-10 15:40:00,PT5M,47.546,81.3705,65.3481,29.7439,13.7215
332,334,135,256,36,0.15,33.7,6.9,227,2026-09-10 15:45:00,PT5M,45.917,79.56,63.6236,28.2104,12.274
318,320,129,248,36,0.15,34.0,6.9,227,2026-09-10 15:50:00,PT5M,44.245,77.6015,61.8008,26.6892,10.8885
304,306,122,240,36,0.15,34.2,6.9,227,2026-09-10 15:55:00,PT5M,42.496,75.4795,59.8555,25.1365,9.5125
290,292,114,232,36,0.15,34.5,6.9,227,2026-09-10 16:00:00,PT5M,40.674,73.2015,57.7935,23.5545,8.1465
276,278,107,224,35,0.15,34.8,6.9,227,2026-09-10 16:05:00,PT5M,39.002,70.999,55.8422,22.1618,7.005
262,264,99,216,35,0.15,35.1,6.9,228,2026-09-10 16:10:00,PT5M,37.042,68.407,53.5496,20.5344,5.677
248,250,92,207,35,0.15,35.4,6.9,228,2026-09-10 16:15:00,PT5M,35.019,65.7245,51.1795,18.8585,4.3135
234,235,83,198,35,0.15,35.6,6.9,228,2026-09-10 16:20:00,PT5M,32.936,62.9235,48.7186,17.1534,2.9485
220,221,75,190,35,0.15,35.9,6.9,228,2026-09-10 16:25:00,PT5M,30.791,59.416,45.8565,15.7255,2.166
206,207,67,180,35,0.15,36.2,6.9,228,2026-09-10 16:30:00,PT5M,28.535,55.095,42.5137,14.5563,1.975
193,194,60,171,35,0.15,36.6,6.8,228,2026-09-10 16:35:00,PT5M,26.409,51.044,39.3746,13.4434,1.774
180,181,54,161,34,0.15,37.2,6.8,227,2026-09-10 16:40:00,PT5M,24.428,47.232,36.4299,12.4261,1.624
167,168,48,151,34,0.15,37.8,6.8,226,2026-09-10 16:45:00,PT5M,22.431,43.4135,33.4742,11.3878,1.4485
154,155,41,142,34,0.15,38.4,6.7,226,2026-09-10 16:50:00,PT5M,20.417,39.5865,30.506,10.328,1.2475
141,142,34,132,34,0.15,39.0,6.7,225,2026-09-10 16:55:00,PT5M,18.397,35.7725,27.5418,9.2522,1.0215
129,129,27,122,33,0.15,39.6,6.7,225,2026-09-10 17:00:00,PT5M,16.405,32.016,24.6212,8.1888,0.794
116,117,18,112,33,0.15,40.2,6.6,224,2026-09-10 17:05:00,PT5M,14.546,28.44,21.8585,7.2335,0.652
103,104,7,102,33,0.15,40.9,6.6,223,2026-09-10 17:10:00,PT5M,12.468,24.7395,18.9266,6.0094,0.1965
91,91,0,91,33,0.15,41.5,6.6,223,2026-09-10 17:15:00,PT5M,10.719,21.4545,16.3692,5.0688,0.0
78,79,0,79,32,0.15,42.2,6.5,222,2026-09-10 17:20:00,PT5M,9.149,18.3945,14.015,4.283,0.0
67,67,0,67,32,0.15,42.8,6.5,222,2026-09-10 17:25:00,PT5M,7.734,15.495,11.8187,3.6493,0.0
56,56,0,56,32,0.15,43.5,6.5,221,2026-09-10 17:30:00,PT5M,6.433,12.718,9.7408,3.1252,0.148
45,45,0,45,32,0.15,44.1,6.4,220,2026-09-10 17:35:00,PT5M,5.073,9.9365,7.6327,2.5133,0.2095
35,35,0,35,32,0.15,44.7,6.4,220,2026-09-10 17:40:00,PT5M,3.775,7.314,5.6376,1.9124,0.236
26,26,0,26,31,0.15,45.3,6.4,220,2026-09-10 17:45:00,PT5M,2.697,5.161,3.9938,1.4002,0.233
18,18,0,18,31,0.15,45.8,6.4,220,2026-09-10 17:50:00,PT5M,1.722,3.2165,2.5086,0.9354,0.2275
11,12,0,12,31,0.15,46.4,6.4,220,2026-09-10 17:55:00,PT5M,0.835,1.692,1.286,0.384,0.0
6,6,0,6,31,0.15,47.0,6.3,219,2026-09-10 18:00:00,PT5M,0.001,0.231,0.1221,0.0,0.0
1,1,0,1,31,0.15,47.6,6.3,219,2026-09-10 18:05:00,PT5M,0.0,0.0,0.0,0.0,0.0
0,0,0,0,31,0.15,48.2,6.3,219,2026-09-10 18:10:00,PT5M,0.0,0.0,0.0,0.0,0.0
0,0,0,0,30,0.15,48.8,6.3,219,2026-09-10 18:15:00,PT5M,0.0,0.0,0.0,0.0,0.0
0,0,0,0,30,0.15,49.5,6.3,218,2026-09-10 18:20:00,PT5M,0.0,0.0,0.0,0.0,0.0
0,0,0,0,30,0.15,50.1,6.2,218,2026-09-10 18:25:00,PT5M,0.0,0.0,0.0,0.0,0.0
0,0,0,0,30,0.15,50.7,6.2,218,2026-09-10 18:30:00,PT5M,0.0,0.0,0.0,0.0,0.0
0,0,0,0,30,0.15,51.4,6.2,218,2026-09-10 18:35:00,PT5M,0.0,0.0,0.0,0.0,0.0
0,0,0,0,30,0.15,52.0,6.1,218,2026-09-10 18:40:00,PT5M,0.0,0.0,0.0,0.0,0.0
0,0,0,0,30,0.15,52.6,6.0,218,2026-09-10 18:45:00,PT5M,0.0,0.0,0.0,0.0,0.0
0,0,0,0,29,0.15,53.3,6.0,219,2026-09-10 18:50:00,PT5M,0.0,0.0,0.0,0.0,0.0
0,0,0,0,29,0.15,53.9,5.9,219,2026-09-10 18:55:00,PT5M,0.0,0.0,0.0,0.0,0.0
0,0,0,0,29,0.15,54.6,5.9,219,2026-09-10 19:00:00,PT5M,0.0,0.0,0.0,0.0,0.0
0,0,0,0,29,0.15,55.2,5.8,220,2026-09-10 19:05:00,PT5M,0.0,0.0,0.0,0.0,0.0
0,0,0,0,29,0.15,55.9,5.7,220,2026-09-10 19:10:00,PT5M,0.0,0.0,0.0,0.0,0.0
0,0,0,0,29,0.15,56.6,5.7,220,2026-09-10 19:15:00,PT5M,0.0,0.0,0.0,0.0,0.0
0,0,0,0,29,0.15,57.2,5.6,220,2026-09-10 19:20:00,PT5M,0.0,0.0,0.0,0.0,0.0
0,0,0,0,29,0.15,57.9,5.5,221,2026-09-10 19:25:00,PT5M,0.0,0.0,0.0,0.0,0.0
0,0,0,0,29,0.15,58.6,5.5,221,2026-09-10 19:30:00,PT5M,0.0,0.0,0.0,0.0,0.0
0,0,0,0,29,0.15,59.1,5.4,221,2026-09-10 19:35:00,PT5M,0.0,0.0,0.0,0.0,0.0
0,0,0,0,29,0.15,59.2,5.4,222,2026-09-10 19:40:00,PT5M,0.0,0.0,0.0,0.0,0.0
0,0,0,0,29,0.15,59.4,5.3,222,2026-09-10 19:45:00,PT5M,0.0,0.0,0.0,0.0,0.0
0,0,0,0,28,0.15,59.6,5.3,222,2026-09-10 19:50:00,PT5M,0.0,0.0,0.0,0.0,0.0
0,0,0,0,28,0.15,59.8,5.2,223,2026-09-10 19:55:00,PT5M,0.0,0.0,0.0,0.0,0.0
0,0,0,0,28,0.15,59.9,5.2,223,2026-09-10 20:00:00,PT5M,0.0,0.0,0.0,0.0,0.0
0,0,0,0,28,0.15,60.1,5.1,223,2026-09-10 20:05:00,PT5M,0.0,0.0,0.0,0.0,0.0
0,0,0,0,28,0.15,60.3,5.0,223,2026-09-10 20:10:00,PT5M,0.0,0.0,0.0,0.0,0.0
0,0,0,0,28,0.15,60.5,5.0,224,2026-09-10 20:15:00,PT5M,0.0,0.0,0.0,0.0,0.0
0,0,0,0,28,0.15,60.6,4.9,224,2026-09-10 20:20:00,PT5M,0.0,0.0,0.0,0.0,0.0
0,0,0,0,28,0.15,60.8,4.9,224,2026-09-10 20:25:00,PT5M,0.0,0.0,0.0,0.0,0.0
0,0,0,0,28,0.15,61.0,4.8,225,2026-09-10 20:30:00,PT5M,0.0,0.0,0.0,0.0,0.0
0,0,0,0,28,0.15,61.2,4.8,225,2026-09-10 20:35:00,PT5M,0.0,0.0,0.0,0.0,0.0
0,0,0,0,28,0.15,61.4,4.8,225,2026-09-10 20:40:00,PT5M,0.0,0.0,0.0,0.0,0.0
0,0,0,0,28,0.15,61.6,4.8,225,2026-09-10 20:45:00,PT5M,0.0,0.0,0.0,0.0,0.0
0,0,0,0,28,0.15,61.8,4.7,225,2026-09-10 20:50:00,PT5M,0.0,0.0,0.0,0.0,0.0
0,0,0,0,28,0.15,62.0,4.7,225,2026-09-10 20:55:00,PT5M,0.0,0.0,0.0,0.0,0.0
0,0,0,0,28,0.15,62.3,4.7,225,2026-09-10 21:00:00,PT5M,0.0,0.0,0.0,0.0,0.0
0,0,0,0,28,0.15,62.5,4.7,225,2026-09-10 21:05:00,PT5M,0.0,0.0,0.0,0.0,0.0
0,0,0,0,28,0.15,62.7,4.7,226,2026-09-10 21:10:00,PT5M,0.0,0.0,0.0,0.0,0.0
0,0,0,0,28,0.15,62.9,4.7,226,2026-09-10 21:15:00,PT5M,0.0,0.0,0.0,0.0,0.0
0,0,0,0,28,0.15,63.1,4.6,226,2026-09-10 21:20:00,PT5M,0.0,0.0,0.0,0.0,0.0
0,0,0,0,28,0.15,63.3,4.6,226,2026-09-10 21:25:00,PT5M,0.0,0.0,0.0,0.0,0.0
0,0,0,0,28,0.15,63.6,4.6,226,2026-09-10 21:30:00,PT5M,0.0,0.0,0.0,0.0,0.0
0,0,0,0,28,0.15,63.7,4.6,226,2026-09-10 21:35:00,PT5M,0.0,0.0,0.0,0.0,0.0
0,0,0,0,27,0.15,63.7,4.6,226,2026-09-10 21:40:00,PT5M,0.0,0.0,0.0,0.0,0.0
0,0,0,0,27,0.15,63.7,4.5,226,2026-09-10 21:45:00,PT5M,0.0,0.0,0.0,0.0,0.0
0,0,0,0,27,0.15,63.6,4.5,226,2026-09-10 21:50:00,PT5M,0.0,0.0,0.0,0.0,0.0
0,0,0,0,27,0.15,63.6,4.5,226,2026-09-10 21:55:00,PT5M,0.0,0.0,0.0,0.0,0.0
0,0,0,0,27,0.15,63.6,4.4,225,2026-09-10 22:00:00,PT5M,0.0,0.0,0.0,0.0,0.0
0,0,0,0,27,0.15,63.6,4.4,225,2026-09-10 22:05:00,PT5M,0.0,0.0,0.0,0.0,0.0
0,0,0,0,27,0.15,63.6,4.4,225,2026-09-10 22:10:00,PT5M,0.0,0.0,0.0,0.0,0.0
0,0,0,0,27,0.15,63.6,4.3,225,2026-09-10 22:15:00,PT5M,0.0,0.0,0.0,0.0,0.0
0,0,0,0,27,0.15,63.6,4.3,225,2026-09-10 22:20:00,PT5M,0.0,0.0,0.0,0.0,0.0
0,0,0,0,27,0.15,63.6,4.3,225,2026-09-10 22:25:00,PT5M,0.0,0.0,0.0,0.0,0.0
0,0,0,0,27,0.15,63.6,4.3,225,2026-09-10 22:30:00,PT5M,0.0,0.0,0.0,0.0,0.0
0,0,0,0,27,0.15,63.7,4.2,225,2026-09-10 22:35:00,PT5M,0.0,0.0,0.0,0.0,0.0
0,0,0,0,27,0.15,63.9,4.2,225,2026-09-10 22:40:00,PT5M,0.0,0.0,0.0,0.0,0.0
0,0,0,0,27,0.15,64.1,4.2,225,2026-09-10 22:45:00,PT5M,0.0,0.0,0.0,0.0,0.0
0,0,0,0,27,0.15,64.4,4.2,225,2026-09-10 22:50:00,PT5M,0.0,0.0,0.0,0.0,0.0
0,0,0,0,27,0.15,64.6,4.2,225,2026-09-10 22:55:00,PT5M,0.0,0.0,0.0,0.0,0.0
0,0,0,0,27,0.15,64.8,4.2,225,2026-09-10 23:00:00,PT5M,0.0,0.0,0.0,0.0,0.0
0,0,0,0,27,0.15,65.0,4.2,225,2026-09-10 23:05:00,PT5M,0.0,0.0,0.0,0.0,0.0
0,0,0,0,27,0.15,65.3,4.2,225,2026-09-10 23:10:00,PT5M,0.0,0.0,0.0,0.0,0.0
0,0,0,0,27,0.15,65.5,4.1,225,2026-09-10 23:15:00,PT5M,0.0,0.0,0.0,0.0,0.0
0,0,0,0,27,0.15,65.7,4.1,225,2026-09-10 23:20:00,PT5M,0.0,0.0,0.0,0.0,0.0
0,0,0,0,27,0.15,66.0,4.1,225,2026-09-10 23:25:00,PT5M,0.0,0.0,0.0,0.0,0.0
0,0,0,0,27,0.15,66.2,4.1,225,2026-09-10 23:30:00,PT5M,0.0,0.0,0.0,0.0,0.0
0,0,0,0,27,0.15,66.4,4.1,225,2026-09-10 23:35:00,PT5M,0.0,0.0,0.0,0.0,0.0
0,0,0,0,27,0.15,66.7,4.1,225,2026-09-10 23:40:00,PT5M,0.0,0.0,0.0,0.0,0.0
0,0,0,0,27,0.15,66.9,4.0,225,2026-09-10 23:45:00,PT5M,0.0,0.0,0.0,0.0,0.0
0,0,0,0,27,0.15,67.1,4.0,226,2026-09-10 23:50:00,PT5M,0.0,0.0,0.0,0.0,0.0
0,0,0,0,27,0.15,67.4,4.0,226,2026-09-10 23:55:00,PT5M,0.0,0.0,0.0,0.0,0.0
0,0,0,0,27,0.15,67.6,4.0,226,2026-09-11 00:00:00,PT5M,0.0,0.0,0.0,0.0,0.0
0,0,0,0,26,0.15,67.8,3.9,226,2026-09-11 00:05:00,PT5M,0.0,0.0,0.0,0.0,0.0
0,0,0,0,26,0.15,68.1,3.9,226,2026-09-11 00:10:00,PT5M,0.0,0.0,0.0,0.0,0.0
0,0,0,0,26,0.15,68.3,3.9,226,2026-09-11 00:15:00,PT5M,0.0,0.0,0.0,0.0,0.0
0,0,0,0,26,0.15,68.6,3.9,227,2026-09-11 00:20:00,PT5M,0.0,0.0,0.0,0.0,0.0
0,0,0,0,26,0.15,68.8,3.9,227,2026-09-11 00:25:00,PT5M,0.0,0.0,0.0,0.0,0.0
0,0,0,0,26,0.15,69.1,3.8,227,2026-09-11 00:30:00,PT5M,0.0,0.0,0.0,0.0,0.0
0,0,0,0,26,0.15,69.2,3.8,227,2026-09-11 00:35:00,PT5M,0.0,0.0,0.0,0.0,0.0
0,0,0,0,26,0.15,69.2,3.8,227,2026-09-11 00:40:00,PT5M,0.0,0.0,0.0,0.0,0.0
0,0,0,0,26,0.15,69.3,3.8,227,2026-09-11 00:45:00,PT5M,0.0,0.0,0.0,0.0,0.0
0,0,0,0,26,0.15,69.3,3.8,227,2026-09-11 00:50:00,PT5M,0.0,0.0,0.0,0.0,0.0
0,0,0,0,26,0.15,69.3,3.7,228,2026-09-11 00:55:00,PT5M,0.0,0.0,0.0,0.0,0.0
0,0,0,0,26,0.15,69.4,3.7,228,2026-09-11 01:00:00,PT5M,0.0,0.0,0.0,0.0,0.0
0,0,0,0,26,0.15,69.4,3.7,228,2026-09-11 01:05:00,PT5M,0.0,0.0,0.0,0.0,0.0
0,0,0,0,26,0.15,69.4,3.7,228,2026-09-11 01:10:00,PT5M,0.0,0.0,0.0,0.0,0.0
0,0,0,0,26,0.15,69.5,3.7,228,2026-09-11 01:15:00,PT5M,0.0,0.0,0.0,0.0,0.0
0,0,0,0,26,0.15,69.5,3.7,228,2026-09-11 01:20:00,PT5M,0.0,0.0,0.0,0.0,0.0
0,0,0,0,26,0.15,69.5,3.6,228,2026-09-11 01:25:00,PT5M,0.0,0.0,0.0,0.0,0.0
0,0,0,0,26,0.15,69.6,3.6,228,2026-09-11 01:30:00,PT5M,0.0,0.0,0.0,0.0,0.0
0,0,0,0,26,0.15,69.7,3.6,228,2026-09-11 01:35:00,PT5M,0.0,0.0,0.0,0.0,0.0
0,0,0,0,26,0.15,69.8,3.6,228,2026-09-11 01:40:00,PT5M,0.0,0.0,0.0,0.0,0.0
0,0,0,0,26,0.15,69.9,3.6,227,2026-09-11 01:45:00,PT5M,0.0,0.0,0.0,0.0,0.0
0,0,0,0,26,0.15,70.1,3.6,227,2026-09-11 01:50:00,PT5M,0.0,0.0,0.0,0.0,0.0
0,0,0,0,26,0.15,70.2,3.6,226,2026-09-11 01:55:00,PT5M,0.0,0.0,0.0,0.0,0.0
0,0,0,0,26,0.15,70.4,3.6,226,2026-09-11 02:00:00,PT5M,0.0,0.0,0.0,0.0,0.0
0,0,0,0,26,0.15,70.5,3.6,225,2026-09-11 02:05:00,PT5M,0.0,0.0,0.0,0.0,0.0
0,0,0,0,26,0.15,70.6,3.7,225,2026-09-11 02:10:00,PT5M,0.0,0.0,0.0,0.0,0.0
0,0,0,0,26,0.15,70.8,3.7,224,2026-09-11 02:15:00,PT5M,0.0,0.0,0.0,0.0,0.0
0,0,0,0,26,0.15,70.9,3.7,224,2026-09-11 02:20:00,PT5M,0.0,0.0,0.0,0.0,0.0
0,0,0,0,26,0.15,71.1,3.7,223,2026-09-11 02:25:00,PT5M,0.0,0.0,0.0,0.0,0.0
0,0,0,0,26,0.15,71.2,3.7,223,2026-09-11 02:30:00,PT5M,0.0,0.0,0.0,0.0,0.0
0,0,0,0,26,0.15,71.4,3.7,223,2026-09-11 02:35:00,PT5M,0.0,0.0,0.0,0.0,0.0
0,0,0,0,26,0.15,71.6,3.7,223,2026-09-11 02:40:00,PT5M,0.0,0.0,0.0,0.0,0.0
0,0,0,0,26,0.15,71.7,3.7,223,2026-09-11 02:45:00,PT5M,0.0,0.0,0.0,0.0,0.0
0,0,0,0,26,0.15,71.9,3.7,223,2026-09-11 02:50:00,PT5M,0.0,0.0,0.0,0.0,0.0
0,0,0,0,26,0.15,72.1,3.7,223,2026-09-11 02:55:00,PT5M,0.0,0.0,0.0,0.0,0.0
0,0,0,0,26,0.15,72.3,3.6,223,2026-09-11 03:00:00,PT5M,0.0,0.0,0.0,0.0,0.0
0,0,0,0,26,0.15,72.4,3.6,223,2026-09-11 03:05:00,PT5M,0.0,0.0,0.0,0.0,0.0
0,0,0,0,26,0.15,72.6,3.6,223,2026-09-11 03:10:00,PT5M,0.0,0.0,0.0,0.0,0.0
0,0,0,0,26,0.15,72.8,3.6,224,2026-09-11 03:15:00,PT5M,0.0,0.0,0.0,0.0,0.0
0,0,0,0,26,0.15,73.0,3.6,224,2026-09-11 03:20:00,PT5M,0.0,0.0,0.0,0.0,0.0
0,0,0,0,26,0.15,73.2,3.6,224,2026-09-11 03:25:00,PT5M,0.0,0.0,0.0,0.0,0.0
0,0,0,0,26,0.15,73.4,3.6,224,2026-09-11 03:30:00,PT5M,0.0,0.0,0.0,0.0,0.0
0,0,0,0,26,0.15,73.6,3.6,224,2026-09-11 03:35:00,PT5M,0.0,0.0,0.0,0.0,0.0
0,0,0,0,26,0.15,73.8,3.6,224,2026-09-11 03:40:00,PT5M,0.0,0.0,0.0,0.0,0.0
0,0,0,0,26,0.15,74.1,3.6,224,2026-09-11 03:45:00,PT5M,0.0,0.0,0.0,0.0,0.0
0,0,0,0,26,0.15,74.4,3.6,224,2026-09-11 03:50:00,PT5M,0.0,0.0,0.0,0.0,0.0
0,0,0,0,26,0.15,74.6,3.6,224,2026-09-11 03:55:00,PT5M,0.0,0.0,0.0,0.0,0.0
0,0,0,0,25,0.15,74.9,3.6,224,2026-09-11 04:00:00,PT5M,0.0,0.0,0.0,0.0,0.0
0,0,0,0,25,0.15,75.1,3.6,224,2026-09-11 04:05:00,PT5M,0.0,0.0,0.0,0.0,0.0
0,0,0,0,25,0.15,75.4,3.6,225,2026-09-11 04:10:00,PT5M,0.0,0.0,0.0,0.0,0.0
0,0,0,0,25,0.15,75.7,3.6,225,2026-09-11 04:15:00,PT5M,0.0,0.0,0.0,0.0,0.0
0,0,0,0,25,0.15,75.9,3.6,225,2026-09-11 04:20:00,PT5M,0.0,0.0,0.0,0.0,0.0
0,0,0,0,25,0.15,76.2,3.5,225,2026-09-11 04:25:00,PT5M,0.0,0.0,0.0,0.0,0.0
0,0,0,0,25,0.15,76.5,3.5,225,2026-09-11 04:30:00,PT5M,0.0,0.0,0.0,0.0,0.0
0,0,0,0,25,0.15,76.6,3.5,225,2026-09-11 04:35:00,PT5M,0.0,0.0,0.0,0.0,0.0
0,0,0,0,25,0.15,76.7,3.5,225,2026-09-11 04:40:00,PT5M,0.0,0.0,0.0,0.0,0.0
0,0,0,0,25,0.15,76.7,3.5,225,2026-09-11 04:45:00,PT5M,0.0,0.0,0.0,0.0,0.0
0,0,0,0,25,0.15,76.8,3.5,225,2026-09-11 04:50:00,PT5M,0.0,0.0,0.0,0.0,0.0
0,0,0,0,25,0.15,76.8,3.5,225,2026-09-11 04:55:00,PT5M,0.0,0.0,0.0,0.0,0.0
0,0,0,0,25,0.15,76.8,3.5,226,2026-09-11 05:00:00,PT5M,0.0,0.0,0.0,0.0,0.0
0,0,0,0,25,0.15,76.9,3.5,226,2026-09-11 05:05:00,PT5M,0.0,0.0,0.0,0.0,0.0
0,0,0,0,25,0.15,76.9,3.5,226,2026-09-11 05:10:00,PT5M,0.0,0.0,0.0,0.0,0.0
0,0,0,0,25,0.15,76.9,3.5,226,2026-09-11 05:15:00,PT5M,0.0,0.0,0.0,0.0,0.0
0,0,0,0,25,0.15,77.0,3.5,226,2026-09-11 05:20:00,PT5M,0.0,0.0,0.0,0.0,0.0
0,0,0,0,25,0.15,77.0,3.5,226,2026-09-11 05:25:00,PT5M,0.0,0.0,0.0,0.0,0.0
0,0,0,0,25,0.15,77.1,3.5,226,2026-09-11 05:30:00,PT5M,0.0,0.0,0.0,0.0,0.0
0,0,0,0,25,0.15,77.0,3.5,226,2026-09-11 05:35:00,PT5M,0.0,0.0,0.0,0.0,0.0
0,0,0,0,25,0.15,76.9,3.5,226,2026-09-11 05:40:00,PT5M,0.0,0.0,0.0,0.0,0.0
0,0,0,0,25,0.15,76.8,3.5,226,2026-09-11 05:45:00,PT5M,0.0,0.0,0.0,0.0,0.0
0,0,0,0,25,0.15,76.7,3.4,227,2026-09-11 05:50:00,PT5M,0.0,0.0,0.0,0.0,0.0
0,0,0,0,25,0.15,76.6,3.4,227,2026-09-11 05:55:00,PT5M,0.0,0.0,0.0,0.0,0.0
0,0,0,0,25,0.15,76.4,3.4,227,2026-09-11 06:00:00,PT5M,0.0,0.0,0.0,0.0,0.0
5,5,0,5,25,0.15,76.3,3.4,227,2026-09-11 06:05:00,PT5M,0.0,0.0365,0.0192,0.0,0.0
12,12,0,12,25,0.15,76.2,3.4,227,2026-09-11 06:10:00,PT5M,0.938,1.4935,1.2304,0.6456,0.3825
21,21,0,21,25,0.15,76.1,3.4,227,2026-09-11 06:15:00,PT5M,2.097,3.211,2.6833,1.5107,0.983
30,31,0,31,25,0.15,76.0,3.4,227,2026-09-11 06:20:00,PT5M,3.37,5.5525,4.5187,2.2213,1.1875
41,42,13,40,25,0.15,75.9,3.4,227,2026-09-11 06:25:00,PT5M,4.925,8.3955,6.7515,3.0985,1.4545
53,54,38,49,25,0.15,75.8,3.4,227,2026-09-11 06:30:00,PT5M,7.025,11.949,9.6165,4.4335,2.101
66,67,69,57,26,0.15,75.4,3.4,228,2026-09-11 06:35:00,PT5M,9.743,16.2655,13.1758,6.3102,3.2205
81,82,105,65,26,0.15,74.8,3.4,228,2026-09-11 06:40:00,PT5M,12.905,21.1155,17.2262,8.5838,4.6945
97,99,141,72,26,0.15,74.1,3.4,229,2026-09-11 06:45:00,PT5M,16.504,26.365,21.6939,11.3141,6.643
114,116,179,78,26,0.15,73.5,3.5,229,2026-09-11 06:50:00,PT5M,20.429,31.869,26.45,14.408,8.989
132,134,217,84,26,0.15,72.9,3.5,230,2026-09-11 06:55:00,PT5M,24.65,37.673,31.5041,17.7959,11.627
151,154,256,89,26,0.15,72.3,3.5,230,2026-09-11 07:00:00,PT5M,29.235,43.906,36.9565,21.5135,14.564
170,173,290,94,26,0.15,71.7,3.5,230,2026-09-11 07:05:00,PT5M,33.898,50.3045,42.5329,25.2631,17.4915
189,192,321,98,26,0.15,71.1,3.5,231,2026-09-11 07:10:00,PT5M,38.723,56.9145,48.2973,29.1487,20.5315
209,213,352,102,27,0.15,70.5,3.6,231,2026-09-11 07:15:00,PT5M,43.746,63.7365,54.2671,33.2249,23.7555
229,233,383,105,27,0.15,69.9,3.6,232,2026-09-11 07:20:00,PT5M,48.96,70.755,60.4309,37.4891,27.165
250,254,413,107,27,0.15,69.3,3.6,232,2026-09-11 07:25:00,PT5M,54.328,77.81,66.6867,41.9693,30.846
271,276,444,109,27,0.15,68.7,3.6,233,2026-09-11 07:30:00,PT5M,59.853,84.7845,72.9746,46.7314,34.9215
291,296,465,112,27,0.15,67.9,3.6,233,2026-09-11 07:35:00,PT5M,64.823,91.3425,78.7804,50.8656,38.3035
310,314,476,116,27,0.15,66.9,3.7,233,2026-09-11 07:40:00,PT5M,69.142,97.471,84.0518,54.2322,40.813
328,333,487,121,28,0.15,65.9,3.7,233,2026-09-11 07:45:00,PT5M,73.095,100.0,88.8584,57.3316,43.144
346,351,497,125,28,0.15,64.9,3.7,234,2026-09-11 07:50:00,PT5M,74.995,100.0,90.8874,59.1026,44.799
365,369,507,129,28,0.15,63.9,3.7,234,2026-09-11 07:55:00,PT5M,76.812,100.0,92.902,60.722,46.2405
383,387,516,133,28,0.15,62.9,3.7,234,2026-09-11 08:00:00,PT5M,78.537,100.0,94.7328,62.3412,47.7645
401,406,525,137,28,0.15,62.0,3.7,234,2026-09-11 08:05:00,PT5M,80.159,100.0,96.4429,63.8751,49.219
419,423,533,141,28,0.15,61.0,3.7,235,2026-09-11 08:10:00,PT5M,81.728,100.0,98.0769,65.3791,50.6645
437,441,541,145,29,0.15,60.1,3.7,235,2026-09-11 08:15:00,PT5M,83.097,100.0,99.517,66.677,51.8985
454,459,548,148,29,0.15,59.2,3.7,235,2026-09-11 08:20:00,PT5M,84.326,100.0,100.0,67.9,53.116
472,476,555,152,29,0.15,58.3,3.7,236,2026-09-11 08:25:00,PT5M,85.386,100.0,100.0,68.9984,54.249
489,493,561,156,29,0.15,57.4,3.7,236,2026-09-11 08:30:00,PT5M,86.332,100.0,100.0,70.0102,55.32
505,510,567,159,29,0.15,56.5,3.8,236,2026-09-11 08:35:00,PT5M,87.226,100.0,100.0,70.98,56.358
522,527,573,163,30,0.15,55.6,3.8,236,2026-09-11 08:40:00,PT5M,88.074,100.0,100.0,71.9106,57.363
539,543,579,166,30,0.15,54.8,3.8,237,2026-09-11 08:45:00,PT5M,88.869,100.0,100.0,72.7932,58.3245
555,559,584,169,30,0.15,53.9,3.8,237,2026-09-11 08:50:00,PT5M,89.615,100.0,100.0,73.6271,59.2375
571,575,589,172,30,0.15,53.1,3.9,237,2026-09-11 08:55:00,PT5M,90.322,100.0,100.0,74.5675,60.388
586,590,594,175,30,0.15,52.3,3.9,237,2026-09-11 09:00:00,PT5M,90.991,100.0,100.0,75.4786,61.517
602,606,599,178,31,0.15,51.5,3.9,238,2026-09-11 09:05:00,PT5M,91.695,100.0,100.0,76.4258,62.683
618,622,606,180,31,0.15,50.7,4.0,238,2026-09-11 09:10:00,PT5M,92.427,100.0,100.0,77.4017,63.8785
633,637,612,181,31,0.15,49.9,4.0,238,2026-09-11 09:15:00,PT5M,93.126,100.0,100.0,78.3373,65.027
648,652,618,183,31,0.15,49.1,4.0,238,2026-09-11 09:20:00,PT5M,93.792,100.0,100.0,79.2328,66.129
663,667,624,185,31,0.15,48.4,4.0,239,2026-09-11 09:25:00,PT5M,94.428,100.0,100.0,80.0911,67.1875
678,682,630,187,32,0.15,47.6,4.1,239,2026-09-11 09:30:00,PT5M,95.035,100.0,100.0,80.9131,68.203
692,696,635,188,32,0.15,46.9,4.1,239,2026-09-11 09:35:00,PT5M,95.615,100.0,100.0,81.715,69.2045
706,709,640,189,32,0.15,46.2,4.1,239,2026-09-11 09:40:00,PT5M,96.168,100.0,100.0,82.4964,70.1915
719,723,645,191,32,0.15,45.4,4.0,239,2026-09-11 09:45:00,PT5M,96.668,100.0,100.0,83.2137,71.1045
732,735,649,192,32,0.15,44.7,4.0,239,2026-09-11 09:50:00,PT5M,97.109,100.0,100.0,83.8603,71.936
744,748,652,194,33,0.15,44.1,4.0,238,2026-09-11 09:55:00,PT5M,97.529,100.0,100.0,84.4787,72.733
756,759,656,195,33,0.15,43.4,4.0,238,2026-09-11 10:00:00,PT5M,97.928,100.0,100.0,85.0687,73.495
767,771,659,197,33,0.15,42.7,4.0,238,2026-09-11 10:05:00,PT5M,98.305,100.0,100.0,85.6271,74.2165
779,782,663,198,33,0.15,42.1,4.0,238,2026-09-11 10:10:00,PT5M,98.659,100.0,100.0,86.1547,74.9005
789,793,666,199,33,0.15,41.4,4.0,238,2026-09-11 10:15:00,PT5M,98.992,100.0,100.0,86.654,75.5495
800,803,669,201,34,0.15,40.8,3.9,238,2026-09-11 10:20:00,PT5M,99.302,100.0,100.0,87.1227,76.161
809,813,672,202,34,0.15,40.2,3.9,238,2026-09-11 10:25:00,PT5M,99.594,100.0,100.0,87.5668,76.742
819,822,675,202,34,0.15,39.6,3.9,238,2026-09-11 10:30:00,PT5M,99.868,100.0,100.0,87.9866,77.293
827,830,675,205,34,0.15,39.0,3.9,238,2026-09-11 10:35:00,PT5M,99.99,100.0,100.0,88.206,77.6
833,836,671,209,34,0.15,38.5,3.9,237,2026-09-11 10:40:00,PT5M,99.964,100.0,100.0,88.2297,77.6685
839,842,668,213,34,0.15,38.0,3.9,237,2026-09-11 10:45:00,PT5M,99.92,100.0,100.0,88.2294,77.7075
844,847,665,216,35,0.15,37.5,4.0,237,2026-09-11 10:50:00,PT5M,99.858,100.0,100.0,88.204,77.715
849,852,661,220,35,0.15,37.0,4.0,237,2026-09-11 10:55:00,PT5M,99.778,100.0,100.0,88.1516,77.6875
853,856,658,224,35,0.15,36.6,4.0,237,2026-09-11 11:00:00,PT5M,99.676,100.0,100.0,88.0617,77.6085
857,860,654,228,35,0.15,36.1,4.0,237,2026-09-11 11:05:00,PT5M,99.554,100.0,100.0,87.9387,77.4845
860,863,650,231,35,0.15,35.6,4.0,237,2026-09-11 11:10:00,PT5M,99.424,100.0,100.0,87.8158,77.368
863,866,646,235,35,0.15,35.2,4.0,237,2026-09-11 11:15:00,PT5M,99.28,100.0,100.0,87.6776,77.235
866,869,642,238,36,0.15,34.7,4.0,237,2026-09-11 11:20:00,PT5M,99.116,100.0,100.0,87.5038,77.0525
868,870,638,241,36,0.15,34.3,4.0,237,2026-09-11 11:25:00,PT5M,98.936,100.0,100.0,87.3046,76.836
869,872,634,245,36,0.15,33.8,4.0,237,2026-09-11 11:30:00,PT5M,98.739,100.0,100.0,87.0797,76.586
869,871,627,249,36,0.15,33.5,4.1,237,2026-09-11 11:35:00,PT5M,98.424,100.0,100.0,86.6934,76.1355
867,870,618,255,36,0.15,33.2,4.1,236,2026-09-11 11:40:00,PT5M,97.991,100.0,100.0,86.1459,75.485
864,867,609,260,36,0.15,33.0,4.2,236,2026-09-11 11:45:00,PT5M,97.537,100.0,100.0,85.5693,74.798
861,864,599,266,36,0.15,32.7,4.3,236,2026-09-11 11:50:00,PT5M,97.032,100.0,100.0,84.978,74.129
857,860,589,272,36,0.15,32.5,4.3,235,2026-09-11 11:55:00,PT5M,96.51,100.0,100.0,84.3136,73.3365
853,856,579,277,36,0.15,32.2,4.4,235,2026-09-11 12:00:00,PT5M,95.973,100.0,100.0,83.6269,72.515
848,851,569,282,37,0.15,32.0,4.4,235,2026-09-11 12:05:00,PT5M,95.456,100.0,100.0,82.953,71.7
843,846,559,287,37,0.15,31.7,4.5,234,2026-09-11 12:10:00,PT5M,94.989,100.0,100.0,82.3221,70.9215
838,840,550,292,37,0.15,31.5,4.6,234,2026-09-11 12:15:00,PT5M,94.502,100.0,100.0,81.6641,70.1095
832,834,540,296,37,0.15,31.2,4.6,233,2026-09-11 12:20:00,PT5M,93.995,100.0,100.0,80.9789,69.264
825,828,529,301,37,0.15,31.0,4.7,233,2026-09-11 12:25:00,PT5M,93.52,100.0,100.0,80.316,68.432
818,821,519,305,37,0.15,30.7,4.7,233,2026-09-11 12:30:00,PT5M,92.934,100.0,100.0,79.5326,67.471
811,814,509,309,37,0.15,30.6,4.8,232,2026-09-11 12:35:00,PT5M,92.387,100.0,100.0,78.8201,66.6095
804,807,501,312,37,0.15,30.6,4.9,232,2026-09-11 12:40:00,PT5M,91.879,100.0,100.0,78.179,65.8485
797,799,493,315,37,0.15,30.6,4.9,232,2026-09-11 12:45:00,PT5M,91.346,100.0,100.0,77.506,65.0495
789,791,484,317,37,0.15,30.6,5.0,231,2026-09-11 12:50:00,PT5M,90.786,100.0,100.0,76.7983,64.209
781,783,476,320,37,0.15,30.6,5.1,231,2026-09-11 12:55:00,PT5M,90.19,100.0,100.0,76.0387,63.302
772,775,467,322,37,0.15,30.6,5.2,231,2026-09-11 13:00:00,PT5M,89.569,100.0,100.0,75.2506,62.3635
763,766,459,323,37,0.15,30.6,5.2,230,2026-09-11 13:05:00,PT5M,88.936,100.0,100.0,74.4607,61.4325
754,757,450,325,37,0.15,30.5,5.3,230,2026-09-11 13:10:00,PT5M,88.28,100.0,100.0,73.6463,60.4755
744,747,442,326,37,0.15,30.5,5.4,230,2026-09-11 13:15:00,PT5M,87.577,100.0,100.0,72.7657,59.435
734,737,433,328,37,0.15,30.5,5.4,229,2026-09-11 13:20:00,PT5M,86.839,100.0,100.0,71.8424,58.345
724,727,425,328,37,0.15,30.5,5.5,229,2026-09-11 13:25:00,PT5M,86.068,100.0,100.0,70.8806,57.2115
714,716,416,329,37,0.15,30.5,5.6,229,2026-09-11 13:30:00,PT5M,85.265,100.0,100.0,69.8829,56.0385
703,706,409,329,37,0.15,30.6,5.6,229,2026-09-11 13:35:00,PT5M,84.518,100.0,100.0,68.9412,54.9215
693,696,404,327,37,0.15,30.7,5.7,228,2026-09-11 13:40:00,PT5M,83.83,100.0,99.6018,68.0582,53.863
683,686,398,326,37,0.15,30.8,5.8,228,2026-09-11 13:45:00,PT5M,83.115,100.0,99.085,67.145,52.7715
672,675,393,324,37,0.15,31.0,5.9,228,2026-09-11 13:50:00,PT5M,82.376,100.0,98.5471,66.2049,51.6505
662,664,387,322,37,0.15,31.1,6.0,228,2026-09-11 13:55:00,PT5M,81.607,100.0,97.9828,65.2312,50.4925
650,653,381,320,37,0.15,31.2,6.1,228,2026-09-11 14:00:00,PT5M,80.808,100.0,97.3922,64.2238,49.2975
639,642,375,317,37,0.15,31.4,6.2,228,2026-09-11 14:05:00,PT5M,79.979,100.0,96.775,63.183,48.066
627,630,370,315,37,0.15,31.5,6.3,228,2026-09-11 14:10:00,PT5M,79.118,100.0,96.1311,62.1049,46.7925
615,618,364,312,37,0.15,31.7,6.3,228,2026-09-11 14:15:00,PT5M,78.227,100.0,95.4607,60.9933,45.4825
603,606,358,309,37,0.15,31.8,6.4,228,2026-09-11 14:20:00,PT5M,77.307,100.0,94.7641,59.8499,44.138
590,593,352,306,37,0.15,31.9,6.5,228,2026-09-11 14:25:00,PT5M,76.312,100.0,93.9954,58.6286,42.713
577,580,345,302,37,0.15,32.1,6.6,227,2026-09-11 14:30:00,PT5M,75.281,100.0,93.1965,57.3655,41.241
563,565,335,300,37,0.15,32.3,6.7,228,2026-09-11 14:35:00,PT5M,73.989,100.0,92.1661,55.8119,39.452
546,549,322,299,37,0.15,32.5,6.7,228,2026-09-11 14:40:00,PT5M,72.427,100.0,90.8927,53.9613,37.3415
530,533,308,297,37,0.15,32.7,6.8,228,2026-09-11 14:45:00,PT5M,70.821,100.0,89.5491,52.0929,35.237
514,517,295,295,36,0.15,32.9,6.9,228,2026-09-11 14:50:00,PT5M,69.169,100.0,88.029,50.309,33.3345
498,500,283,293,36,0.15,33.1,6.9,228,2026-09-11 14:55:00,PT5M,67.472,100.0,86.4527,48.4913,31.408
481,484,270,290,36,0.15,33.3,7.0,228,2026-09-11 15:00:00,PT5M,65.728,100.0,84.8177,46.6383,29.457
465,468,257,286,36,0.15,33.5,7.0,229,2026-09-11 15:05:00,PT5M,63.951,100.0,83.1357,44.7663,27.4995
449,452,245,282,36,0.15,33.7,7.1,229,2026-09-11 15:10:00,PT5M,62.216,98.7585,81.4486,42.9834,25.6735
433,436,234,278,36,0.15,33.9,7.2,229,2026-09-11 15:15:00,PT5M,60.432,97.0885,79.7246,41.1394,23.7755
417,420,222,274,36,0.15,34.1,7.2,229,2026-09-11 15:20:00,PT5M,58.642,95.383,77.9791,39.3049,21.901
401,404,211,269,36,0.15,34.3,7.3,229,2026-09-11 15:25:00,PT5M,56.751,93.5465,76.1167,37.3853,19.9555
386,388,199,263,36,0.15,34.5,7.3,229,2026-09-11 15:30:00,PT5M,54.8,91.6155,74.1763,35.4237,17.9845
371,373,192,257,36,0.15,34.8,7.4,229,2026-09-11 15:35:00,PT5M,53.169,89.9575,72.5311,33.8069,16.3805
358,360,188,249,36,0.15,35.1,7.4,229,2026-09-11 15:40:00,PT5M,51.868,88.5895,71.1948,32.5412,15.1465
344,346,183,242,35,0.15,35.4,7.3,229,2026-09-11 15:45:00,PT5M,50.522,87.132,69.7901,31.2539,13.912
331,333,179,234,35,0.15,35.7,7.3,229,2026-09-11 15:50:00,PT5M,49.122,85.5265,68.2819,29.9621,12.7175
317,319,174,226,35,0.15,36.0,7.3,229,2026-09-11 15:55:00,PT5M,47.651,83.7745,66.6631,28.6389,11.5275
303,305,169,218,35,0.15,36.3,7.3,229,2026-09-11 16:00:00,PT5M,46.112,81.8845,64.9393,27.2847,10.3395
289,291,164,210,35,0.15,36.6,7.3,229,2026-09-11 16:05:00,PT5M,44.508,79.867,63.1177,25.8983,9.149
275,277,158,202,35,0.15,36.9,7.3,229,2026-09-11 16:10:00,PT5M,42.844,77.7385,61.2092,24.4788,7.9495
262,263,152,193,35,0.15,37.2,7.3,229,2026-09-11 16:15:00,PT5M,41.125,75.5105,59.2223,23.0277,6.7395
248,249,146,185,34,0.15,37.5,7.3,229,2026-09-11 16:20:00,PT5M,39.354,73.192,57.1632,21.5448,5.516
234,235,140,176,34,0.15,37.8,7.2,228,2026-09-11 16:25:00,PT5M,37.28,69.7035,54.3447,20.2153,4.8565
220,222,134,168,34,0.15,38.1,7.2,228,2026-09-11 16:30:00,PT5M,34.915,65.286,50.8995,18.9305,4.544
206,208,128,159,34,0.15,38.5,7.2,228,2026-09-11 16:35:00,PT5M,32.598,60.9535,47.5217,17.6743,4.2425
193,195,123,150,34,0.15,39.1,7.2,228,2026-09-11 16:40:00,PT5M,30.331,56.669,44.1929,16.4691,3.993
180,181,117,141,34,0.15,39.6,7.2,228,2026-09-11 16:45:00,PT5M,28.034,52.358,40.8359,15.2321,3.71
166,168,110,132,33,0.15,40.1,7.1,228,2026-09-11 16:50:00,PT5M,25.704,48.0175,37.4478,13.9602,3.3905
153,154,103,123,33,0.15,40.6,7.1,228,2026-09-11 16:55:00,PT5M,23.357,43.675,34.0505,12.6635,3.039
140,141,95,114,33,0.15,41.2,7.1,228,2026-09-11 17:00:00,PT5M,21.024,39.371,30.6802,11.3678,2.677
127,128,86,105,33,0.15,41.8,7.1,228,2026-09-11 17:05:00,PT5M,18.736,35.1585,27.3793,10.0927,2.3135
113,114,72,97,33,0.15,42.3,7.0,228,2026-09-11 17:10:00,PT5M,16.311,30.9055,23.9922,8.6298,1.7165
99,100,57,88,32,0.15,42.9,7.0,228,2026-09-11 17:15:00,PT5M,13.942,26.7905,20.7043,7.1797,1.0935
86,87,42,79,32,0.15,43.5,7.0,228,2026-09-11 17:20:00,PT5M,11.583,22.72,17.4445,5.7215,0.446
74,74,26,70,32,0.15,44.1,7.0,227,2026-09-11 17:25:00,PT5M,9.442,18.8105,14.3727,4.5113,0.0735
62,62,9,61,32,0.15,44.7,6.9,227,2026-09-11 17:30:00,PT5M,7.474,15.086,11.4803,3.4677,0.0
50,50,0,50,32,0.15,45.2,6.9,227,2026-09-11 17:35:00,PT5M,5.758,11.659,8.8637,2.6523,0.0
39,39,0,39,32,0.15,45.7,6.9,227,2026-09-11 17:40:00,PT5M,4.347,8.669,6.6217,2.0723,0.025
29,30,0,30,31,0.15,46.1,6.9,227,2026-09-11 17:45:00,PT5M,3.144,6.117,4.7087,1.5793,0.171
21,21,0,21,31,0.15,46.6,6.8,226,2026-09-11 17:50:00,PT5M,2.03,3.704,2.911,1.149,0.356
13,13,0,13,31,0.15,47.1,6.8,226,2026-09-11 17:55:00,PT5M,1.006,1.8885,1.4705,0.5415,0.1235
6,6,0,6,31,0.15,47.6,6.8,226,2026-09-11 18:00:00,PT5M,0.002,0.1925,0.1023,0.0,0.0
1,1,0,1,31,0.15,48.0,6.8,225,2026-09-11 18:05:00,PT5M,0.0,0.0,0.0,0.0,0.0
0,0,0,0,31,0.15,48.5,6.8,225,2026-09-11 18:10:00,PT5M,0.0,0.0,0.0,0.0,0.0
0,0,0,0,31,0.15,49.0,6.7,225,2026-09-11 18:15:00,PT5M,0.0,0.0,0.0,0.0,0.0
0,0,0,0,30,0.15,49.5,6.7,225,2026-09-11 18:20:00,PT5M,0.0,0.0,0.0,0.0,0.0
0,0,0,0,30,0.15,50.0,6.7,224,2026-09-11 18:25:00,PT5M,0.0,0.0,0.0,0.0,0.0
0,0,0,0,30,0.15,50.6,6.7,224,2026-09-11 18:30:00,PT5M,0.0,0.0,0.0,0.0,0.0
0,0,0,0,30,0.15,51.2,6.6,224,2026-09-11 18:35:00,PT5M,0.0,0.0,0.0,0.0,0.0
0,0,0,0,30,0.15,51.8,6.6,223,2026-09-11 18:40:00,PT5M,0.0,0.0,0.0,0.0,0.0
0,0,0,0,30,0.15,52.5,6.5,223,2026-09-11 18:45:00,PT5M,0.0,0.0,0.0,0.0,0.0
0,0,0,0,30,0.15,53.2,6.5,223,2026-09-11 18:50:00,PT5M,0.0,0.0,0.0,0.0,0.0
0,0,0,0,30,0.15,53.9,6.5,223,2026-09-11 18:55:00,PT5M,0.0,0.0,0.0,0.0,0.0
0,0,0,0,29,0.15,54.6,6.4,222,2026-09-11 19:00:00,PT5M,0.0,0.0,0.0,0.0,0.0
0,0,0,0,29,0.15,55.3,6.4,222,2026-09-11 19:05:00,PT5M,0.0,0.0,0.0,0.0,0.0
0,0,0,0,29,0.15,56.0,6.3,222,2026-09-11 19:10:00,PT5M,0.0,0.0,0.0,0.0,0.0
0,0,0,0,29,0.15,56.7,6.3,221,2026-09-11 19:15:00,PT5M,0.0,0.0,0.0,0.0,0.0
0,0,0,0,29,0.15,57.5,6.3,221,2026-09-11 19:20:00,PT5M,0.0,0.0,0.0,0.0,0.0
0,0,0,0,29,0.15,58.2,6.2,221,2026-09-11 19:25:00,PT5M,0.0,0.0,0.0,0.0,0.0
0,0,0,0,29,0.15,59.0,6.2,221,2026-09-11 19:30:00,PT5M,0.0,0.0,0.0,0.0,0.0
0,0,0,0,29,0.15,59.6,6.2,220,2026-09-11 19:35:00,PT5M,0.0,0.0,0.0,0.0,0.0
0,0,0,0,29,0.15,60.0,6.1,220,2026-09-11 19:40:00,PT5M,0.0,0.0,0.0,0.0,0.0
0,0,0,0,28,0.15,60.5,6.1,220,2026-09-11 19:45:00,PT5M,0.0,0.0,0.0,0.0,0.0
0,0,0,0,28,0.15,60.9,6.0,220,2026-09-11 19:50:00,PT5M,0.0,0.0,0.0,0.0,0.0
0,0,0,0,28,0.15,61.4,6.0,221,2026-09-11 19:55:00,PT5M,0.0,0.0,0.0,0.0,0.0
0,0,0,0,28,0.15,61.8,5.9,221,2026-09-11 20:00:00,PT5M,0.0,0.0,0.0,0.0,0.0
0,0,0,0,28,0.15,62.3,5.9,221,2026-09-11 20:05:00,PT5M,0.0,0.0,0.0,0.0,0.0
0,0,0,0,28,0.15,62.8,5.9,221,2026-09-11 20:10:00,PT5M,0.0,0.0,0.0,0.0,0.0
0,0,0,0,28,0.15,63.2,5.8,221,2026-09-11 20:15:00,PT5M,0.0,0.0,0.0,0.0,0.0
0,0,0,0,28,0.15,63.7,5.8,221,2026-09-11 20:20:00,PT5M,0.0,0.0,0.0,0.0,0.0
0,0,0,0,28,0.15,64.2,5.7,221,2026-09-11 20:25:00,PT5M,0.0,0.0,0.0,0.0,0.0
0,0,0,0,28,0.15,64.7,5.7,221,2026-09-11 20:30:00,PT5M,0.0,0.0,0.0,0.0,0.0
0,0,0,0,28,0.15,65.0,5.7,221,2026-09-11 20:35:00,PT5M,0.0,0.0,0.0,0.0,0.0
0,0,0,0,28,0.15,65.3,5.7,221,2026-09-11 20:40:00,PT5M,0.0,0.0,0.0,0.0,0.0
0,0,0,0,28,0.15,65.6,5.7,222,2026-09-11 20:45:00,PT5M,0.0,0.0,0.0,0.0,0.0
0,0,0,0,28,0.15,65.9,5.6,222,2026-09-11 20:50:00,PT5M,0.0,0.0,0.0,0.0,0.0
0,0,0,0,28,0.15,66.2,5.6,223,2026-09-11 20:55:00,PT5M,0.0,0.0,0.0,0.0,0.0
0,0,0,0,27,0.15,66.5,5.6,223,2026-09-11 21:00:00,PT5M,0.0,0.0,0.0,0.0,0.0
0,0,0,0,27,0.15,66.8,5.6,223,2026-09-11 21:05:00,PT5M,0.0,0.0,0.0,0.0,0.0
0,0,0,0,27,0.15,67.1,5.6,224,2026-09-11 21:10:00,PT5M,0.0,0.0,0.0,0.0,0.0
0,0,0,0,27,0.15,67.4,5.6,224,2026-09-11 21:15:00,PT5M,0.0,0.0,0.0,0.0,0.0
0,0,0,0,27,0.15,67.7,5.6,225,2026-09-11 21:20:00,PT5M,0.0,0.0,0.0,0.0,0.0
0,0,0,0,27,0.15,68.0,5.6,225,2026-09-11 21:25:00,PT5M,0.0,0.0,0.0,0.0,0.0
0,0,0,0,27,0.15,68.3,5.6,226,2026-09-11 21:30:00,PT5M,0.0,0.0,0.0,0.0,0.0
0,0,0,0,27,0.15,68.5,5.5,226,2026-09-11 21:35:00,PT5M,0.0,0.0,0.0,0.0,0.0
0,0,0,0,27,0.15,68.4,5.5,226,2026-09-11 21:40:00,PT5M,0.0,0.0,0.0,0.0,0.0
0,0,0,0,27,0.15,68.4,5.4,226,2026-09-11 21:45:00,PT5M,0.0,0.0,0.0,0.0,0.0
0,0,0,0,27,0.15,68.4,5.3,226,2026-09-11 21:50:00,PT5M,0.0,0.0,0.0,0.0,0.0
0,0,0,0,27,0.15,68.3,5.2,225,2026-09-11 21:55:00,PT5M,0.0,0.0,0.0,0.0,0.0
0,0,0,0,27,0.15,68.3,5.2,225,2026-09-11 22:00:00,PT5M,0.0,0.0,0.0,0.0,0.0
0,0,0,0,27,0.15,68.2,5.1,225,2026-09-11 22:05:00,PT5M,0.0,0.0,0.0,0.0,0.0
0,0,0,0,27,0.15,68.2,5.0,225,2026-09-11 22:10:00,PT5M,0.0,0.0,0.0,0.0,0.0
0,0,0,0,27,0.15,68.2,4.9,225,2026-09-11 22:15:00,PT5M,0.0,0.0,0.0,0.0,0.0
0,0,0,0,27,0.15,68.1,4.9,225,2026-09-11 22:20:00,PT5M,0.0,0.0,0.0,0.0,0.0
0,0,0,0,27,0.15,68.1,4.8,225,2026-09-11 22:25:00,PT5M,0.0,0.0,0.0,0.0,0.0
0,0,0,0,27,0.15,68.1,4.7,225,2026-09-11 22:30:00,PT5M,0.0,0.0,0.0,0.0,0.0
0,0,0,0,27,0.15,68.2,4.7,225,2026-09-11 22:35:00,PT5M,0.0,0.0,0.0,0.0,0.0
0,0,0,0,27,0.15,68.4,4.6,225,2026-09-11 22:40:00,PT5M,0.0,0.0,0.0,0.0,0.0
0,0,0,0,27,0.15,68.7,4.6,225,2026-09-11 22:45:00,PT5M,0.0,0.0,0.0,0.0,0.0
0,0,0,0,27,0.15,69.0,4.6,225,2026-09-11 22:50:00,PT5M,0.0,0.0,0.0,0.0,0.0
0,0,0,0,27,0.15,69.3,4.5,225,2026-09-11 22:55:00,PT5M,0.0,0.0,0.0,0.0,0.0
0,0,0,0,27,0.15,69.5,4.5,225,2026-09-11 23:00:00,PT5M,0.0,0.0,0.0,0.0,0.0
0,0,0,0,27,0.15,69.8,4.5,225,2026-09-11 23:05:00,PT5M,0.0,0.0,0.0,0.0,0.0
0,0,0,0,27,0.15,70.1,4.4,226,2026-09-11 23:10:00,PT5M,0.0,0.0,0.0,0.0,0.0
0,0,0,0,27,0.15,70.4,4.4,226,2026-09-11 23:15:00,PT5M,0.0,0.0,0.0,0.0,0.0
0,0,0,0,27,0.15,70.7,4.4,226,2026-09-11 23:20:00,PT5M,0.0,0.0,0.0,0.0,0.0
0,0,0,0,27,0.15,70.9,4.4,226,2026-09-11 23:25:00,PT5M,0.0,0.0,0.0,0.0,0.0
0,0,0,0,26,0.15,71.2,4.3,226,2026-09-11 23:30:00,PT5M,0.0,0.0,0.0,0.0,0.0
0,0,0,0,26,0.15,71.4,4.3,226,2026-09-11 23:35:00,PT5M,0.0,0.0,0.0,0.0,0.0
0,0,0,0,26,0.15,71.6,4.3,226,2026-09-11 23:40:00,PT5M,0.0,0.0,0.0,0.0,0.0
0,0,0,0,26,0.15,71.8,4.3,226,2026-09-11 23:45:00,PT5M,0.0,0.0,0.0,0.0,0.0
0,0,0,0,26,0.15,72.0,4.2,226,2026-09-11 23:50:00,PT5M,0.0,0.0,0.0,0.0,0.0
0,0,0,0,26,0.15,72.2,4.2,226,2026-09-11 23:55:00,PT5M,0.0,0.0,0.0,0.0,0.0
0,0,0,0,26,0.15,72.3,4.2,226,2026-09-12 00:00:00,PT5M,0.0,0.0,0.0,0.0,0.0
0,0,0,0,26,0.15,72.5,4.2,226,2026-09-12 00:05:00,PT5M,0.0,0.0,0.0,0.0,0.0
0,0,0,0,26,0.15,72.7,4.1,226,2026-09-12 00:10:00,PT5M,0.0,0.0,0.0,0.0,0.0
0,0,0,0,26,0.15,72.9,4.1,226,2026-09-12 00:15:00,PT5M,0.0,0.0,0.0,0.0,0.0
0,0,0,0,26,0.15,73.1,4.1,226,2026-09-12 00:20:00,PT5M,0.0,0.0,0.0,0.0,0.0
0,0,0,0,26,0.15,73.3,4.1,226,2026-09-12 00:25:00,PT5M,0.0,0.0,0.0,0.0,0.0
0,0,0,0,26,0.15,73.4,4.0,226,2026-09-12 00:30:00,PT5M,0.0,0.0,0.0,0.0,0.0
0,0,0,0,26,0.15,73.6,4.0,226,2026-09-12 00:35:00,PT5M,0.0,0.0,0.0,0.0,0.0
0,0,0,0,26,0.15,73.7,4.0,226,2026-09-12 00:40:00,PT5M,0.0,0.0,0.0,0.0,0.0
0,0,0,0,26,0.15,73.8,4.0,226,2026-09-12 00:45:00,PT5M,0.0,0.0,0.0,0.0,0.0
0,0,0,0,26,0.15,73.9,4.0,226,2026-09-12 00:50:00,PT5M,0.0,0.0,0.0,0.0,0.0
0,0,0,0,26,0.15,74.0,4.0,226,2026-09-12 00:55:00,PT5M,0.0,0.0,0.0,0.0,0.0
0,0,0,0,26,0.15,74.1,4.0,226,2026-09-12 01:00:00,PT5M,0.0,0.0,0.0,0.0,0.0
0,0,0,0,26,0.15,74.2,4.0,225,2026-09-12 01:05:00,PT5M,0.0,0.0,0.0,0.0,0.0
0,0,0,0,26,0.15,74.4,4.0,225,2026-09-12 01:10:00,PT5M,0.0,0.0,0.0,0.0,0.0
0,0,0,0,26,0.15,74.5,4.0,225,2026-09-12 01:15:00,PT5M,0.0,0.0,0.0,0.0,0.0
0,0,0,0,26,0.15,74.6,4.0,225,2026-09-12 01:20:00,PT5M,0.0,0.0,0.0,0.0,0.0
0,0,0,0,26,0.15,74.7,4.0,225,2026-09-12 01:25:00,PT5M,0.0,0.0,0.0,0.0,0.0
0,0,0,0,26,0.15,74.8,4.0,225,2026-09-12 01:30:00,PT5M,0.0,0.0,0.0,0.0,0.0
0,0,0,0,26,0.15,74.8,4.0,225,2026-09-12 01:35:00,PT5M,0.0,0.0,0.0,0.0,0.0
0,0,0,0,26,0.15,74.7,3.9,225,2026-09-12 01:40:00,PT5M,0.0,0.0,0.0,0.0,0.0
0,0,0,0,26,0.15,74.7,3.9,225,2026-09-12 01:45:00,PT5M,0.0,0.0,0.0,0.0,0.0
0,0,0,0,26,0.15,74.6,3.9,224,2026-09-12 01:50:00,PT5M,0.0,0.0,0.0,0.0,0.0
0,0,0,0,26,0.15,74.5,3.9,224,2026-09-12 01:55:00,PT5M,0.0,0.0,0.0,0.0,0.0
0,0,0,0,26,0.15,74.4,3.9,224,2026-09-12 02:00:00,PT5M,0.0,0.0,0.0,0.0,0.0
0,0,0,0,26,0.15,74.4,3.9,224,2026-09-12 02:05:00,PT5M,0.0,0.0,0.0,0.0,0.0
0,0,0,0,26,0.15,74.3,3.9,224,2026-09-12 02:10:00,PT5M,0.0,0.0,0.0,0.0,0.0
0,0,0,0,26,0.15,74.2,3.9,224,2026-09-12 02:15:00,PT5M,0.0,0.0,0.0,0.0,0.0
0,0,0,0,26,0.15,74.1,3.8,223,2026-09-12 02:20:00,PT5M,0.0,0.0,0.0,0.0,0.0
0,0,0,0,26,0.15,74.1,3.8,223,2026-09-12 02:25:00,PT5M,0.0,0.0,0.0,0.0,0.0
0,0,0,0,26,0.15,74.0,3.8,223,2026-09-12 02:30:00,PT5M,0.0,0.0,0.0,0.0,0.0
0,0,0,0,26,0.15,73.9,3.8,223,2026-09-12 02:35:00,PT5M,0.0,0.0,0.0,0.0,0.0
0,0,0,0,26,0.15,73.9,3.8,223,2026-09-12 02:40:00,PT5M,0.0,0.0,0.0,0.0,0.0
0,0,0,0,26,0.15,73.9,3.9,224,2026-09-12 02:45:00,PT5M,0.0,0.0,0.0,0.0,0.0
0,0,0,0,26,0.15,73.9,3.9,224,2026-09-12 02:50:00,PT5M,0.0,0.0,0.0,0.0,0.0
0,0,0,0,26,0.15,73.9,3.9,224,2026-09-12 02:55:00,PT5M,0.0,0.0,0.0,0.0,0.0
0,0,0,0,26,0.15,73.9,3.9,224,2026-09-12 03:00:00,PT5M,0.0,0.0,0.0,0.0,0.0
0,0,0,0,26,0.15,73.9,3.9,225,2026-09-12 03:05:00,PT5M,0.0,0.0,0.0,0.0,0.0
0,0,0,0,26,0.15,73.9,4.0,225,2026-09-12 03:10:00,PT5M,0.0,0.0,0.0,0.0,0.0
0,0,0,0,26,0.15,73.9,4.0,225,2026-09-12 03:15:00,PT5M,0.0,0.0,0.0,0.0,0.0
0,0,0,0,26,0.15,73.9,4.0,225,2026-09-12 03:20:00,PT5M,0.0,0.0,0.0,0.0,0.0
0,0,0,0,26,0.15,73.9,4.0,226,2026-09-12 03:25:00,PT5M,0.0,0.0,0.0,0.0,0.0
0,0,0,0,26,0.15,73.9,4.0,226,2026-09-12 03:30:00,PT5M,0.0,0.0,0.0,0.0,0.0
0,0,0,0,26,0.15,73.9,4.0,226,2026-09-12 03:35:00,PT5M,0.0,0.0,0.0,0.0,0.0
0,0,0,0,26,0.15,73.8,3.9,226,2026-09-12 03:40:00,PT5M,0.0,0.0,0.0,0.0,0.0
0,0,0,0,26,0.15,73.8,3.9,227,2026-09-12 03:45:00,PT5M,0.0,0.0,0.0,0.0,0.0
0,0,0,0,26,0.15,73.8,3.8,227,2026-09-12 03:50:00,PT5M,0.0,0.0,0.0,0.0,0.0
0,0,0,0,26,0.15,73.7,3.7,227,2026-09-12 03:55:00,PT5M,0.0,0.0,0.0,0.0,0.0
0,0,0,0,26,0.15,73.7,3.7,228,2026-09-12 04:00:00,PT5M,0.0,0.0,0.0,0.0,0.0
0,0,0,0,26,0.15,73.6,3.6,228,2026-09-12 04:05:00,PT5M,0.0,0.0,0.0,0.0,0.0
0,0,0,0,26,0.15,73.6,3.6,228,2026-09-12 04:10:00,PT5M,0.0,0.0,0.0,0.0,0.0
0,0,0,0,26,0.15,73.6,3.5,229,2026-09-12 04:15:00,PT5M,0.0,0.0,0.0,0.0,0.0
0,0,0,0,26,0.15,73.5,3.4,229,2026-09-12 04:20:00,PT5M,0.0,0.0,0.0,0.0,0.0
0,0,0,0,26,0.15,73.5,3.4,229,2026-09-12 04:25:00,PT5M,0.0,0.0,0.0,0.0,0.0
0,0,0,0,26,0.15,73.5,3.3,230,2026-09-12 04:30:00,PT5M,0.0,0.0,0.0,0.0,0.0
0,0,0,0,26,0.15,73.5,3.2,230,2026-09-12 04:35:00,PT5M,0.0,0.0,0.0,0.0,0.0
0,0,0,0,26,0.15,73.5,3.2,230,2026-09-12 04:40:00,PT5M,0.0,0.0,0.0,0.0,0.0
0,0,0,0,26,0.15,73.6,3.2,231,2026-09-12 04:45:00,PT5M,0.0,0.0,0.0,0.0,0.0
0,0,0,0,25,0.15,73.7,3.1,231,2026-09-12 04:50:00,PT5M,0.0,0.0,0.0,0.0,0.0
0,0,0,0,25,0.15,73.8,3.1,231,2026-09-12 04:55:00,PT5M,0.0,0.0,0.0,0.0,0.0
0,0,0,0,25,0.15,73.8,3.1,231,2026-09-12 05:00:00,PT5M,0.0,0.0,0.0,0.0,0.0
0,0,0,0,25,0.15,73.9,3.0,232,2026-09-12 05:05:00,PT5M,0.0,0.0,0.0,0.0,0.0
0,0,0,0,25,0.15,74.0,3.0,232,2026-09-12 05:10:00,PT5M,0.0,0.0,0.0,0.0,0.0
0,0,0,0,25,0.15,74.1,3.0,232,2026-09-12 05:15:00,PT5M,0.0,0.0,0.0,0.0,0.0
0,0,0,0,25,0.15,74.1,2.9,233,2026-09-12 05:20:00,PT5M,0.0,0.0,0.0,0.0,0.0
0,0,0,0,25,0.15,74.2,2.9,233,2026-09-12 05:25:00,PT5M,0.0,0.0,0.0,0.0,0.0
0,0,0,0,25,0.15,74.3,2.9,233,2026-09-12 05:30:00,PT5M,0.0,0.0,0.0,0.0,0.0
0,0,0,0,25,0.15,74.3,2.8,234,2026-09-12 05:35:00,PT5M,0.0,0.0,0.0,0.0,0.0
0,0,0,0,25,0.15,74.1,2.8,234,2026-09-12 05:40:00,PT5M,0.0,0.0,0.0,0.0,0.0
0,0,0,0,25,0.15,74.0,2.8,234,2026-09-12 05:45:00,PT5M,0.0,0.0,0.0,0.0,0.0
0,0,0,0,25,0.15,73.9,2.8,234,2026-09-12 05:50:00,PT5M,0.0,0.0,0.0,0.0,0.0
0,0,0,0,25,0.15,73.8,2.7,234,2026-09-12 05:55:00,PT5M,0.0,0.0,0.0,0.0,0.0
0,0,0,0,25,0.15,73.7,2.7,235,2026-09-12 06:00:00,PT5M,0.0,0.0,0.0,0.0,0.0
4,4,0,4,26,0.15,73.6,2.7,235,2026-09-12 06:05:00,PT5M,0.0,0.0395,0.0208,0.0,0.0
9,9,0,9,26,0.15,73.5,2.6,235,2026-09-12 06:10:00,PT5M,0.554,1.198,0.8929,0.2151,0.0
16,16,0,16,26,0.15,73.4,2.6,235,2026-09-12 06:15:00,PT5M,1.429,2.799,2.15,0.708,0.059
23,23,0,23,26,0.15,73.3,2.6,236,2026-09-12 06:20:00,PT5M,2.397,4.746,3.6333,1.1607,0.048
32,32,0,32,26,0.15,73.2,2.6,236,2026-09-12 06:25:00,PT5M,3.455,6.983,5.3118,1.5982,0.0
41,41,0,41,26,0.15,73.1,2.5,236,2026-09-12 06:30:00,PT5M,4.695,9.644,7.2997,2.0903,0.0
52,52,0,52,26,0.15,72.6,2.5,236,2026-09-12 06:35:00,PT5M,6.141,12.666,9.5752,2.7068,0.0
64,65,0,65,26,0.15,71.8,2.6,236,2026-09-12 06:40:00,PT5M,7.634,15.82,11.9424,3.3256,0.0
78,78,0,78,26,0.15,71.0,2.7,235,2026-09-12 06:45:00,PT5M,9.243,19.1145,14.4384,4.0476,0.0
92,92,21,88,26,0.15,70.3,2.7,235,2026-09-12 06:50:00,PT5M,11.824,23.3735,17.9026,5.7454,0.2745
106,107,46,97,26,0.15,69.5,2.8,235,2026-09-12 06:55:00,PT5M,14.741,27.985,21.7114,7.7706,1.497
122,123,72,105,27,0.15,68.8,2.8,234,2026-09-12 07:00:00,PT5M,17.956,32.958,25.8517,10.0603,2.954
138,140,95,114,27,0.15,68.0,2.9,234,2026-09-12 07:05:00,PT5M,21.208,38.0595,30.0771,12.3389,4.3565
155,156,117,122,27,0.15,67.3,2.9,234,2026-09-12 07:10:00,PT5M,24.717,43.4715,34.5876,14.8464,5.9625
172,173,140,129,27,0.15,66.6,3.0,234,2026-09-12 07:15:00,PT5M,28.462,49.1385,39.3442,17.5798,7.7855
189,191,163,136,27,0.15,65.8,3.0,233,2026-09-12 07:20:00,PT5M,32.418,55.066,44.3378,20.4982,9.77
207,209,186,143,27,0.15,65.1,3.1,233,2026-09-12 07:25:00,PT5M,36.556,61.124,49.4863,23.6257,11.988
226,228,210,149,28,0.15,64.4,3.1,233,2026-09-12 07:30:00,PT5M,40.9,67.377,54.835,26.965,14.423
244,246,229,155,28,0.15,63.5,3.1,233,2026-09-12 07:35:00,PT5M,45.016,73.4475,59.9797,30.0523,16.5845
261,264,245,162,28,0.15,62.5,3.2,233,2026-09-12 07:40:00,PT5M,48.83,79.3025,64.8679,32.7921,18.3575
279,281,260,168,28,0.15,61.4,3.2,234,2026-09-12 07:45:00,PT5M,52.439,84.6995,69.4179,35.4601,20.1785
296,299,275,174,28,0.15,60.3,3.2,234,2026-09-12 07:50:00,PT5M,55.083,87.9065,72.3582,37.8078,22.2595
314,317,290,179,29,0.15,59.3,3.2,234,2026-09-12 07:55:00,PT5M,57.653,90.984,75.1953,40.1107,24.322
332,335,305,184,29,0.15,58.3,3.2,234,2026-09-12 08:00:00,PT5M,60.141,93.921,77.9197,42.3623,26.361
350,353,320,189,29,0.15,57.3,3.2,235,2026-09-12 08:05:00,PT5M,62.566,96.743,80.5536,44.5784,28.389
368,371,335,193,29,0.15,56.3,3.2,235,2026-09-12 08:10:00,PT5M,64.913,99.4235,83.0761,46.7499,30.4025
386,389,350,197,30,0.15,55.4,3.2,235,2026-09-12 08:15:00,PT5M,67.144,100.0,85.4382,48.8498,32.3845
405,408,365,201,30,0.15,54.5,3.2,236,2026-09-12 08:20:00,PT5M,69.25,100.0,87.6279,50.8721,34.3315
423,426,379,204,30,0.15,53.5,3.2,236,2026-09-12 08:25:00,PT5M,71.183,100.0,89.5872,52.7788,36.2145
441,444,393,207,30,0.15,52.6,3.2,236,2026-09-12 08:30:00,PT5M,73.04,100.0,91.4313,54.6487,38.096
458,461,404,211,31,0.15,51.8,3.2,237,2026-09-12 08:35:00,PT5M,74.587,100.0,92.9564,56.2176,39.6845
474,477,412,215,31,0.15,51.1,3.2,237,2026-09-12 08:40:00,PT5M,75.837,100.0,94.1812,57.4928,40.9825
490,493,420,219,31,0.15,50.4,3.1,237,2026-09-12 08:45:00,PT5M,77.024,100.0,95.329,58.719,42.244
506,509,428,223,31,0.15,49.8,3.1,238,2026-09-12 08:50:00,PT5M,78.15,100.0,96.4058,59.8942,43.4635
521,525,435,226,31,0.15,49.1,3.0,238,2026-09-12 08:55:00,PT5M,79.226,100.0,97.451,61.001,44.598
537,540,442,230,31,0.15,48.4,2.9,239,2026-09-12 09:00:00,PT5M,80.254,100.0,98.4079,62.1001,45.761
552,555,450,233,32,0.15,47.8,2.9,239,2026-09-12 09:05:00,PT5M,81.307,100.0,99.3764,63.2376,46.9745
568,571,459,235,32,0.15,47.1,2.8,240,2026-09-12 09:10:00,PT5M,82.37,100.0,100.0,64.3966,48.22
583,586,467,238,32,0.15,46.5,2.8,240,2026-09-12 09:15:00,PT5M,83.389,100.0,100.0,65.6003,49.59
598,601,475,240,32,0.15,45.9,2.7,241,2026-09-12 09:20:00,PT5M,84.367,100.0,100.0,66.8289,51.044
613,615,483,242,32,0.15,45.2,2.7,242,2026-09-12 09:25:00,PT5M,85.306,100.0,100.0,68.016,52.4545
627,630,491,244,32,0.15,44.6,2.6,242,2026-09-12 09:30:00,PT5M,86.207,100.0,100.0,69.1623,53.8215
641,644,497,246,33,0.15,44.0,2.6,243,2026-09-12 09:35:00,PT5M,86.996,100.0,100.0,70.1742,55.034
654,657,503,248,33,0.15,43.4,2.5,243,2026-09-12 09:40:00,PT5M,87.675,100.0,100.0,71.0521,56.091
666,669,507,250,33,0.15,42.7,2.4,244,2026-09-12 09:45:00,PT5M,88.291,100.0,100.0,71.8597,57.071
678,681,512,253,33,0.15,42.1,2.3,245,2026-09-12 09:50:00,PT5M,88.849,100.0,100.0,72.6014,57.978
690,693,515,255,34,0.15,41.5,2.3,246,2026-09-12 09:55:00,PT5M,89.38,100.0,100.0,73.3103,58.847
701,704,519,257,34,0.15,40.9,2.2,247,2026-09-12 10:00:00,PT5M,89.884,100.0,100.0,73.9866,59.6785
712,715,523,259,34,0.15,40.3,2.1,247,2026-09-12 10:05:00,PT5M,90.349,100.0,100.0,74.6143,60.4525
722,725,526,261,34,0.15,39.7,2.1,248,2026-09-12 10:10:00,PT5M,90.778,100.0,100.0,75.199,61.1775
732,735,529,264,34,0.15,39.1,2.0,249,2026-09-12 10:15:00,PT5M,91.151,100.0,100.0,75.7213,61.834
742,744,531,266,35,0.15,38.6,1.9,251,2026-09-12 10:20:00,PT5M,91.524,100.0,100.0,76.2377,62.4795
751,754,534,267,35,0.15,38.0,1.9,252,2026-09-12 10:25:00,PT5M,91.875,100.0,100.0,76.7263,63.092
760,762,537,269,35,0.15,37.5,1.8,253,2026-09-12 10:30:00,PT5M,92.206,100.0,100.0,77.1897,63.6745
769,772,541,270,35,0.15,37.0,1.8,253,2026-09-12 10:35:00,PT5M,92.652,100.0,100.0,77.7759,64.387
779,782,548,269,35,0.15,36.7,1.7,253,2026-09-12 10:40:00,PT5M,93.21,100.0,100.0,78.4821,65.2265
789,792,555,269,36,0.15,36.3,1.7,252,2026-09-12 10:45:00,PT5M,93.741,100.0,100.0,79.1562,66.0295
798,801,562,268,36,0.15,36.0,1.7,252,2026-09-12 10:50:00,PT5M,94.244,100.0,100.0,79.7958,66.792
807,810,568,266,36,0.15,35.6,1.7,251,2026-09-12 10:55:00,PT5M,94.718,100.0,100.0,80.3977,67.509
816,818,575,265,36,0.15,35.3,1.7,251,2026-09-12 11:00:00,PT5M,95.159,100.0,100.0,80.9495,68.1605
824,826,581,264,36,0.15,35.0,1.6,250,2026-09-12 11:05:00,PT5M,95.574,100.0,100.0,81.464,68.7645
832,834,588,262,36,0.15,34.6,1.6,250,2026-09-12 11:10:00,PT5M,95.975,100.0,100.0,81.9758,69.376
839,841,594,260,36,0.15,34.3,1.6,249,2026-09-12 11:15:00,PT5M,96.357,100.0,100.0,82.4675,69.9665
846,848,601,259,36,0.15,34.0,1.6,248,2026-09-12 11:20:00,PT5M,96.711,100.0,100.0,82.9146,70.4975
852,855,607,257,37,0.15,33.7,1.6,248,2026-09-12 11:25:00,PT5M,97.043,100.0,100.0,83.3306,70.989
858,861,613,254,37,0.15,33.3,1.5,247,2026-09-12 11:30:00,PT5M,97.353,100.0,100.0,83.7164,71.443
859,862,610,257,37,0.15,33.1,1.5,247,2026-09-12 11:35:00,PT5M,97.181,100.0,100.0,83.5404,71.2635
855,858,597,264,37,0.15,32.9,1.6,246,2026-09-12 11:40:00,PT5M,96.531,100.0,100.0,82.8065,70.454
851,853,584,271,37,0.15,32.6,1.6,246,2026-09-12 11:45:00,PT5M,95.861,100.0,100.0,82.0444,69.609
846,848,570,279,37,0.15,32.4,1.7,246,2026-09-12 11:50:00,PT5M,95.142,100.0,100.0,81.2214,68.6925
840,842,557,286,37,0.15,32.2,1.7,245,2026-09-12 11:55:00,PT5M,94.407,100.0,100.0,80.3754,67.7465
833,836,544,292,37,0.15,32.0,1.7,245,2026-09-12 12:00:00,PT5M,93.657,100.0,100.0,79.5075,66.7725
827,829,530,299,37,0.15,31.8,1.8,245,2026-09-12 12:05:00,PT5M,92.973,100.0,100.0,78.6967,65.8475
819,821,516,306,37,0.15,31.6,1.8,244,2026-09-12 12:10:00,PT5M,92.27,100.0,100.0,77.8584,64.8875
811,813,502,313,38,0.15,31.4,1.9,244,2026-09-12 12:15:00,PT5M,91.548,100.0,100.0,76.9951,63.897
803,805,488,319,38,0.15,31.2,1.9,244,2026-09-12 12:20:00,PT5M,90.804,100.0,100.0,76.1035,62.8725
794,796,474,325,38,0.15,31.0,2.0,244,2026-09-12 12:25:00,PT5M,90.012,100.0,100.0,75.1554,61.784
785,787,459,331,38,0.15,30.8,2.0,244,2026-09-12 12:30:00,PT5M,89.184,100.0,100.0,74.1642,60.646
777,779,448,335,38,0.15,30.6,2.0,243,2026-09-12 12:35:00,PT5M,88.511,100.0,100.0,73.3481,59.701
770,772,440,338,38,0.15,30.6,2.1,243,2026-09-12 12:40:00,PT5M,87.993,100.0,100.0,72.7064,58.948
763,765,432,340,38,0.15,30.6,2.1,243,2026-09-12 12:45:00,PT5M,87.446,100.0,100.0,72.0299,58.155
755,757,424,343,38,0.15,30.6,2.1,243,2026-09-12 12:50:00,PT5M,86.87,100.0,100.0,71.3174,57.3195
747,749,415,344,38,0.15,30.5,2.1,243,2026-09-12 12:55:00,PT5M,86.255,100.0,100.0,70.5518,56.4185
739,741,407,346,38,0.15,30.5,2.2,243,2026-09-12 13:00:00,PT5M,85.614,100.0,100.0,69.7585,55.488
730,732,400,347,38,0.15,30.5,2.2,243,2026-09-12 13:05:00,PT5M,84.985,100.0,100.0,68.9897,54.5935
722,724,393,347,38,0.15,30.5,2.2,243,2026-09-12 13:10:00,PT5M,84.352,100.0,100.0,68.2162,53.6935
713,715,386,347,38,0.15,30.4,2.3,243,2026-09-12 13:15:00,PT5M,83.672,100.0,99.9649,67.3791,52.715
703,705,380,347,38,0.15,30.4,2.3,243,2026-09-12 13:20:00,PT5M,82.959,100.0,99.4153,66.5027,51.6915
694,696,373,347,38,0.15,30.4,2.3,242,2026-09-12 13:25:00,PT5M,82.213,100.0,98.8375,65.5885,50.626
684,686,366,346,38,0.15,30.3,2.4,242,2026-09-12 13:30:00,PT5M,81.436,100.0,98.2318,64.6402,49.5235
673,675,359,345,38,0.15,30.6,2.4,242,2026-09-12 13:35:00,PT5M,80.659,100.0,97.6253,63.6927,48.4225
663,665,352,344,38,0.15,31.0,2.4,240,2026-09-12 13:40:00,PT5M,79.822,100.0,96.9588,62.6852,47.2615
652,654,345,342,38,0.15,31.5,2.4,238,2026-09-12 13:45:00,PT5M,79.015,100.0,96.3247,61.7053,46.126
641,643,339,340,37,0.15,32.0,2.4,236,2026-09-12 13:50:00,PT5M,78.181,100.0,95.6665,60.6955,44.958
629,632,332,338,37,0.15,32.4,2.4,235,2026-09-12 13:55:00,PT5M,77.314,100.0,94.9787,59.6493,43.7505
618,620,325,336,37,0.15,32.9,2.5,233,2026-09-12 14:00:00,PT5M,76.415,100.0,94.2618,58.5682,42.5055
606,608,318,334,37,0.15,33.4,2.5,232,2026-09-12 14:05:00,PT5M,75.474,100.0,93.5069,57.4411,41.211
594,596,311,331,36,0.15,33.9,2.5,230,2026-09-12 14:10:00,PT5M,74.485,100.0,92.7094,56.2606,39.858
581,584,303,329,36,0.15,34.4,2.5,229,2026-09-12 14:15:00,PT5M,73.461,100.0,91.8802,55.0418,38.464
569,571,296,326,36,0.15,35.0,2.5,227,2026-09-12 14:20:00,PT5M,72.404,100.0,91.02,53.788,37.033
556,558,289,323,36,0.15,35.5,2.6,226,2026-09-12 14:25:00,PT5M,71.297,100.0,90.113,52.481,35.546
543,545,281,320,36,0.15,36.0,2.6,224,2026-09-12 14:30:00,PT5M,70.119,100.0,89.1397,51.0983,33.979
528,531,271,316,35,0.15,36.5,2.6,224,2026-09-12 14:35:00,PT5M,68.769,100.0,88.0047,49.5333,32.2205
513,515,260,313,35,0.15,36.9,2.6,225,2026-09-12 14:40:00,PT5M,67.247,100.0,86.6983,47.7957,30.289
498,500,249,310,35,0.15,37.3,2.6,227,2026-09-12 14:45:00,PT5M,65.685,100.0,85.232,46.138,28.545
483,485,239,306,35,0.15,37.7,2.7,228,2026-09-12 14:50:00,PT5M,64.086,100.0,83.7212,44.4508,26.7785
468,470,228,302,35,0.15,38.1,2.7,229,2026-09-12 14:55:00,PT5M,62.448,99.908,82.1635,42.7325,24.988
452,454,218,298,35,0.15,38.5,2.7,230,2026-09-12 15:00:00,PT5M,60.802,98.398,80.589,41.015,23.206
437,439,207,294,35,0.15,38.9,2.7,232,2026-09-12 15:05:00,PT5M,59.078,96.773,78.9171,39.2389,21.383
422,424,196,289,34,0.15,39.3,2.7,233,2026-09-12 15:10:00,PT5M,57.348,95.098,77.2161,37.4799,19.598
407,409,186,284,34,0.15,39.7,2.8,234,2026-09-12 15:15:00,PT5M,55.572,93.295,75.4259,35.7181,17.849
392,394,176,279,34,0.15,40.1,2.8,235,2026-09-12 15:20:00,PT5M,53.75,91.474,73.6044,33.8956,16.026
377,379,165,273,34,0.15,40.6,2.8,236,2026-09-12 15:25:00,PT5M,51.871,89.569,71.7117,32.0303,14.173
362,363,155,267,34,0.15,41.0,2.8,237,2026-09-12 15:30:00,PT5M,49.937,87.576,69.7467,30.1273,12.298
348,350,148,260,34,0.15,41.3,2.9,238,2026-09-12 15:35:00,PT5M,48.33,85.8145,68.0584,28.6016,10.8455
336,338,144,253,34,0.15,41.6,3.1,239,2026-09-12 15:40:00,PT5M,47.047,84.281,66.6435,27.4505,9.813
324,326,140,246,34,0.15,41.8,3.3,239,2026-09-12 15:45:00,PT5M,45.712,82.6455,65.1504,26.2736,8.7785
312,313,135,238,34,0.15,42.0,3.5,240,2026-09-12 15:50:00,PT5M,44.321,80.846,63.5444,25.0976,7.796
299,300,130,231,33,0.15,42.3,3.6,240,2026-09-12 15:55:00,PT5M,42.849,78.882,61.8134,23.8846,6.816
286,288,125,223,33,0.15,42.5,3.8,241,2026-09-12 16:00:00,PT5M,41.297,76.76,59.9614,22.6326,5.834
273,275,120,215,33,0.15,42.8,4.0,241,2026-09-12 16:05:00,PT5M,39.72,74.5705,58.0621,21.3779,4.8695
260,262,116,207,33,0.15,43.0,4.2,241,2026-09-12 16:10:00,PT5M,38.127,72.338,56.1325,20.1215,3.916
247,249,111,198,33,0.15,43.3,4.3,242,2026-09-12 16:15:00,PT5M,36.466,69.988,54.1089,18.8231,2.944
234,236,105,190,33,0.15,43.5,4.5,242,2026-09-12 16:20:00,PT5M,34.963,67.7515,52.2198,17.7062,2.1745
221,223,99,181,33,0.15,43.8,4.7,242,2026-09-12 16:25:00,PT5M,33.023,64.0795,49.3683,16.6777,1.9665
208,210,93,172,33,0.15,44.0,4.9,242,2026-09-12 16:30:00,PT5M,30.895,59.807,46.1116,15.6784,1.983
196,197,89,163,33,0.15,44.2,5.0,242,2026-09-12 16:35:00,PT5M,28.904,55.688,43.0006,14.8074,2.12
184,185,85,154,33,0.15,44.3,5.0,240,2026-09-12 16:40:00,PT5M,27.036,51.6375,39.9839,14.0881,2.4345
171,173,81,145,33,0.15,44.5,5.0,239,2026-09-12 16:45:00,PT5M,25.098,47.582,36.9315,13.2645,2.614
159,160,77,136,33,0.15,44.6,5.1,237,2026-09-12 16:50:00,PT5M,23.082,43.4725,33.8137,12.3503,2.6915
146,148,71,126,33,0.15,44.7,5.1,236,2026-09-12 16:55:00,PT5M,21.014,39.346,30.6623,11.3657,2.682
134,135,64,117,33,0.15,44.8,5.1,234,2026-09-12 17:00:00,PT5M,18.925,35.2465,27.5151,10.3349,2.6035
121,122,56,108,33,0.15,45.0,5.2,233,2026-09-12 17:05:00,PT5M,16.826,31.209,24.3959,9.2561,2.443
108,109,43,98,32,0.15,45.1,5.2,232,2026-09-12 17:10:00,PT5M,14.533,27.098,21.146,7.92,1.968
95,95,29,89,32,0.15,45.2,5.3,230,2026-09-12 17:15:00,PT5M,12.324,23.171,18.0329,6.6151,1.477
82,83,14,80,32,0.15,45.3,5.3,229,2026-09-12 17:20:00,PT5M,10.127,19.314,14.9622,5.2918,0.94
70,70,0,70,32,0.15,45.5,5.4,228,2026-09-12 17:25:00,PT5M,8.178,15.7285,12.1519,4.2041,0.6275
58,58,0,58,32,0.15,45.6,5.4,226,2026-09-12 17:30:00,PT5M,6.781,12.742,9.9183,3.6437,0.82
47,47,0,47,32,0.15,45.9,5.4,226,2026-09-12 17:35:00,PT5M,5.296,9.806,7.6696,2.9224,0.786
36,36,0,36,32,0.15,46.3,5.4,225,2026-09-12 17:40:00,PT5M,3.933,7.1565,5.6296,2.2364,0.7095
27,27,0,27,32,0.15,46.8,5.4,225,2026-09-12 17:45:00,PT5M,2.784,4.986,3.9429,1.6251,0.582
18,18,0,18,32,0.15,47.2,5.4,225,2026-09-12 17:50:00,PT5M,1.739,3.0355,2.4214,1.0566,0.4425
11,11,0,11,32,0.15,47.7,5.4,225,2026-09-12 17:55:00,PT5M,0.795,1.521,1.1771,0.4129,0.069
5,5,0,5,31,0.15,48.1,5.4,225,2026-09-12 18:00:00,PT5M,0.0,0.123,0.0647,0.0,0.0
0,0,0,0,31,0.15,48.6,5.4,225,2026-09-12 18:05:00,PT5M,0.0,0.0,0.0,0.0,0.0
0,0,0,0,31,0.15,49.1,5.4,224,2026-09-12 18:10:00,PT5M,0.0,0.0,0.0,0.0,0.0
0,0,0,0,31,0.15,49.5,5.4,224,2026-09-12 18:15:00,PT5M,0.0,0.0,0.0,0.0,0.0
0,0,0,0,31,0.15,50.0,5.4,224,2026-09-12 18:20:00,PT5M,0.0,0.0,0.0,0.0,0.0
0,0,0,0,31,0.15,50.5,5.4,224,2026-09-12 18:25:00,PT5M,0.0,0.0,0.0,0.0,0.0
0,0,0,0,31,0.15,51.0,5.4,224,2026-09-12 18:30:00,PT5M,0.0,0.0,0.0,0.0,0.0
0,0,0,0,30,0.15,51.5,5.4,223,2026-09-12 18:35:00,PT5M,0.0,0.0,0.0,0.0,0.0
0,0,0,0,30,0.15,52.1,5.4,223,2026-09-12 18:40:00,PT5M,0.0,0.0,0.0,0.0,0.0
0,0,0,0,30,0.15,52.7,5.4,223,2026-09-12 18:45:00,PT5M,0.0,0.0,0.0,0.0,0.0
0,0,0,0,30,0.15,53.4,5.4,222,2026-09-12 18:50:00,PT5M,0.0,0.0,0.0,0.0,0.0
0,0,0,0,30,0.15,54.0,5.5,222,2026-09-12 18:55:00,PT5M,0.0,0.0,0.0,0.0,0.0
0,0,0,0,30,0.15,54.6,5.5,222,2026-09-12 19:00:00,PT5M,0.0,0.0,0.0,0.0,0.0
0,0,0,0,30,0.15,55.3,5.5,222,2026-09-12 19:05:00,PT5M,0.0,0.0,0.0,0.0,0.0
0,0,0,0,29,0.15,55.9,5.5,221,2026-09-12 19:10:00,PT5M,0.0,0.0,0.0,0.0,0.0
0,0,0,0,29,0.15,56.6,5.5,221,2026-09-12 19:15:00,PT5M,0.0,0.0,0.0,0.0,0.0
0,0,0,0,29,0.15,57.3,5.6,221,2026-09-12 19:20:00,PT5M,0.0,0.0,0.0,0.0,0.0
0,0,0,0,29,0.15,58.0,5.6,220,2026-09-12 19:25:00,PT5M,0.0,0.0,0.0,0.0,0.0
0,0,0,0,29,0.15,58.7,5.6,220,2026-09-12 19:30:00,PT5M,0.0,0.0,0.0,0.0,0.0
0,0,0,0,29,0.15,59.3,5.6,220,2026-09-12 19:35:00,PT5M,0.0,0.0,0.0,0.0,0.0
0,0,0,0,29,0.15,59.8,5.5,221,2026-09-12 19:40:00,PT5M,0.0,0.0,0.0,0.0,0.0
0,0,0,0,29,0.15,60.3,5.5,222,2026-09-12 19:45:00,PT5M,0.0,0.0,0.0,0.0,0.0
0,0,0,0,28,0.15,60.8,5.4,222,2026-09-12 19:50:00,PT5M,0.0,0.0,0.0,0.0,0.0
0,0,0,0,28,0.15,61.3,5.4,223,2026-09-12 19:55:00,PT5M,0.0,0.0,0.0,0.0,0.0
0,0,0,0,28,0.15,61.8,5.3,224,2026-09-12 20:00:00,PT5M,0.0,0.0,0.0,0.0,0.0
0,0,0,0,28,0.15,62.3,5.3,225,2026-09-12 20:05:00,PT5M,0.0,0.0,0.0,0.0,0.0
0,0,0,0,28,0.15,62.9,5.2,225,2026-09-12 20:10:00,PT5M,0.0,0.0,0.0,0.0,0.0
0,0,0,0,28,0.15,63.4,5.2,226,2026-09-12 20:15:00,PT5M,0.0,0.0,0.0,0.0,0.0
0,0,0,0,28,0.15,63.9,5.1,227,2026-09-12 20:20:00,PT5M,0.0,0.0,0.0,0.0,0.0
0,0,0,0,28,0.15,64.5,5.1,228,2026-09-12 20:25:00,PT5M,0.0,0.0,0.0,0.0,0.0
0,0,0,0,28,0.15,65.0,5.1,229,2026-09-12 20:30:00,PT5M,0.0,0.0,0.0,0.0,0.0
0,0,0,0,28,0.15,65.5,5.0,229,2026-09-12 20:35:00,PT5M,0.0,0.0,0.0,0.0,0.0
0,0,0,0,28,0.15,65.9,4.9,229,2026-09-12 20:40:00,PT5M,0.0,0.0,0.0,0.0,0.0
0,0,0,0,28,0.15,66.3,4.8,229,2026-09-12 20:45:00,PT5M,0.0,0.0,0.0,0.0,0.0
0,0,0,0,28,0.15,66.7,4.7,229,2026-09-12 20:50:00,PT5M,0.0,0.0,0.0,0.0,0.0
0,0,0,0,27,0.15,67.1,4.6,229,2026-09-12 20:55:00,PT5M,0.0,0.0,0.0,0.0,0.0
0,0,0,0,27,0.15,67.5,4.5,229,2026-09-12 21:00:00,PT5M,0.0,0.0,0.0,0.0,0.0
0,0,0,0,27,0.15,67.9,4.5,229,2026-09-12 21:05:00,PT5M,0.0,0.0,0.0,0.0,0.0
0,0,0,0,27,0.15,68.3,4.4,229,2026-09-12 21:10:00,PT5M,0.0,0.0,0.0,0.0,0.0
0,0,0,0,27,0.15,68.7,4.3,229,2026-09-12 21:15:00,PT5M,0.0,0.0,0.0,0.0,0.0
0,0,0,0,27,0.15,69.1,4.2,229,2026-09-12 21:20:00,PT5M,0.0,0.0,0.0,0.0,0.0
0,0,0,0,27,0.15,69.5,4.1,229,2026-09-12 21:25:00,PT5M,0.0,0.0,0.0,0.0,0.0
0,0,0,0,27,0.15,69.9,4.0,229,2026-09-12 21:30:00,PT5M,0.0,0.0,0.0,0.0,0.0
0,0,0,0,27,0.15,70.4,3.9,229,2026-09-12 21:35:00,PT5M,0.0,0.0,0.0,0.0,0.0
0,0,0,0,27,0.15,70.9,3.9,229,2026-09-12 21:40:00,PT5M,0.0,0.0,0.0,0.0,0.0
0,0,0,0,27,0.15,71.5,3.9,229,2026-09-12 21:45:00,PT5M,0.0,0.0,0.0,0.0,0.0
0,0,0,0,27,0.15,72.0,3.8,229,2026-09-12 21:50:00,PT5M,0.0,0.0,0.0,0.0,0.0
0,0,0,0,27,0.15,72.5,3.8,229,2026-09-12 21:55:00,PT5M,0.0,0.0,0.0,0.0,0.0
0,0,0,0,26,0.15,73.1,3.7,229,2026-09-12 22:00:00,PT5M,0.0,0.0,0.0,0.0,0.0
0,0,0,0,26,0.15,73.6,3.7,229,2026-09-12 22:05:00,PT5M,0.0,0.0,0.0,0.0,0.0
0,0,0,0,26,0.15,74.2,3.7,229,2026-09-12 22:10:00,PT5M,0.0,0.0,0.0,0.0,0.0
0,0,0,0,26,0.15,74.7,3.6,229,2026-09-12 22:15:00,PT5M,0.0,0.0,0.0,0.0,0.0
0,0,0,0,26,0.15,75.3,3.6,229,2026-09-12 22:20:00,PT5M,0.0,0.0,0.0,0.0,0.0
0,0,0,0,26,0.15,75.9,3.5,229,2026-09-12 22:25:00,PT5M,0.0,0.0,0.0,0.0,0.0
0,0,0,0,26,0.15,76.4,3.5,229,2026-09-12 22:30:00,PT5M,0.0,0.0,0.0,0.0,0.0
0,0,0,0,26,0.15,76.7,3.5,228,2026-09-12 22:35:00,PT5M,0.0,0.0,0.0,0.0,0.0
0,0,0,0,26,0.15,76.6,3.4,228,2026-09-12 22:40:00,PT5M,0.0,0.0,0.0,0.0,0.0
0,0,0,0,26,0.15,76.5,3.4,228,2026-09-12 22:45:00,PT5M,0.0,0.0,0.0,0.0,0.0
0,0,0,0,26,0.15,76.4,3.4,228,2026-09-12 22:50:00,PT5M,0.0,0.0,0.0,0.0,0.0
0,0,0,0,26,0.15,76.4,3.3,228,2026-09-12 22:55:00,PT5M,0.0,0.0,0.0,0.0,0.0
0,0,0,0,26,0.15,76.3,3.3,228,2026-09-12 23:00:00,PT5M,0.0,0.0,0.0,0.0,0.0
0,0,0,0,26,0.15,76.2,3.3,228,2026-09-12 23:05:00,PT5M,0.0,0.0,0.0,0.0,0.0
0,0,0,0,26,0.15,76.1,3.2,228,2026-09-12 23:10:00,PT5M,0.0,0.0,0.0,0.0,0.0
0,0,0,0,26,0.15,76.0,3.2,228,2026-09-12 23:15:00,PT5M,0.0,0.0,0.0,0.0,0.0
0,0,0,0,26,0.15,76.0,3.2,228,2026-09-12 23:20:00,PT5M,0.0,0.0,0.0,0.0,0.0
0,0,0,0,26,0.15,75.9,3.2,228,2026-09-12 23:25:00,PT5M,0.0,0.0,0.0,0.0,0.0
0,0,0,0,26,0.15,75.8,3.1,228,2026-09-12 23:30:00,PT5M,0.0,0.0,0.0,0.0,0.0
0,0,0,0,26,0.15,75.8,3.1,228,2026-09-12 23:35:00,PT5M,0.0,0.0,0.0,0.0,0.0
0,0,0,0,26,0.15,75.9,3.1,227,2026-09-12 23:40:00,PT5M,0.0,0.0,0.0,0.0,0.0
0,0,0,0,26,0.15,75.9,3.0,227,2026-09-12 23:45:00,PT5M,0.0,0.0,0.0,0.0,0.0
0,0,0,0,26,0.15,76.0,3.0,227,2026-09-12 23:50:00,PT5M,0.0,0.0,0.0,0.0,0.0
0,0,0,0,26,0.15,76.0,3.0,227,2026-09-12 23:55:00,PT5M,0.0,0.0,0.0,0.0,0.0
0,0,0,0,26,0.15,76.1,2.9,227,2026-09-13 00:00:00,PT5M,0.0,0.0,0.0,0.0,0.0
0,0,0,0,26,0.15,76.2,2.9,227,2026-09-13 00:05:00,PT5M,0.0,0.0,0.0,0.0,0.0
0,0,0,0,26,0.15,76.2,2.9,227,2026-09-13 00:10:00,PT5M,0.0,0.0,0.0,0.0,0.0
0,0,0,0,26,0.15,76.3,2.8,227,2026-09-13 00:15:00,PT5M,0.0,0.0,0.0,0.0,0.0
0,0,0,0,26,0.15,76.4,2.8,226,2026-09-13 00:20:00,PT5M,0.0,0.0,0.0,0.0,0.0
0,0,0,0,26,0.15,76.4,2.8,226,2026-09-13 00:25:00,PT5M,0.0,0.0,0.0,0.0,0.0
0,0,0,0,26,0.15,76.5,2.8,226,2026-09-13 00:30:00,PT5M,0.0,0.0,0.0,0.0,0.0
0,0,0,0,26,0.15,76.5,2.7,226,2026-09-13 00:35:00,PT5M,0.0,0.0,0.0,0.0,0.0
0,0,0,0,26,0.15,76.6,2.7,226,2026-09-13 00:40:00,PT5M,0.0,0.0,0.0,0.0,0.0
0,0,0,0,26,0.15,76.7,2.7,226,2026-09-13 00:45:00,PT5M,0.0,0.0,0.0,0.0,0.0
0,0,0,0,26,0.15,76.7,2.6,225,2026-09-13 00:50:00,PT5M,0.0,0.0,0.0,0.0,0.0
0,0,0,0,26,0.15,76.8,2.6,225,2026-09-13 00:55:00,PT5M,0.0,0.0,0.0,0.0,0.0
0,0,0,0,26,0.15,76.9,2.6,225,2026-09-13 01:00:00,PT5M,0.0,0.0,0.0,0.0,0.0
0,0,0,0,25,0.15,76.9,2.5,225,2026-09-13 01:05:00,PT5M,0.0,0.0,0.0,0.0,0.0
0,0,0,0,25,0.15,77.0,2.5,225,2026-09-13 01:10:00,PT5M,0.0,0.0,0.0,0.0,0.0
0,0,0,0,25,0.15,77.1,2.5,225,2026-09-13 01:15:00,PT5M,0.0,0.0,0.0,0.0,0.0
0,0,0,0,25,0.15,77.1,2.4,224,2026-09-13 01:20:00,PT5M,0.0,0.0,0.0,0.0,0.0
0,0,0,0,25,0.15,77.2,2.4,224,2026-09-13 01:25:00,PT5M,0.0,0.0,0.0,0.0,0.0
0,0,0,0,25,0.15,77.2,2.4,224,2026-09-13 01:30:00,PT5M,0.0,0.0,0.0,0.0,0.0
0,0,0,0,25,0.15,77.3,2.3,224,2026-09-13 01:35:00,PT5M,0.0,0.0,0.0,0.0,0.0
0,0,0,0,25,0.15,77.4,2.3,224,2026-09-13 01:40:00,PT5M,0.0,0.0,0.0,0.0,0.0
0,0,0,0,25,0.15,77.4,2.3,223,2026-09-13 01:45:00,PT5M,0.0,0.0,0.0,0.0,0.0
0,0,0,0,25,0.15,77.5,2.2,223,2026-09-13 01:50:00,PT5M,0.0,0.0,0.0,0.0,0.0
0,0,0,0,25,0.15,77.6,2.2,223,2026-09-13 01:55:00,PT5M,0.0,0.0,0.0,0.0,0.0
0,0,0,0,25,0.15,77.6,2.2,223,2026-09-13 02:00:00,PT5M,0.0,0.0,0.0,0.0,0.0
0,0,0,0,25,0.15,77.7,2.2,222,2026-09-13 02:05:00,PT5M,0.0,0.0,0.0,0.0,0.0
0,0,0,0,25,0.15,77.8,2.1,222,2026-09-13 02:10:00,PT5M,0.0,0.0,0.0,0.0,0.0
0,0,0,0,25,0.15,77.8,2.1,222,2026-09-13 02:15:00,PT5M,0.0,0.0,0.0,0.0,0.0
0,0,0,0,25,0.15,77.9,2.1,222,2026-09-13 02:20:00,PT5M,0.0,0.0,0.0,0.0,0.0
0,0,0,0,25,0.15,77.9,2.0,221,2026-09-13 02:25:00,PT5M,0.0,0.0,0.0,0.0,0.0
0,0,0,0,25,0.15,78.0,2.0,221,2026-09-13 02:30:00,PT5M,0.0,0.0,0.0,0.0,0.0
0,0,0,0,25,0.15,78.1,2.0,221,2026-09-13 02:35:00,PT5M,0.0,0.0,0.0,0.0,0.0
0,0,0,0,25,0.15,78.1,2.0,221,2026-09-13 02:40:00,PT5M,0.0,0.0,0.0,0.0,0.0
0,0,0,0,25,0.15,78.2,2.0,221,2026-09-13 02:45:00,PT5M,0.0,0.0,0.0,0.0,0.0
0,0,0,0,25,0.15,78.3,2.0,222,2026-09-13 02:50:00,PT5M,0.0,0.0,0.0,0.0,0.0
0,0,0,0,25,0.15,78.3,2.0,222,2026-09-13 02:55:00,PT5M,0.0,0.0,0.0,0.0,0.0
0,0,0,0,25,0.15,78.4,2.0,222,2026-09-13 03:00:00,PT5M,0.0,0.0,0.0,0.0,0.0
0,0,0,0,25,0.15,78.5,2.0,222,2026-09-13 03:05:00,PT5M,0.0,0.0,0.0,0.0,0.0
0,0,0,0,25,0.15,78.5,2.0,223,2026-09-13 03:10:00,PT5M,0.0,0.0,0.0,0.0,0.0
0,0,0,0,25,0.15,78.6,2.0,223,2026-09-13 03:15:00,PT5M,0.0,0.0,0.0,0.0,0.0
0,0,0,0,25,0.15,78.7,2.0,223,2026-09-13 03:20:00,PT5M,0.0,0.0,0.0,0.0,0.0
0,0,0,0,25,0.15,78.7,2.0,223,2026-09-13 03:25:00,PT5M,0.0,0.0,0.0,0.0,0.0
0,0,0,0,25,0.15,78.8,2.0,224,2026-09-13 03:30:00,PT5M,0.0,0.0,0.0,0.0,0.0
0,0,0,0,25,0.15,78.9,2.0,224,2026-09-13 03:35:00,PT5M,0.0,0.0,0.0,0.0,0.0
0,0,0,0,25,0.15,78.9,2.0,224,2026-09-13 03:40:00,PT5M,0.0,0.0,0.0,0.0,0.0
0,0,0,0,25,0.15,79.0,2.0,224,2026-09-13 03:45:00,PT5M,0.0,0.0,0.0,0.0,0.0
0,0,0,0,25,0.15,79.1,2.0,224,2026-09-13 03:50:00,PT5M,0.0,0.0,0.0,0.0,0.0
0,0,0,0,25,0.15,79.1,2.0,225,2026-09-13 03:55:00,PT5M,0.0,0.0,0.0,0.0,0.0
0,0,0,0,25,0.15,79.2,2.0,225,2026-09-13 04:00:00,PT5M,0.0,0.0,0.0,0.0,0.0
0,0,0,0,25,0.15,79.2,2.0,225,2026-09-13 04:05:00,PT5M,0.0,0.0,0.0,0.0,0.0
0,0,0,0,25,0.15,79.3,2.0,225,2026-09-13 04:10:00,PT5M,0.0,0.0,0.0,0.0,0.0
0,0,0,0,25,0.15,79.4,2.0,226,2026-09-13 04:15:00,PT5M,0.0,0.0,0.0,0.0,0.0
0,0,0,0,25,0.15,79.4,2.0,226,2026-09-13 04:20:00,PT5M,0.0,0.0,0.0,0.0,0.0
0,0,0,0,25,0.15,79.5,2.0,226,2026-09-13 04:25:00,PT5M,0.0,0.0,0.0,0.0,0.0
0,0,0,0,25,0.15,79.6,2.0,226,2026-09-13 04:30:00,PT5M,0.0,0.0,0.0,0.0,0.0
0,0,0,0,25,0.15,79.6,2.0,226,2026-09-13 04:35:00,PT5M,0.0,0.0,0.0,0.0,0.0
0,0,0,0,25,0.15,79.7,2.0,227,2026-09-13 04:40:00,PT5M,0.0,0.0,0.0,0.0,0.0
0,0,0,0,25,0.15,79.8,2.0,227,2026-09-13 04:45:00,PT5M,0.0,0.0,0.0,0.0,0.0
0,0,0,0,25,0.15,79.8,2.0,227,2026-09-13 04:50:00,PT5M,0.0,0.0,0.0,0.0,0.0
0,0,0,0,25,0.15,79.9,2.0,227,2026-09-13 04:55:00,PT5M,0.0,0.0,0.0,0.0,0.0
0,0,0,0,25,0.15,80.0,2.0,228,2026-09-13 05:00:00,PT5M,0.0,0.0,0.0,0.0,0.0
0,0,0,0,25,0.15,80.0,2.0,228,2026-09-13 05:05:00,PT5M,0.0,0.0,0.0,0.0,0.0
0,0,0,0,25,0.15,80.1,2.0,228,2026-09-13 05:10:00,PT5M,0.0,0.0,0.0,0.0,0.0
0,0,0,0,25,0.15,80.2,2.0,228,2026-09-13 05:15:00,PT5M,0.0,0.0,0.0,0.0,0.0
0,0,0,0,25,0.15,80.2,2.0,229,2026-09-13 05:20:00,PT5M,0.0,0.0,0.0,0.0,0.0
0,0,0,0,25,0.15,80.3,2.0,229,2026-09-13 05:25:00,PT5M,0.0,0.0,0.0,0.0,0.0
0,0,0,0,25,0.15,80.4,2.0,229,2026-09-13 05:30:00,PT5M,0.0,0.0,0.0,0.0,0.0
0,0,0,0,25,0.15,80.0,2.0,229,2026-09-13 05:35:00,PT5M,0.0,0.0,0.0,0.0,0.0
0,0,0,0,25,0.15,79.3,2.0,230,2026-09-13 05:40:00,PT5M,0.0,0.0,0.0,0.0,0.0
0,0,0,0,25,0.15,78.6,2.0,231,2026-09-13 05:45:00,PT5M,0.0,0.0,0.0,0.0,0.0
0,0,0,0,25,0.15,77.9,2.1,231,2026-09-13 05:50:00,PT5M,0.0,0.0,0.0,0.0,0.0
0,0,0,0,25,0.15,77.2,2.1,232,2026-09-13 05:55:00,PT5M,0.0,0.0,0.0,0.0,0.0
0,0,0,0,25,0.15,76.5,2.1,232,2026-09-13 06:00:00,PT5M,0.0,0.0,0.0,0.0,0.0
4,4,0,4,26,0.15,75.9,2.1,233,2026-09-13 06:05:00,PT5M,0.0,0.0545,0.0287,0.0,0.0
11,11,0,11,26,0.15,75.2,2.1,233,2026-09-13 06:10:00,PT5M,0.759,1.414,1.1037,0.4143,0.104
18,18,0,18,26,0.15,74.5,2.2,234,2026-09-13 06:15:00,PT5M,1.752,2.9735,2.3949,1.1091,0.5305
27,27,0,27,26,0.15,73.8,2.2,234,2026-09-13 06:20:00,PT5M,2.854,4.971,3.9682,1.7398,0.737
37,37,0,37,26,0.15,73.2,2.2,235,2026-09-13 06:25:00,PT5M,4.064,7.2645,5.7484,2.3796,0.8635
47,48,0,48,26,0.15,72.5,2.2,235,2026-09-13 06:30:00,PT5M,5.488,10.023,7.8748,3.1012,0.953
60,60,3,59,26,0.15,71.9,2.2,236,2026-09-13 06:35:00,PT5M,7.184,13.2165,10.3589,4.0091,1.1515
73,73,29,68,27,0.15,71.3,2.3,236,2026-09-13 06:40:00,PT5M,9.575,17.2165,13.5968,5.5532,1.9335
87,87,55,77,27,0.15,70.6,2.3,236,2026-09-13 06:45:00,PT5M,12.278,21.565,17.1658,7.3902,2.991
102,103,82,85,27,0.15,70.0,2.3,237,2026-09-13 06:50:00,PT5M,15.334,26.2665,21.0879,9.5801,4.4015
117,119,109,93,27,0.15,69.4,2.3,237,2026-09-13 06:55:00,PT5M,18.589,31.204,25.2284,11.9496,5.974
134,135,136,101,27,0.15,68.8,2.3,238,2026-09-13 07:00:00,PT5M,22.104,36.4845,29.6726,14.5354,7.7235
150,152,157,108,27,0.15,68.2,2.4,238,2026-09-13 07:05:00,PT5M,25.571,41.8045,34.1148,17.0272,9.3375
166,168,177,116,27,0.15,67.6,2.4,239,2026-09-13 07:10:00,PT5M,29.104,47.2365,38.6473,19.5607,10.9715
183,185,195,123,27,0.15,67.0,2.4,239,2026-09-13 07:15:00,PT5M,32.788,52.849,43.3462,22.2298,12.727
200,202,213,130,28,0.15,66.4,2.4,239,2026-09-13 07:20:00,PT5M,36.553,58.6055,48.1594,24.9466,14.5005
217,219,231,137,28,0.15,65.8,2.5,240,2026-09-13 07:25:00,PT5M,40.389,64.397,53.0246,27.7534,16.381
235,237,248,143,28,0.15,65.2,2.5,240,2026-09-13 07:30:00,PT5M,44.301,70.2675,57.9674,30.6346,18.3345
252,255,265,149,28,0.15,64.6,2.5,241,2026-09-13 07:35:00,PT5M,48.286,76.2245,62.9902,33.5818,20.3475
270,272,281,155,28,0.15,64.1,2.5,241,2026-09-13 07:40:00,PT5M,52.348,82.3045,68.1143,36.5817,22.3915
288,291,297,161,28,0.15,63.5,2.6,241,2026-09-13 07:45:00,PT5M,56.128,87.794,72.794,39.462,24.462
306,309,313,166,28,0.15,63.0,2.6,242,2026-09-13 07:50:00,PT5M,58.811,91.0085,75.7568,41.8652,26.6135
325,327,329,171,28,0.15,62.4,2.6,242,2026-09-13 07:55:00,PT5M,61.417,94.091,78.6136,44.2204,28.743
343,346,345,175,29,0.15,61.9,2.6,242,2026-09-13 08:00:00,PT5M,63.938,97.0315,81.3553,46.5207,30.8445
361,364,360,179,29,0.15,61.3,2.6,243,2026-09-13 08:05:00,PT5M,66.363,99.812,83.9674,48.7586,32.914
380,383,376,183,29,0.15,60.8,2.7,243,2026-09-13 08:10:00,PT5M,68.649,100.0,86.4021,50.8959,34.9175
399,402,391,187,29,0.15,60.3,2.7,243,2026-09-13 08:15:00,PT5M,70.847,100.0,88.7054,52.9886,36.9155
417,420,406,190,29,0.15,59.7,2.7,244,2026-09-13 08:20:00,PT5M,72.915,100.0,90.8331,54.9969,38.87
436,439,420,193,29,0.15,59.2,2.7,244,2026-09-13 08:25:00,PT5M,74.832,100.0,92.7522,56.9118,40.783
454,457,434,196,29,0.15,58.7,2.8,244,2026-09-13 08:30:00,PT5M,76.642,100.0,94.5278,58.7562,42.6585
472,475,445,199,30,0.15,58.0,2.8,244,2026-09-13 08:35:00,PT5M,78.131,100.0,95.9857,60.2763,44.2065
488,491,453,203,30,0.15,57.2,2.7,245,2026-09-13 08:40:00,PT5M,79.313,100.0,97.1477,61.4783,45.4265
505,507,461,206,30,0.15,56.5,2.7,245,2026-09-13 08:45:00,PT5M,80.433,100.0,98.2361,62.6299,46.6065
521,523,468,210,30,0.15,55.7,2.7,245,2026-09-13 08:50:00,PT5M,81.495,100.0,99.2602,63.7298,47.7405
536,539,476,213,30,0.15,54.9,2.6,245,2026-09-13 08:55:00,PT5M,82.511,100.0,100.0,64.7921,48.8445
552,555,482,217,30,0.15,54.2,2.6,246,2026-09-13 09:00:00,PT5M,83.481,100.0,100.0,65.7879,49.8635
568,571,491,219,31,0.15,53.4,2.6,246,2026-09-13 09:05:00,PT5M,84.504,100.0,100.0,66.8738,51.006
584,586,500,221,31,0.15,52.7,2.6,246,2026-09-13 09:10:00,PT5M,85.549,100.0,100.0,67.9882,52.183
599,602,508,223,31,0.15,52.0,2.5,246,2026-09-13 09:15:00,PT5M,86.55,100.0,100.0,69.0766,53.35
615,618,517,225,31,0.15,51.3,2.5,247,2026-09-13 09:20:00,PT5M,87.509,100.0,100.0,70.2595,54.7345
630,633,525,226,31,0.15,50.6,2.5,247,2026-09-13 09:25:00,PT5M,88.428,100.0,100.0,71.3983,56.071
645,648,534,227,31,0.15,49.9,2.4,247,2026-09-13 09:30:00,PT5M,89.31,100.0,100.0,72.4953,57.3615
659,661,540,229,32,0.15,49.2,2.4,247,2026-09-13 09:35:00,PT5M,90.038,100.0,100.0,73.4243,58.4715
671,674,543,232,32,0.15,48.5,2.4,248,2026-09-13 09:40:00,PT5M,90.571,100.0,100.0,74.1436,59.3585
683,686,546,235,32,0.15,47.8,2.3,248,2026-09-13 09:45:00,PT5M,91.042,100.0,100.0,74.792,60.1665
695,697,548,238,32,0.15,47.2,2.3,248,2026-09-13 09:50:00,PT5M,91.46,100.0,100.0,75.3792,60.906
706,708,550,240,32,0.15,46.6,2.3,249,2026-09-13 09:55:00,PT5M,91.854,100.0,100.0,75.9361,61.6095
716,718,552,243,33,0.15,45.9,2.3,249,2026-09-13 10:00:00,PT5M,92.224,100.0,100.0,76.4622,62.276
726,728,554,246,33,0.15,45.3,2.2,249,2026-09-13 10:05:00,PT5M,92.559,100.0,100.0,76.9432,62.8885
736,738,554,249,33,0.15,44.7,2.2,250,2026-09-13 10:10:00,PT5M,92.86,100.0,100.0,77.3826,63.4525
745,747,555,252,33,0.15,44.1,2.2,250,2026-09-13 10:15:00,PT5M,93.137,100.0,100.0,77.7912,63.9795
754,756,556,255,33,0.15,43.5,2.1,250,2026-09-13 10:20:00,PT5M,93.393,100.0,100.0,78.1722,64.473
762,764,557,257,33,0.15,42.9,2.1,251,2026-09-13 10:25:00,PT5M,93.629,100.0,100.0,78.5269,64.9345
770,772,557,260,34,0.15,42.3,2.1,251,2026-09-13 10:30:00,PT5M,93.847,100.0,100.0,78.8578,65.367
778,780,559,262,34,0.15,41.7,2.1,251,2026-09-13 10:35:00,PT5M,94.105,100.0,100.0,79.2231,65.829
786,788,561,263,34,0.15,41.2,2.0,252,2026-09-13 10:40:00,PT5M,94.401,100.0,100.0,79.6207,66.318
794,796,564,265,34,0.15,40.6,2.0,252,2026-09-13 10:45:00,PT5M,94.674,100.0,100.0,79.989,66.772
801,803,566,266,34,0.15,40.1,2.0,253,2026-09-13 10:50:00,PT5M,94.922,100.0,100.0,80.3249,67.187
808,810,568,267,34,0.15,39.5,2.0,253,2026-09-13 10:55:00,PT5M,95.144,100.0,100.0,80.625,67.5575
815,817,570,268,35,0.15,39.0,1.9,254,2026-09-13 11:00:00,PT5M,95.334,100.0,100.0,80.8745,67.8605
821,822,572,269,35,0.15,38.5,1.9,254,2026-09-13 11:05:00,PT5M,95.495,100.0,100.0,81.085,68.1155
826,828,573,270,35,0.15,38.0,1.9,254,2026-09-13 11:10:00,PT5M,95.637,100.0,100.0,81.2851,68.368
831,833,575,271,35,0.15,37.4,1.8,255,2026-09-13 11:15:00,PT5M,95.761,100.0,100.0,81.4652,68.5985
835,837,576,272,35,0.15,36.9,1.8,255,2026-09-13 11:20:00,PT5M,95.86,100.0,100.0,81.6031,68.7715
840,841,577,273,35,0.15,36.5,1.8,256,2026-09-13 11:25:00,PT5M,95.937,100.0,100.0,81.7099,68.905
843,845,578,273,36,0.15,36.0,1.8,256,2026-09-13 11:30:00,PT5M,95.994,100.0,100.0,81.7884,69.003
843,845,573,277,36,0.15,35.7,1.8,255,2026-09-13 11:35:00,PT5M,95.762,100.0,100.0,81.5257,68.7125
840,842,562,283,36,0.15,35.7,1.8,253,2026-09-13 11:40:00,PT5M,95.245,100.0,100.0,80.9258,68.038
837,838,551,289,36,0.15,35.6,1.8,250,2026-09-13 11:45:00,PT5M,94.709,100.0,100.0,80.2992,67.33
832,834,540,295,36,0.15,35.6,1.9,247,2026-09-13 11:50:00,PT5M,94.121,100.0,100.0,79.6091,66.548
828,829,529,301,36,0.15,35.5,1.9,245,2026-09-13 11:55:00,PT5M,93.575,100.0,100.0,78.9545,65.7955
822,824,518,307,36,0.15,35.5,2.0,243,2026-09-13 12:00:00,PT5M,92.945,100.0,100.0,78.2089,64.946
817,818,507,312,36,0.15,35.4,2.0,241,2026-09-13 12:05:00,PT5M,92.367,100.0,100.0,77.5107,64.1395
811,813,497,317,36,0.15,35.4,2.1,239,2026-09-13 12:10:00,PT5M,91.841,100.0,100.0,76.8599,63.3765
805,806,487,321,36,0.15,35.4,2.1,237,2026-09-13 12:15:00,PT5M,91.293,100.0,100.0,76.1811,62.58
798,800,477,325,36,0.15,35.3,2.2,235,2026-09-13 12:20:00,PT5M,90.723,100.0,100.0,75.4743,61.75
791,792,466,329,36,0.15,35.3,2.3,233,2026-09-13 12:25:00,PT5M,90.095,100.0,100.0,74.7003,60.8445
783,784,455,333,36,0.15,35.2,2.3,231,2026-09-13 12:30:00,PT5M,89.44,100.0,100.0,73.8934,59.901
775,777,446,336,36,0.15,35.2,2.4,230,2026-09-13 12:35:00,PT5M,88.816,100.0,100.0,73.1131,58.98
768,769,437,338,36,0.15,35.1,2.5,228,2026-09-13 12:40:00,PT5M,88.223,100.0,100.0,72.3593,58.0815
760,761,429,340,36,0.15,35.1,2.5,227,2026-09-13 12:45:00,PT5M,87.603,100.0,100.0,71.5735,57.1465
751,753,420,342,36,0.15,35.0,2.6,226,2026-09-13 12:50:00,PT5M,86.953,100.0,100.0,70.7514,56.1695
743,744,412,344,36,0.15,35.0,2.7,225,2026-09-13 12:55:00,PT5M,86.265,100.0,100.0,69.879,55.131
734,735,403,345,36,0.15,35.0,2.8,223,2026-09-13 13:00:00,PT5M,85.553,100.0,100.0,68.983,54.0695
724,726,394,346,36,0.15,34.9,2.8,222,2026-09-13 13:05:00,PT5M,84.818,100.0,100.0,68.0733,53.0025
715,716,385,348,36,0.15,34.9,2.9,221,2026-09-13 13:10:00,PT5M,84.035,100.0,100.0,67.1092,51.8755
704,706,376,349,36,0.15,34.8,3.0,220,2026-09-13 13:15:00,PT5M,83.205,100.0,100.0,66.085,50.6765
694,696,366,350,36,0.15,34.8,3.1,219,2026-09-13 13:20:00,PT5M,82.338,100.0,99.6569,65.0191,49.4315
683,685,357,351,36,0.15,34.8,3.1,218,2026-09-13 13:25:00,PT5M,81.435,100.0,98.9558,63.9142,48.145
672,674,348,351,36,0.15,34.7,3.2,218,2026-09-13 13:30:00,PT5M,80.447,100.0,98.1709,62.7231,46.771
661,663,339,351,36,0.15,34.7,3.3,217,2026-09-13 13:35:00,PT5M,79.538,100.0,97.4561,61.6199,45.493
651,652,332,350,36,0.15,34.6,3.4,216,2026-09-13 13:40:00,PT5M,78.657,100.0,96.7609,60.5531,44.259
640,642,324,349,36,0.15,34.6,3.5,215,2026-09-13 13:45:00,PT5M,77.748,100.0,96.039,59.457,42.9945
629,630,317,348,36,0.15,34.5,3.5,214,2026-09-13 13:50:00,PT5M,76.809,100.0,95.2887,58.3293,41.697
617,619,310,346,36,0.15,34.5,3.6,214,2026-09-13 13:55:00,PT5M,75.837,100.0,94.5072,57.1668,40.363
606,608,302,344,36,0.15,34.5,3.7,213,2026-09-13 14:00:00,PT5M,74.83,100.0,93.6926,55.9674,38.9905
594,596,295,342,36,0.15,34.4,3.8,213,2026-09-13 14:05:00,PT5M,73.799,100.0,92.855,54.743,37.592
582,584,288,339,36,0.15,34.4,3.9,212,2026-09-13 14:10:00,PT5M,72.74,100.0,91.9918,53.4882,36.161
570,572,281,336,36,0.15,34.3,4.0,211,2026-09-13 14:15:00,PT5M,71.648,100.0,91.0972,52.1988,34.694
557,559,274,333,36,0.15,34.3,4.0,211,2026-09-13 14:20:00,PT5M,70.524,100.0,90.1713,50.8767,33.1935
545,546,266,330,37,0.15,34.2,4.1,210,2026-09-13 14:25:00,PT5M,69.347,100.0,89.1946,49.4994,31.636
532,533,259,326,37,0.15,34.2,4.2,210,2026-09-13 14:30:00,PT5M,68.106,100.0,88.1557,48.0563,30.011
518,520,250,323,36,0.15,34.4,4.3,210,2026-09-13 14:35:00,PT5M,66.788,100.0,86.9877,46.5883,28.408
504,506,241,319,36,0.15,34.9,4.3,210,2026-09-13 14:40:00,PT5M,65.39,100.0,85.6528,45.1272,26.89
490,491,232,315,36,0.15,35.4,4.4,210,2026-09-13 14:45:00,PT5M,63.954,100.0,84.2731,43.6349,25.347
475,477,223,311,36,0.15,35.9,4.4,210,2026-09-13 14:50:00,PT5M,62.481,100.0,82.8496,42.1124,23.78
461,462,214,306,36,0.15,36.4,4.5,210,2026-09-13 14:55:00,PT5M,60.995,99.775,81.4052,40.5848,22.215
446,448,205,301,35,0.15,36.9,4.5,210,2026-09-13 15:00:00,PT5M,59.448,98.2905,79.8911,39.0049,20.6055
432,433,196,296,35,0.15,37.4,4.6,210,2026-09-13 15:05:00,PT5M,57.875,96.751,78.3357,37.4143,18.999
418,419,187,291,35,0.15,38.0,4.6,210,2026-09-13 15:10:00,PT5M,56.305,95.1265,76.737,35.873,17.4835
403,405,178,285,35,0.15,38.5,4.7,210,2026-09-13 15:15:00,PT5M,54.69,93.4855,75.1083,34.2717,15.8945
389,390,170,279,35,0.15,39.1,4.7,211,2026-09-13 15:20:00,PT5M,53.032,91.7955,73.4335,32.6305,14.2685
374,376,161,273,35,0.15,39.6,4.7,211,2026-09-13 15:25:00,PT5M,51.317,90.0265,71.6901,30.9439,12.6075
360,362,152,267,34,0.15,40.2,4.8,211,2026-09-13 15:30:00,PT5M,49.548,88.172,69.8761,29.2199,10.924
347,348,146,260,34,0.15,40.8,4.8,211,2026-09-13 15:35:00,PT5M,47.983,86.4615,68.2345,27.7315,9.5045
334,336,141,253,34,0.15,41.3,4.9,211,2026-09-13 15:40:00,PT5M,46.617,84.884,66.7572,26.4768,8.35
321,323,137,245,34,0.15,41.9,4.9,211,2026-09-13 15:45:00,PT5M,45.203,83.1915,65.1966,25.2094,7.2145
309,310,131,238,34,0.15,42.5,5.0,211,2026-09-13 15:50:00,PT5M,43.733,81.3375,63.5245,23.9415,6.1285
296,297,126,230,33,0.15,43.1,5.0,211,2026-09-13 15:55:00,PT5M,42.187,79.3225,61.7317,22.6423,5.0515
283,284,120,222,33,0.15,43.8,5.1,211,2026-09-13 16:00:00,PT5M,40.565,77.1515,59.8207,21.3093,3.9785
269,271,115,214,33,0.15,44.4,5.1,211,2026-09-13 16:05:00,PT5M,38.899,74.8815,57.8368,19.9612,2.9165
256,258,109,206,33,0.15,45.0,5.2,211,2026-09-13 16:10:00,PT5M,37.194,72.5275,55.7903,18.5977,1.8605
243,244,103,197,33,0.15,45.7,5.2,212,2026-09-13 16:15:00,PT5M,35.65,70.282,53.8771,17.4229,1.018
230,231,96,189,32,0.15,46.3,5.3,212,2026-09-13 16:20:00,PT5M,33.82,67.7005,51.6515,15.9885,0.0
217,218,90,180,32,0.15,47.0,5.3,212,2026-09-13 16:25:00,PT5M,31.8,63.7785,48.6305,14.9695,0.0
203,205,83,172,32,0.15,47.7,5.4,212,2026-09-13 16:30:00,PT5M,29.638,59.423,45.3141,13.9619,0.0
190,191,76,163,32,0.15,48.4,5.4,212,2026-09-13 16:35:00,PT5M,27.383,55.0115,41.9241,12.8419,0.0
177,178,67,154,32,0.15,49.1,5.4,212,2026-09-13 16:40:00,PT5M,25.075,50.53,38.4721,11.6779,0.0
163,164,58,145,31,0.15,49.8,5.5,212,2026-09-13 16:45:00,PT5M,22.782,46.1345,35.0726,10.4914,0.0
150,151,49,135,31,0.15,50.5,5.5,212,2026-09-13 16:50:00,PT5M,20.492,41.7505,31.6805,9.3035,0.0
137,138,39,126,31,0.15,51.2,5.6,212,2026-09-13 16:55:00,PT5M,18.235,37.4225,28.3335,8.1365,0.0
124,125,28,117,31,0.15,52.0,5.6,212,2026-09-13 17:00:00,PT5M,16.039,33.1915,25.0665,7.0115,0.0
111,112,17,107,31,0.15,52.7,5.7,212,2026-09-13 17:05:00,PT5M,13.962,29.145,21.9529,5.9711,0.0
98,98,2,98,31,0.15,53.5,5.7,212,2026-09-13 17:10:00,PT5M,11.739,25.057,18.7484,4.7296,0.0
85,85,0,85,30,0.15,54.2,5.8,212,2026-09-13 17:15:00,PT5M,10.106,21.6435,16.1783,4.0337,0.0
73,73,0,73,30,0.15,55.0,5.8,212,2026-09-13 17:20:00,PT5M,8.542,18.337,13.6972,3.3868,0.0
61,62,0,62,30,0.15,55.8,5.9,213,2026-09-13 17:25:00,PT5M,7.148,15.225,11.399,2.897,0.0
50,51,0,51,30,0.15,56.7,5.9,213,2026-09-13 17:30:00,PT5M,5.835,12.2425,9.2073,2.4627,0.0
40,41,0,41,30,0.15,57.3,5.9,213,2026-09-13 17:35:00,PT5M,4.513,9.3595,7.0637,1.9623,0.0
31,32,0,32,29,0.15,57.8,5.8,213,2026-09-13 17:40:00,PT5M,3.354,6.81,5.1729,1.5351,0.0
23,23,0,23,29,0.15,58.3,5.8,214,2026-09-13 17:45:00,PT5M,2.358,4.6905,3.5856,1.1304,0.0255
16,16,0,16,29,0.15,58.8,5.7,214,2026-09-13 17:50:00,PT5M,1.436,2.8185,2.1636,0.7084,0.0535
10,10,0,10,29,0.15,59.3,5.6,215,2026-09-13 17:55:00,PT5M,0.59,1.251,0.9379,0.2421,0.0
4,4,0,4,29,0.15,59.8,5.5,216,2026-09-13 18:00:00,PT5M,0.0,0.0645,0.0339,0.0,0.0
0,0,0,0,29,0.15,60.4,5.5,216,2026-09-13 18:05:00,PT5M,0.0,0.0,0.0,0.0,0.0
0,0,0,0,29,0.15,60.9,5.4,217,2026-09-13 18:10:00,PT5M,0.0,0.0,0.0,0.0,0.0
0,0,0,0,29,0.15,61.4,5.3,217,2026-09-13 18:15:00,PT5M,0.0,0.0,0.0,0.0,0.0
0,0,0,0,29,0.15,62.0,5.3,218,2026-09-13 18:20:00,PT5M,0.0,0.0,0.0,0.0,0.0
0,0,0,0,28,0.15,62.5,5.2,219,2026-09-13 18:25:00,PT5M,0.0,0.0,0.0,0.0,0.0
0,0,0,0,28,0.15,63.0,5.1,219,2026-09-13 18:30:00,PT5M,0.0,0.0,0.0,0.0,0.0
0,0,0,0,28,0.15,63.6,5.1,220,2026-09-13 18:35:00,PT5M,0.0,0.0,0.0,0.0,0.0
0,0,0,0,28,0.15,64.1,5.0,221,2026-09-13 18:40:00,PT5M,0.0,0.0,0.0,0.0,0.0
0,0,0,0,28,0.15,64.7,5.0,221,2026-09-13 18:45:00,PT5M,0.0,0.0,0.0,0.0,0.0
0,0,0,0,28,0.15,65.3,4.9,222,2026-09-13 18:50:00,PT5M,0.0,0.0,0.0,0.0,0.0
0,0,0,0,28,0.15,65.8,4.8,223,2026-09-13 18:55:00,PT5M,0.0,0.0,0.0,0.0,0.0
0,0,0,0,28,0.15,66.4,4.8,224,2026-09-13 19:00:00,PT5M,0.0,0.0,0.0,0.0,0.0
0,0,0,0,28,0.15,67.0,4.7,225,2026-09-13 19:05:00,PT5M,0.0,0.0,0.0,0.0,0.0
0,0,0,0,27,0.15,67.6,4.6,225,2026-09-13 19:10:00,PT5M,0.0,0.0,0.0,0.0,0.0
0,0,0,0,27,0.15,68.2,4.6,226,2026-09-13 19:15:00,PT5M,0.0,0.0,0.0,0.0,0.0
0,0,0,0,27,0.15,68.8,4.5,227,2026-09-13 19:20:00,PT5M,0.0,0.0,0.0,0.0,0.0
0,0,0,0,27,0.15,69.4,4.5,228,2026-09-13 19:25:00,PT5M,0.0,0.0,0.0,0.0,0.0
0,0,0,0,27,0.15,70.0,4.4,229,2026-09-13 19:30:00,PT5M,0.0,0.0,0.0,0.0,0.0
0,0,0,0,27,0.15,70.6,4.4,230,2026-09-13 19:35:00,PT5M,0.0,0.0,0.0,0.0,0.0
0,0,0,0,27,0.15,71.2,4.3,231,2026-09-13 19:40:00,PT5M,0.0,0.0,0.0,0.0,0.0
0,0,0,0,27,0.15,71.9,4.3,232,2026-09-13 19:45:00,PT5M,0.0,0.0,0.0,0.0,0.0
0,0,0,0,27,0.15,72.5,4.2,233,2026-09-13 19:50:00,PT5M,0.0,0.0,0.0,0.0,0.0
0,0,0,0,26,0.15,73.1,4.2,234,2026-09-13 19:55:00,PT5M,0.0,0.0,0.0,0.0,0.0
0,0,0,0,26,0.15,73.8,4.1,235,2026-09-13 20:00:00,PT5M,0.0,0.0,0.0,0.0,0.0
0,0,0,0,26,0.15,74.4,4.1,236,2026-09-13 20:05:00,PT5M,0.0,0.0,0.0,0.0,0.0
0,0,0,0,26,0.15,75.1,4.0,237,2026-09-13 20:10:00,PT5M,0.0,0.0,0.0,0.0,0.0
0,0,0,0,26,0.15,75.7,4.0,238,2026-09-13 20:15:00,PT5M,0.0,0.0,0.0,0.0,0.0
0,0,0,0,26,0.15,76.4,3.9,239,2026-09-13 20:20:00,PT5M,0.0,0.0,0.0,0.0,0.0
0,0,0,0,26,0.15,77.1,3.9,240,2026-09-13 20:25:00,PT5M,0.0,0.0,0.0,0.0,0.0
0,0,0,0,26,0.15,77.8,3.9,242,2026-09-13 20:30:00,PT5M,0.0,0.0,0.0,0.0,0.0
0,0,0,0,26,0.15,78.1,3.8,242,2026-09-13 20:35:00,PT5M,0.0,0.0,0.0,0.0,0.0
0,0,0,0,26,0.15,78.2,3.8,242,2026-09-13 20:40:00,PT5M,0.0,0.0,0.0,0.0,0.0
0,0,0,0,26,0.15,78.3,3.7,241,2026-09-13 20:45:00,PT5M,0.0,0.0,0.0,0.0,0.0
0,0,0,0,26,0.15,78.4,3.7,241,2026-09-13 20:50:00,PT5M,0.0,0.0,0.0,0.0,0.0
0,0,0,0,26,0.15,78.5,3.6,240,2026-09-13 20:55:00,PT5M,0.0,0.0,0.0,0.0,0.0
0,0,0,0,26,0.15,78.6,3.6,240,2026-09-13 21:00:00,PT5M,0.0,0.0,0.0,0.0,0.0
0,0,0,0,26,0.15,78.7,3.5,239,2026-09-13 21:05:00,PT5M,0.0,0.0,0.0,0.0,0.0
0,0,0,0,26,0.15,78.8,3.5,239,2026-09-13 21:10:00,PT5M,0.0,0.0,0.0,0.0,0.0
0,0,0,0,26,0.15,78.9,3.4,238,2026-09-13 21:15:00,PT5M,0.0,0.0,0.0,0.0,0.0
0,0,0,0,26,0.15,79.0,3.4,238,2026-09-13 21:20:00,PT5M,0.0,0.0,0.0,0.0,0.0
0,0,0,0,26,0.15,79.1,3.3,237,2026-09-13 21:25:00,PT5M,0.0,0.0,0.0,0.0,0.0
0,0,0,0,26,0.15,79.2,3.3,237,2026-09-13 21:30:00,PT5M,0.0,0.0,0.0,0.0,0.0
0,0,0,0,26,0.15,79.3,3.2,236,2026-09-13 21:35:00,PT5M,0.0,0.0,0.0,0.0,0.0
0,0,0,0,26,0.15,79.3,3.2,236,2026-09-13 21:40:00,PT5M,0.0,0.0,0.0,0.0,0.0
0,0,0,0,25,0.15,79.4,3.2,235,2026-09-13 21:45:00,PT5M,0.0,0.0,0.0,0.0,0.0
0,0,0,0,25,0.15,79.5,3.1,235,2026-09-13 21:50:00,PT5M,0.0,0.0,0.0,0.0,0.0
0,0,0,0,25,0.15,79.6,3.1,234,2026-09-13 21:55:00,PT5M,0.0,0.0,0.0,0.0,0.0
0,0,0,0,25,0.15,79.7,3.0,233,2026-09-13 22:00:00,PT5M,0.0,0.0,0.0,0.0,0.0
0,0,0,0,25,0.15,79.8,3.0,233,2026-09-13 22:05:00,PT5M,0.0,0.0,0.0,0.0,0.0
0,0,0,0,25,0.15,79.9,2.9,232,2026-09-13 22:10:00,PT5M,0.0,0.0,0.0,0.0,0.0
0,0,0,0,25,0.15,80.0,2.9,231,2026-09-13 22:15:00,PT5M,0.0,0.0,0.0,0.0,0.0
0,0,0,0,25,0.15,80.1,2.8,231,2026-09-13 22:20:00,PT5M,0.0,0.0,0.0,0.0,0.0
0,0,0,0,25,0.15,80.2,2.8,230,2026-09-13 22:25:00,PT5M,0.0,0.0,0.0,0.0,0.0
0,0,0,0,25,0.15,80.3,2.8,229,2026-09-13 22:30:00,PT5M,0.0,0.0,0.0,0.0,0.0
0,0,0,0,25,0.15,80.4,2.7,229,2026-09-13 22:35:00,PT5M,0.0,0.0,0.0,0.0,0.0
0,0,0,0,25,0.15,80.5,2.7,228,2026-09-13 22:40:00,PT5M,0.0,0.0,0.0,0.0,0.0
0,0,0,0,25,0.15,80.6,2.6,227,2026-09-13 22:45:00,PT5M,0.0,0.0,0.0,0.0,0.0
0,0,0,0,25,0.15,80.7,2.6,226,2026-09-13 22:50:00,PT5M,0.0,0.0,0.0,0.0,0.0
0,0,0,0,25,0.15,80.8,2.6,225,2026-09-13 22:55:00,PT5M,0.0,0.0,0.0,0.0,0.0
0,0,0,0,25,0.15,80.8,2.5,224,2026-09-13 23:00:00,PT5M,0.0,0.0,0.0,0.0,0.0
0,0,0,0,25,0.15,80.9,2.5,223,2026-09-13 23:05:00,PT5M,0.0,0.0,0.0,0.0,0.0
0,0,0,0,25,0.15,81.0,2.4,223,2026-09-13 23:10:00,PT5M,0.0,0.0,0.0,0.0,0.0
0,0,0,0,25,0.15,81.1,2.4,222,2026-09-13 23:15:00,PT5M,0.0,0.0,0.0,0.0,0.0
0,0,0,0,25,0.15,81.2,2.4,221,2026-09-13 23:20:00,PT5M,0.0,0.0,0.0,0.0,0.0
0,0,0,0,25,0.15,81.3,2.3,219,2026-09-13 23:25:00,PT5M,0.0,0.0,0.0,0.0,0.0
0,0,0,0,25,0.15,81.4,2.3,218,2026-09-13 23:30:00,PT5M,0.0,0.0,0.0,0.0,0.0
0,0,0,0,25,0.15,81.4,2.3,218,2026-09-13 23:35:00,PT5M,0.0,0.0,0.0,0.0,0.0
0,0,0,0,25,0.15,81.4,2.3,218,2026-09-13 23:40:00,PT5M,0.0,0.0,0.0,0.0,0.0
0,0,0,0,25,0.15,81.4,2.4,218,2026-09-13 23:45:00,PT5M,0.0,0.0,0.0,0.0,0.0
0,0,0,0,25,0.15,81.4,2.4,218,2026-09-13 23:50:00,PT5M,0.0,0.0,0.0,0.0,0.0
0,0,0,0,25,0.15,81.3,2.5,218,2026-09-13 23:55:00,PT5M,0.0,0.0,0.0,0.0,0.0
0,0,0,0,25,0.15,81.3,2.5,218,2026-09-14 00:00:00,PT5M,0.0,0.0,0.0,0.0,0.0
0,0,0,0,25,0.15,81.3,2.6,218,2026-09-14 00:05:00,PT5M,0.0,0.0,0.0,0.0,0.0
0,0,0,0,25,0.15,81.2,2.6,217,2026-09-14 00:10:00,PT5M,0.0,0.0,0.0,0.0,0.0
0,0,0,0,25,0.15,81.2,2.7,217,2026-09-14 00:15:00,PT5M,0.0,0.0,0.0,0.0,0.0
0,0,0,0,25,0.15,81.2,2.7,217,2026-09-14 00:20:00,PT5M,0.0,0.0,0.0,0.0,0.0
0,0,0,0,25,0.15,81.2,2.7,217,2026-09-14 00:25:00,PT5M,0.0,0.0,0.0,0.0,0.0
0,0,0,0,25,0.15,81.1,2.8,217,2026-09-14 00:30:00,PT5M,0.0,0.0,0.0,0.0,0.0
0,0,0,0,25,0.15,81.1,2.8,217,2026-09-14 00:35:00,PT5M,0.0,0.0,0.0,0.0,0.0
0,0,0,0,25,0.15,81.1,2.9,217,2026-09-14 00:40:00,PT5M,0.0,0.0,0.0,0.0,0.0
0,0,0,0,25,0.15,81.0,2.9,217,2026-09-14 00:45:00,PT5M,0.0,0.0,0.0,0.0,0.0
0,0,0,0,25,0.15,81.0,3.0,217,2026-09-14 00:50:00,PT5M,0.0,0.0,0.0,0.0,0.0
0,0,0,0,25,0.15,81.0,3.0,217,2026-09-14 00:55:00,PT5M,0.0,0.0,0.0,0.0,0.0
0,0,0,0,25,0.15,81.0,3.0,217,2026-09-14 01:00:00,PT5M,0.0,0.0,0.0,0.0,0.0
0,0,0,0,25,0.15,80.9,3.1,217,2026-09-14 01:05:00,PT5M,0.0,0.0,0.0,0.0,0.0
0,0,0,0,25,0.15,80.9,3.1,217,2026-09-14 01:10:00,PT5M,0.0,0.0,0.0,0.0,0.0
0,0,0,0,25,0.15,80.9,3.2,217,2026-09-14 01:15:00,PT5M,0.0,0.0,0.0,0.0,0.0
0,0,0,0,25,0.15,80.8,3.2,217,2026-09-14 01:20:00,PT5M,0.0,0.0,0.0,0.0,0.0
0,0,0,0,25,0.15,80.8,3.3,217,2026-09-14 01:25:00,PT5M,0.0,0.0,0.0,0.0,0.0
0,0,0,0,25,0.15,80.8,3.3,217,2026-09-14 01:30:00,PT5M,0.0,0.0,0.0,0.0,0.0
0,0,0,0,25,0.15,80.8,3.4,217,2026-09-14 01:35:00,PT5M,0.0,0.0,0.0,0.0,0.0
0,0,0,0,25,0.15,80.7,3.4,217,2026-09-14 01:40:00,PT5M,0.0,0.0,0.0,0.0,0.0
0,0,0,0,25,0.15,80.7,3.4,217,2026-09-14 01:45:00,PT5M,0.0,0.0,0.0,0.0,0.0
0,0,0,0,25,0.15,80.7,3.5,217,2026-09-14 01:50:00,PT5M,0.0,0.0,0.0,0.0,0.0
0,0,0,0,25,0.15,80.6,3.5,217,2026-09-14 01:55:00,PT5M,0.0,0.0,0.0,0.0,0.0
0,0,0,0,25,0.15,80.6,3.6,217,2026-09-14 02:00:00,PT5M,0.0,0.0,0.0,0.0,0.0
0,0,0,0,25,0.15,80.6,3.6,217,2026-09-14 02:05:00,PT5M,0.0,0.0,0.0,0.0,0.0
0,0,0,0,25,0.15,80.6,3.7,217,2026-09-14 02:10:00,PT5M,0.0,0.0,0.0,0.0,0.0
0,0,0,0,25,0.15,80.5,3.7,217,2026-09-14 02:15:00,PT5M,0.0,0.0,0.0,0.0,0.0
0,0,0,0,25,0.15,80.5,3.8,217,2026-09-14 02:20:00,PT5M,0.0,0.0,0.0,0.0,0.0
0,0,0,0,25,0.15,80.5,3.8,217,2026-09-14 02:25:00,PT5M,0.0,0.0,0.0,0.0,0.0
0,0,0,0,25,0.15,80.4,3.8,217,2026-09-14 02:30:00,PT5M,0.0,0.0,0.0,0.0,0.0
0,0,0,0,25,0.15,80.4,3.9,217,2026-09-14 02:35:00,PT5M,0.0,0.0,0.0,0.0,0.0
0,0,0,0,25,0.15,80.3,3.9,217,2026-09-14 02:40:00,PT5M,0.0,0.0,0.0,0.0,0.0
0,0,0,0,25,0.15,80.3,3.9,217,2026-09-14 02:45:00,PT5M,0.0,0.0,0.0,0.0,0.0
0,0,0,0,25,0.15,80.2,3.9,217,2026-09-14 02:50:00,PT5M,0.0,0.0,0.0,0.0,0.0
0,0,0,0,25,0.15,80.2,3.9,218,2026-09-14 02:55:00,PT5M,0.0,0.0,0.0,0.0,0.0
0,0,0,0,25,0.15,80.1,3.9,218,2026-09-14 03:00:00,PT5M,0.0,0.0,0.0,0.0,0.0
0,0,0,0,25,0.15,80.1,3.9,218,2026-09-14 03:05:00,PT5M,0.0,0.0,0.0,0.0,0.0
0,0,0,0,25,0.15,80.0,3.9,218,2026-09-14 03:10:00,PT5M,0.0,0.0,0.0,0.0,0.0
0,0,0,0,25,0.15,80.0,4.0,218,2026-09-14 03:15:00,PT5M,0.0,0.0,0.0,0.0,0.0
0,0,0,0,25,0.15,79.9,4.0,219,2026-09-14 03:20:00,PT5M,0.0,0.0,0.0,0.0,0.0
0,0,0,0,25,0.15,79.9,4.0,219,2026-09-14 03:25:00,PT5M,0.0,0.0,0.0,0.0,0.0
0,0,0,0,25,0.15,79.8,4.0,219,2026-09-14 03:30:00,PT5M,0.0,0.0,0.0,0.0,0.0
0,0,0,0,25,0.15,79.7,4.0,219,2026-09-14 03:35:00,PT5M,0.0,0.0,0.0,0.0,0.0
0,0,0,0,25,0.15,79.7,4.0,220,2026-09-14 03:40:00,PT5M,0.0,0.0,0.0,0.0,0.0
0,0,0,0,25,0.15,79.6,4.0,220,2026-09-14 03:45:00,PT5M,0.0,0.0,0.0,0.0,0.0
0,0,0,0,25,0.15,79.6,4.0,220,2026-09-14 03:50:00,PT5M,0.0,0.0,0.0,0.0,0.0
0,0,0,0,25,0.15,79.5,4.1,220,2026-09-14 03:55:00,PT5M,0.0,0.0,0.0,0.0,0.0
0,0,0,0,25,0.15,79.5,4.1,220,2026-09-14 04:00:00,PT5M,0.0,0.0,0.0,0.0,0.0
0,0,0,0,25,0.15,79.4,4.1,221,2026-09-14 04:05:00,PT5M,0.0,0.0,0.0,0.0,0.0
0,0,0,0,25,0.15,79.4,4.1,221,2026-09-14 04:10:00,PT5M,0.0,0.0,0.0,0.0,0.0
0,0,0,0,25,0.15,79.3,4.1,221,2026-09-14 04:15:00,PT5M,0.0,0.0,0.0,0.0,0.0
0,0,0,0,25,0.15,79.3,4.1,221,2026-09-14 04:20:00,PT5M,0.0,0.0,0.0,0.0,0.0
0,0,0,0,25,0.15,79.2,4.1,221,2026-09-14 04:25:00,PT5M,0.0,0.0,0.0,0.0,0.0
0,0,0,0,25,0.15,79.2,4.1,222,2026-09-14 04:30:00,PT5M,0.0,0.0,0.0,0.0,0.0
0,0,0,0,25,0.15,79.1,4.2,222,2026-09-14 04:35:00,PT5M,0.0,0.0,0.0,0.0,0.0
0,0,0,0,25,0.15,79.1,4.2,222,2026-09-14 04:40:00,PT5M,0.0,0.0,0.0,0.0,0.0
0,0,0,0,25,0.15,79.0,4.2,222,2026-09-14 04:45:00,PT5M,0.0,0.0,0.0,0.0,0.0
0,0,0,0,25,0.15,78.9,4.2,222,2026-09-14 04:50:00,PT5M,0.0,0.0,0.0,0.0,0.0
0,0,0,0,25,0.15,78.9,4.2,223,2026-09-14 04:55:00,PT5M,0.0,0.0,0.0,0.0,0.0
0,0,0,0,25,0.15,78.8,4.2,223,2026-09-14 05:00:00,PT5M,0.0,0.0,0.0,0.0,0.0
0,0,0,0,25,0.15,78.8,4.2,223,2026-09-14 05:05:00,PT5M,0.0,0.0,0.0,0.0,0.0
0,0,0,0,25,0.15,78.7,4.3,223,2026-09-14 05:10:00,PT5M,0.0,0.0,0.0,0.0,0.0
0,0,0,0,25,0.15,78.7,4.3,223,2026-09-14 05:15:00,PT5M,0.0,0.0,0.0,0.0,0.0
0,0,0,0,25,0.15,78.6,4.3,224,2026-09-14 05:20:00,PT5M,0.0,0.0,0.0,0.0,0.0
0,0,0,0,25,0.15,78.6,4.3,224,2026-09-14 05:25:00,PT5M,0.0,0.0,0.0,0.0,0.0
0,0,0,0,25,0.15,78.5,4.3,224,2026-09-14 05:30:00,PT5M,0.0,0.0,0.0,0.0,0.0
0,0,0,0,25,0.15,78.1,4.3,224,2026-09-14 05:35:00,PT5M,0.0,0.0,0.0,0.0,0.0
0,0,0,0,25,0.15,77.2,4.4,224,2026-09-14 05:40:00,PT5M,0.0,0.0,0.0,0.0,0.0
0,0,0,0,25,0.15,76.4,4.4,224,2026-09-14 05:45:00,PT5M,0.0,0.0,0.0,0.0,0.0
0,0,0,0,26,0.15,75.6,4.4,225,2026-09-14 05:50:00,PT5M,0.0,0.0,0.0,0.0,0.0
0,0,0,0,26,0.15,74.8,4.5,225,2026-09-14 05:55:00,PT5M,0.0,0.0,0.0,0.0,0.0
0,0,0,0,26,0.15,74.0,4.5,225,2026-09-14 06:00:00,PT5M,0.0,0.0,0.0,0.0,0.0
6,6,0,6,26,0.15,73.2,4.6,225,2026-09-14 06:05:00,PT5M,0.083,0.179,0.1335,0.0325,0.0
14,14,0,14,26,0.15,72.4,4.6,225,2026-09-14 06:10:00,PT5M,1.191,1.841,1.5331,0.8489,0.541
23,23,0,23,26,0.15,71.6,4.6,225,2026-09-14 06:15:00,PT5M,2.414,3.6285,3.0532,1.7748,1.1995
33,33,16,32,26,0.15,70.8,4.7,225,2026-09-14 06:20:00,PT5M,3.898,6.104,5.059,2.737,1.692
44,45,44,40,27,0.15,70.1,4.7,225,2026-09-14 06:25:00,PT5M,5.807,9.123,7.5522,4.0618,2.491
57,57,69,49,27,0.15,69.3,4.7,226,2026-09-14 06:30:00,PT5M,8.124,12.735,10.5508,5.6972,3.513
70,71,98,56,27,0.15,68.6,4.8,226,2026-09-14 06:35:00,PT5M,10.924,16.9765,14.1095,7.7385,4.8715
85,86,127,64,27,0.15,67.9,4.8,226,2026-09-14 06:40:00,PT5M,14.006,21.581,17.9928,10.0192,6.431
100,101,155,72,27,0.15,67.1,4.9,226,2026-09-14 06:45:00,PT5M,17.235,26.3385,22.0262,12.4438,8.1315
116,118,181,79,27,0.15,66.4,4.9,226,2026-09-14 06:50:00,PT5M,20.698,31.3085,26.2824,15.1136,10.0875
132,134,207,86,27,0.15,65.7,4.9,226,2026-09-14 06:55:00,PT5M,24.282,36.4315,30.6764,17.8876,12.1325
150,152,233,92,27,0.15,65.0,5.0,226,2026-09-14 07:00:00,PT5M,28.078,41.8435,35.3229,20.8331,14.3125
167,169,252,99,28,0.15,64.3,5.0,226,2026-09-14 07:05:00,PT5M,31.811,47.3465,39.9874,23.6346,16.2755
184,186,270,106,28,0.15,63.6,5.0,226,2026-09-14 07:10:00,PT5M,35.691,53.1135,44.8606,26.5214,18.2685
201,204,287,113,28,0.15,63.0,5.1,226,2026-09-14 07:15:00,PT5M,39.641,58.9885,49.8237,29.4583,20.2935
219,221,303,119,28,0.15,62.3,5.1,227,2026-09-14 07:20:00,PT5M,43.624,64.925,54.8349,32.4131,22.323
237,239,318,125,28,0.15,61.6,5.2,227,2026-09-14 07:25:00,PT5M,47.61,70.882,59.8582,35.3618,24.338
254,257,332,131,28,0.15,61.0,5.2,227,2026-09-14 07:30:00,PT5M,51.602,76.904,64.9186,38.2854,26.3
272,275,345,137,28,0.15,60.3,5.2,227,2026-09-14 07:35:00,PT5M,55.61,82.9165,69.9816,41.2384,28.3035
290,292,357,143,29,0.15,59.7,5.3,227,2026-09-14 07:40:00,PT5M,59.607,88.9745,75.0633,44.1507,30.2395
307,310,369,148,29,0.15,59.1,5.3,227,2026-09-14 07:45:00,PT5M,63.096,94.168,79.4494,46.7426,32.024
325,328,381,154,29,0.15,58.4,5.3,227,2026-09-14 07:50:00,PT5M,65.239,96.915,81.9103,48.5677,33.563
343,346,392,159,29,0.15,57.8,5.4,227,2026-09-14 07:55:00,PT5M,67.286,99.5175,84.2497,50.3223,35.0545
361,363,402,164,29,0.15,57.2,5.4,227,2026-09-14 08:00:00,PT5M,69.232,100.0,86.4609,52.0031,36.4965
378,381,412,169,29,0.15,56.6,5.5,227,2026-09-14 08:05:00,PT5M,71.096,100.0,88.5665,53.6255,37.9015
396,398,422,174,29,0.15,56.0,5.5,227,2026-09-14 08:10:00,PT5M,72.865,100.0,90.5481,55.1819,39.2665
413,416,432,178,30,0.15,55.4,5.5,228,2026-09-14 08:15:00,PT5M,74.496,100.0,92.3502,56.6418,40.5725
430,433,441,182,30,0.15,54.8,5.6,228,2026-09-14 08:20:00,PT5M,75.985,100.0,93.9668,58.0032,41.819
447,450,449,186,30,0.15,54.2,5.6,228,2026-09-14 08:25:00,PT5M,77.311,100.0,95.3654,59.2566,43.007
464,466,457,191,30,0.15,53.7,5.6,228,2026-09-14 08:30:00,PT5M,78.531,100.0,96.6254,60.4366,44.151
481,483,465,194,30,0.15,53.1,5.7,228,2026-09-14 08:35:00,PT5M,79.746,100.0,97.8596,61.6324,45.3295
497,500,474,198,30,0.15,52.6,5.7,228,2026-09-14 08:40:00,PT5M,80.963,100.0,99.0793,62.8467,46.5415
514,517,483,201,30,0.15,52.0,5.8,228,2026-09-14 08:45:00,PT5M,82.115,100.0,100.0,64.0085,47.712
531,533,491,204,31,0.15,51.5,5.8,228,2026-09-14 08:50:00,PT5M,83.205,100.0,100.0,65.1163,48.836
547,549,499,207,31,0.15,50.9,5.8,228,2026-09-14 08:55:00,PT5M,84.244,100.0,100.0,66.1825,49.9265
563,565,507,209,31,0.15,50.4,5.9,228,2026-09-14 09:00:00,PT5M,85.233,100.0,100.0,67.2065,50.982
579,581,516,211,31,0.15,49.9,5.9,228,2026-09-14 09:05:00,PT5M,86.245,100.0,100.0,68.244,52.0425
595,597,524,213,31,0.15,49.4,5.9,227,2026-09-14 09:10:00,PT5M,87.24,100.0,100.0,69.3037,53.1605
611,613,533,215,31,0.15,48.9,6.0,227,2026-09-14 09:15:00,PT5M,88.194,100.0,100.0,70.3277,54.2475
626,628,541,217,32,0.15,48.4,6.0,227,2026-09-14 09:20:00,PT5M,89.145,100.0,100.0,71.4792,55.5795
641,644,549,218,32,0.15,47.9,6.0,227,2026-09-14 09:25:00,PT5M,90.017,100.0,100.0,72.5589,56.846
656,658,557,220,32,0.15,47.4,6.1,227,2026-09-14 09:30:00,PT5M,90.854,100.0,100.0,73.5993,58.0695
670,672,561,222,32,0.15,46.9,6.1,227,2026-09-14 09:35:00,PT5M,91.45,100.0,100.0,74.3666,58.991
681,683,562,226,32,0.15,46.4,6.1,227,2026-09-14 09:40:00,PT5M,91.813,100.0,100.0,74.8667,59.6145
693,694,562,230,32,0.15,45.9,6.2,227,2026-09-14 09:45:00,PT5M,92.114,100.0,100.0,75.2948,60.157
703,705,562,234,33,0.15,45.5,6.2,227,2026-09-14 09:50:00,PT5M,92.369,100.0,100.0,75.6682,60.637
713,715,561,238,33,0.15,45.0,6.2,227,2026-09-14 09:55:00,PT5M,92.605,100.0,100.0,76.0153,61.084
723,724,560,242,33,0.15,44.5,6.3,227,2026-09-14 10:00:00,PT5M,92.82,100.0,100.0,76.3334,61.495
732,733,559,246,33,0.15,44.1,6.3,227,2026-09-14 10:05:00,PT5M,93.015,100.0,100.0,76.6224,61.8685
740,742,558,250,33,0.15,43.6,6.3,227,2026-09-14 10:10:00,PT5M,93.188,100.0,100.0,76.8817,62.2055
749,750,557,254,33,0.15,43.2,6.4,227,2026-09-14 10:15:00,PT5M,93.341,100.0,100.0,77.1136,62.5085
756,758,555,257,34,0.15,42.7,6.4,227,2026-09-14 10:20:00,PT5M,93.473,100.0,100.0,77.3172,62.7765
764,765,553,261,34,0.15,42.3,6.5,227,2026-09-14 10:25:00,PT5M,93.588,100.0,100.0,77.4975,63.0155
771,772,552,265,34,0.15,41.9,6.5,227,2026-09-14 10:30:00,PT5M,93.686,100.0,100.0,77.6544,63.2255
779,780,553,267,34,0.15,41.5,6.5,227,2026-09-14 10:35:00,PT5M,93.949,100.0,100.0,78.0137,63.6715
788,789,558,267,34,0.15,41.0,6.6,227,2026-09-14 10:40:00,PT5M,94.375,100.0,100.0,78.5745,64.3535
797,798,563,267,34,0.15,40.6,6.6,227,2026-09-14 10:45:00,PT5M,94.774,100.0,100.0,79.1035,64.9995
805,806,568,267,34,0.15,40.2,6.6,227,2026-09-14 10:50:00,PT5M,95.146,100.0,100.0,79.5994,65.607
813,814,572,267,35,0.15,39.8,6.7,226,2026-09-14 10:55:00,PT5M,95.49,100.0,100.0,80.0592,66.171
820,822,576,267,35,0.15,39.4,6.7,226,2026-09-14 11:00:00,PT5M,95.8,100.0,100.0,80.4671,66.667
828,829,581,266,35,0.15,39.0,6.7,226,2026-09-14 11:05:00,PT5M,96.088,100.0,100.0,80.8472,67.13
834,835,585,266,35,0.15,38.6,6.8,226,2026-09-14 11:10:00,PT5M,96.362,100.0,100.0,81.2228,67.597
840,841,589,265,35,0.15,38.2,6.8,226,2026-09-14 11:15:00,PT5M,96.615,100.0,100.0,81.5747,68.038
846,847,593,265,35,0.15,37.8,6.8,226,2026-09-14 11:20:00,PT5M,96.842,100.0,100.0,81.8851,68.4235
851,852,597,264,36,0.15,37.4,6.9,226,2026-09-14 11:25:00,PT5M,97.046,100.0,100.0,82.1644,68.7705
856,857,601,263,36,0.15,37.1,6.9,226,2026-09-14 11:30:00,PT5M,97.229,100.0,100.0,82.4156,69.083
856,857,595,267,36,0.15,36.9,6.9,226,2026-09-14 11:35:00,PT5M,96.956,100.0,100.0,82.1136,68.755
851,852,580,275,36,0.15,37.0,6.9,227,2026-09-14 11:40:00,PT5M,96.231,100.0,100.0,81.2612,67.788
845,846,565,283,36,0.15,37.1,6.9,227,2026-09-14 11:45:00,PT5M,95.489,100.0,100.0,80.385,66.791
838,839,550,291,36,0.15,37.2,6.9,227,2026-09-14 11:50:00,PT5M,94.699,100.0,100.0,79.4508,65.727
831,832,534,299,36,0.15,37.3,6.9,228,2026-09-14 11:55:00,PT5M,93.949,100.0,100.0,78.55,64.6905
824,825,519,307,36,0.15,37.4,6.8,228,2026-09-14 12:00:00,PT5M,93.117,100.0,100.0,77.5609,63.56
816,817,504,314,36,0.15,37.5,6.8,229,2026-09-14 12:05:00,PT5M,92.339,100.0,100.0,76.6214,62.475
808,809,490,320,36,0.15,37.6,6.8,229,2026-09-14 12:10:00,PT5M,91.599,100.0,100.0,75.7148,61.4185
799,801,476,326,35,0.15,37.7,6.8,229,2026-09-14 12:15:00,PT5M,90.837,100.0,100.0,74.7815,60.331
790,792,462,332,35,0.15,37.8,6.8,230,2026-09-14 12:20:00,PT5M,90.046,100.0,100.0,73.8134,59.2035
781,782,447,337,35,0.15,37.9,6.8,230,2026-09-14 12:25:00,PT5M,89.203,100.0,100.0,72.7862,58.0105
771,772,433,343,35,0.15,38.0,6.8,231,2026-09-14 12:30:00,PT5M,88.333,100.0,100.0,71.7277,56.7825
761,762,420,347,35,0.15,38.1,6.7,231,2026-09-14 12:35:00,PT5M,87.492,100.0,100.0,70.7062,55.5985
751,753,408,351,35,0.15,38.2,6.7,231,2026-09-14 12:40:00,PT5M,86.681,100.0,100.0,69.7223,54.459
742,743,396,354,35,0.15,38.3,6.7,232,2026-09-14 12:45:00,PT5M,85.84,100.0,100.0,68.704,53.281
731,732,384,357,35,0.15,38.4,6.7,232,2026-09-14 12:50:00,PT5M,84.967,100.0,100.0,67.6483,52.061
721,722,373,360,35,0.15,38.5,6.7,233,2026-09-14 12:55:00,PT5M,84.052,100.0,100.0,66.5404,50.7795
710,711,361,362,35,0.15,38.6,6.7,233,2026-09-14 13:00:00,PT5M,83.113,100.0,100.0,65.4104,49.4775
699,700,349,364,35,0.15,38.7,6.7,233,2026-09-14 13:05:00,PT5M,82.125,100.0,100.0,64.2419,48.1465
687,688,338,366,35,0.15,38.8,6.7,234,2026-09-14 13:10:00,PT5M,81.123,100.0,99.194,63.052,46.7875
675,677,326,367,35,0.15,38.9,6.7,234,2026-09-14 13:15:00,PT5M,80.069,100.0,98.3376,61.8004,45.358
663,665,315,368,35,0.15,39.0,6.6,235,2026-09-14 13:20:00,PT5M,78.976,100.0,97.4454,60.5066,43.8835
651,652,303,369,35,0.15,39.2,6.6,235,2026-09-14 13:25:00,PT5M,77.847,100.0,96.5191,59.1749,42.3695
639,640,292,369,35,0.15,39.3,6.6,235,2026-09-14 13:30:00,PT5M,76.684,100.0,95.559,57.809,40.821
626,627,281,369,35,0.15,39.4,6.6,236,2026-09-14 13:35:00,PT5M,75.489,100.0,94.5671,56.4109,39.24
613,615,270,368,35,0.15,39.5,6.6,236,2026-09-14 13:40:00,PT5M,74.261,100.0,93.542,54.98,37.6265
600,602,260,368,35,0.15,39.6,6.6,237,2026-09-14 13:45:00,PT5M,73.002,100.0,92.4856,53.5184,35.9825
587,589,249,366,35,0.15,39.7,6.6,237,2026-09-14 13:50:00,PT5M,71.711,100.0,91.3975,52.0245,34.306
574,575,239,365,35,0.15,39.8,6.6,238,2026-09-14 13:55:00,PT5M,70.384,100.0,90.2731,50.4949,32.594
561,562,229,363,35,0.15,39.9,6.6,238,2026-09-14 14:00:00,PT5M,69.022,100.0,89.1138,48.9302,30.847
547,548,219,360,35,0.15,40.0,6.6,238,2026-09-14 14:05:00,PT5M,67.626,100.0,87.9204,47.3316,29.066
533,535,209,358,35,0.15,40.1,6.6,239,2026-09-14 14:10:00,PT5M,66.185,100.0,86.6831,45.6869,27.238
520,521,199,354,34,0.15,40.2,6.6,239,2026-09-14 14:15:00,PT5M,64.718,100.0,85.419,44.017,25.3855
506,507,189,351,34,0.15,40.3,6.5,240,2026-09-14 14:20:00,PT5M,63.22,100.0,84.1228,42.3172,23.504
492,493,180,347,34,0.15,40.4,6.5,240,2026-09-14 14:25:00,PT5M,61.666,100.0,82.7707,40.5613,21.5665
478,479,170,343,34,0.15,40.5,6.5,240,2026-09-14 14:30:00,PT5M,60.058,100.0,81.364,38.752,19.576
465,466,162,339,34,0.15,41.0,6.5,241,2026-09-14 14:35:00,PT5M,58.675,99.4775,80.1496,37.2004,17.8725
454,455,157,333,34,0.15,41.7,6.3,241,2026-09-14 14:40:00,PT5M,57.515,98.58,79.1278,35.9022,16.45
442,443,152,328,34,0.15,42.5,6.2,241,2026-09-14 14:45:00,PT5M,56.322,97.5745,78.0335,34.6105,15.0695
430,432,147,322,34,0.15,43.3,6.1,241,2026-09-14 14:50:00,PT5M,55.096,96.373,76.8204,33.3716,13.819
418,420,142,316,33,0.15,44.1,5.9,241,2026-09-14 14:55:00,PT5M,53.837,95.14,75.5751,32.0989,12.534
406,408,137,310,33,0.15,44.9,5.8,241,2026-09-14 15:00:00,PT5M,52.543,93.861,74.289,30.797,11.225
394,396,132,304,33,0.15,45.8,5.7,241,2026-09-14 15:05:00,PT5M,51.219,92.5155,72.9536,29.4844,9.9225
382,384,126,297,33,0.15,46.7,5.5,241,2026-09-14 15:10:00,PT5M,49.869,91.1035,71.571,28.167,8.6345
370,372,120,291,32,0.15,47.5,5.4,241,2026-09-14 15:15:00,PT5M,48.479,89.57,70.1055,26.8525,7.388
358,359,115,284,32,0.15,48.4,5.3,241,2026-09-14 15:20:00,PT5M,47.046,88.022,68.612,25.48,6.07
346,347,109,278,32,0.15,49.3,5.1,241,2026-09-14 15:25:00,PT5M,45.783,86.6195,67.2755,24.2905,4.9465
333,334,103,271,32,0.15,50.3,5.0,241,2026-09-14 15:30:00,PT5M,44.245,84.9085,65.6465,22.8435,3.5815
321,322,97,264,31,0.15,51.2,4.9,240,2026-09-14 15:35:00,PT5M,42.716,83.157,64.0004,21.4316,2.275
309,310,92,256,31,0.15,52.2,4.7,240,2026-09-14 15:40:00,PT5M,41.194,81.3555,62.3313,20.0567,1.0325
297,298,87,249,31,0.15,53.2,4.6,240,2026-09-14 15:45:00,PT5M,39.635,79.442,60.5857,18.6843,0.0
284,285,81,241,31,0.15,54.2,4.5,240,2026-09-14 15:50:00,PT5M,38.035,77.383,58.7441,17.3259,0.0
272,273,75,233,30,0.15,55.2,4.3,240,2026-09-14 15:55:00,PT5M,36.374,75.174,56.7947,15.9533,0.0
259,260,69,225,30,0.15,56.3,4.2,240,2026-09-14 16:00:00,PT5M,34.652,72.8175,54.7388,14.5652,0.0
247,248,63,216,30,0.15,57.3,4.1,240,2026-09-14 16:05:00,PT5M,32.94,70.432,52.6723,13.2077,0.0
234,235,58,208,30,0.15,58.4,3.9,240,2026-09-14 16:10:00,PT5M,31.246,68.048,50.6152,11.8768,0.0
222,223,53,199,29,0.15,59.6,3.8,240,2026-09-14 16:15:00,PT5M,29.501,65.5605,48.4794,10.5226,0.0
210,211,47,190,29,0.15,60.7,3.7,240,2026-09-14 16:20:00,PT5M,27.71,62.979,46.2723,9.1477,0.0
197,198,41,181,29,0.15,61.9,3.5,240,2026-09-14 16:25:00,PT5M,26.015,59.1955,43.4781,8.5519,0.0
185,186,35,172,29,0.15,63.0,3.4,240,2026-09-14 16:30:00,PT5M,24.216,55.1665,40.5055,7.9265,0.0
173,174,30,163,28,0.15,64.2,3.3,240,2026-09-14 16:35:00,PT5M,22.452,51.1995,37.582,7.322,0.0
162,162,25,153,28,0.15,65.5,3.1,240,2026-09-14 16:40:00,PT5M,20.906,47.4675,34.8855,6.9265,0.0
150,150,19,144,28,0.15,66.7,3.0,240,2026-09-14 16:45:00,PT5M,19.15,43.4955,31.9632,6.3368,0.0
138,139,13,134,28,0.15,68.0,2.9,240,2026-09-14 16:50:00,PT5M,17.357,39.541,29.0326,5.6814,0.0
127,127,7,125,28,0.15,69.3,2.7,240,2026-09-14 16:55:00,PT5M,15.564,35.609,26.1138,5.0142,0.0
115,115,0,115,27,0.15,70.7,2.6,240,2026-09-14 17:00:00,PT5M,13.804,31.747,23.2475,4.3605,0.0
103,104,0,104,27,0.15,72.0,2.5,240,2026-09-14 17:05:00,PT5M,12.392,28.291,20.7598,4.0242,0.0
91,91,0,91,27,0.15,73.4,2.3,240,2026-09-14 17:10:00,PT5M,10.958,24.906,18.2989,3.6171,0.0
80,80,0,80,27,0.15,74.8,2.2,240,2026-09-14 17:15:00,PT5M,9.501,21.5795,15.858,3.144,0.0
68,68,0,68,26,0.15,76.3,2.1,239,2026-09-14 17:20:00,PT5M,8.049,18.2935,13.4408,2.6572,0.0
58,58,0,58,26,0.15,77.8,1.9,239,2026-09-14 17:25:00,PT5M,6.751,15.1845,11.1896,2.3124,0.0
47,48,0,48,26,0.15,79.3,1.8,239,2026-09-14 17:30:00,PT5M,5.508,12.1825,9.0208,1.9952,0.0
38,38,0,38,26,0.15,79.9,1.8,239,2026-09-14 17:35:00,PT5M,4.217,9.2565,6.8693,1.5647,0.0
29,29,0,29,26,0.15,79.6,1.8,238,2026-09-14 17:40:00,PT5M,3.079,6.675,4.9716,1.1864,0.0
21,21,0,21,26,0.15,79.4,1.8,237,2026-09-14 17:45:00,PT5M,2.104,4.5,3.365,0.843,0.0
14,14,0,14,26,0.15,79.1,1.9,236,2026-09-14 17:50:00,PT5M,1.215,2.577,1.9318,0.4982,0.0
8,8,0,8,26,0.15,78.8,1.9,235,2026-09-14 17:55:00,PT5M,0.415,1.027,0.7371,0.0929,0.0
3,3,0,3,26,0.15,78.5,1.9,234,2026-09-14 18:00:00,PT5M,0.0,0.013,0.0068,0.0,0.0
0,0,0,0,26,0.15,78.2,2.0,233,2026-09-14 18:05:00,PT5M,0.0,0.0,0.0,0.0,0.0
0,0,0,0,26,0.15,78.0,2.0,233,2026-09-14 18:10:00,PT5M,0.0,0.0,0.0,0.0,0.0
0,0,0,0,26,0.15,77.7,2.0,232,2026-09-14 18:15:00,PT5M,0.0,0.0,0.0,0.0,0.0
0,0,0,0,26,0.15,77.4,2.1,231,2026-09-14 18:20:00,PT5M,0.0,0.0,0.0,0.0,0.0
0,0,0,0,26,0.15,77.2,2.1,230,2026-09-14 18:25:00,PT5M,0.0,0.0,0.0,0.0,0.0
0,0,0,0,26,0.15,76.9,2.1,230,2026-09-14 18:30:00,PT5M,0.0,0.0,0.0,0.0,0.0
0,0,0,0,26,0.15,76.6,2.2,229,2026-09-14 18:35:00,PT5M,0.0,0.0,0.0,0.0,0.0
0,0,0,0,26,0.15,76.3,2.2,228,2026-09-14 18:40:00,PT5M,0.0,0.0,0.0,0.0,0.0
0,0,0,0,26,0.15,76.1,2.2,228,2026-09-14 18:45:00,PT5M,0.0,0.0,0.0,0.0,0.0
0,0,0,0,26,0.15,75.8,2.3,227,2026-09-14 18:50:00,PT5M,0.0,0.0,0.0,0.0,0.0
0,0,0,0,26,0.15,75.6,2.3,227,2026-09-14 18:55:00,PT5M,0.0,0.0,0.0,0.0,0.0
0,0,0,0,26,0.15,75.3,2.4,226,2026-09-14 19:00:00,PT5M,0.0,0.0,0.0,0.0,0.0
0,0,0,0,26,0.15,75.0,2.4,226,2026-09-14 19:05:00,PT5M,0.0,0.0,0.0,0.0,0.0
0,0,0,0,26,0.15,74.8,2.4,225,2026-09-14 19:10:00,PT5M,0.0,0.0,0.0,0.0,0.0
0,0,0,0,26,0.15,74.5,2.5,225,2026-09-14 19:15:00,PT5M,0.0,0.0,0.0,0.0,0.0
0,0,0,0,26,0.15,74.2,2.5,224,2026-09-14 19:20:00,PT5M,0.0,0.0,0.0,0.0,0.0
0,0,0,0,26,0.15,74.0,2.5,224,2026-09-14 19:25:00,PT5M,0.0,0.0,0.0,0.0,0.0
0,0,0,0,26,0.15,73.7,2.6,223,2026-09-14 19:30:00,PT5M,0.0,0.0,0.0,0.0,0.0
0,0,0,0,26,0.15,73.5,2.6,223,2026-09-14 19:35:00,PT5M,0.0,0.0,0.0,0.0,0.0
0,0,0,0,27,0.15,73.2,2.7,222,2026-09-14 19:40:00,PT5M,0.0,0.0,0.0,0.0,0.0
0,0,0,0,27,0.15,72.9,2.7,222,2026-09-14 19:45:00,PT5M,0.0,0.0,0.0,0.0,0.0
0,0,0,0,27,0.15,72.7,2.7,221,2026-09-14 19:50:00,PT5M,0.0,0.0,0.0,0.0,0.0
0,0,0,0,27,0.15,72.4,2.8,221,2026-09-14 19:55:00,PT5M,0.0,0.0,0.0,0.0,0.0
0,0,0,0,27,0.15,72.2,2.8,221,2026-09-14 20:00:00,PT5M,0.0,0.0,0.0,0.0,0.0
0,0,0,0,27,0.15,71.9,2.8,220,2026-09-14 20:05:00,PT5M,0.0,0.0,0.0,0.0,0.0
0,0,0,0,27,0.15,71.7,2.9,220,2026-09-14 20:10:00,PT5M,0.0,0.0,0.0,0.0,0.0
0,0,0,0,27,0.15,71.4,2.9,220,2026-09-14 20:15:00,PT5M,0.0,0.0,0.0,0.0,0.0
0,0,0,0,27,0.15,71.2,3.0,219,2026-09-14 20:20:00,PT5M,0.0,0.0,0.0,0.0,0.0
0,0,0,0,27,0.15,70.9,3.0,219,2026-09-14 20:25:00,PT5M,0.0,0.0,0.0,0.0,0.0
0,0,0,0,27,0.15,70.7,3.0,219,2026-09-14 20:30:00,PT5M,0.0,0.0,0.0,0.0,0.0
0,0,0,0,27,0.15,70.6,3.1,219,2026-09-14 20:35:00,PT5M,0.0,0.0,0.0,0.0,0.0
0,0,0,0,27,0.15,70.7,3.1,219,2026-09-14 20:40:00,PT5M,0.0,0.0,0.0,0.0,0.0
0,0,0,0,27,0.15,70.8,3.1,219,2026-09-14 20:45:00,PT5M,0.0,0.0,0.0,0.0,0.0
0,0,0,0,27,0.15,70.9,3.0,220,2026-09-14 20:50:00,PT5M,0.0,0.0,0.0,0.0,0.0
0,0,0,0,27,0.15,71.0,3.0,220,2026-09-14 20:55:00,PT5M,0.0,0.0,0.0,0.0,0.0
0,0,0,0,27,0.15,71.1,3.0,221,2026-09-14 21:00:00,PT5M,0.0,0.0,0.0,0.0,0.0
0,0,0,0,27,0.15,71.2,3.0,221,2026-09-14 21:05:00,PT5M,0.0,0.0,0.0,0.0,0.0
0,0,0,0,27,0.15,71.3,3.0,221,2026-09-14 21:10:00,PT5M,0.0,0.0,0.0,0.0,0.0
0,0,0,0,27,0.15,71.4,3.0,222,2026-09-14 21:15:00,PT5M,0.0,0.0,0.0,0.0,0.0
0,0,0,0,27,0.15,71.5,3.0,222,2026-09-14 21:20:00,PT5M,0.0,0.0,0.0,0.0,0.0
0,0,0,0,27,0.15,71.6,3.0,223,2026-09-14 21:25:00,PT5M,0.0,0.0,0.0,0.0,0.0
0,0,0,0,26,0.15,71.8,3.0,223,2026-09-14 21:30:00,PT5M,0.0,0.0,0.0,0.0,0.0
0,0,0,0,26,0.15,71.9,3.0,223,2026-09-14 21:35:00,PT5M,0.0,0.0,0.0,0.0,0.0
0,0,0,0,26,0.15,72.0,3.0,224,2026-09-14 21:40:00,PT5M,0.0,0.0,0.0,0.0,0.0
0,0,0,0,26,0.15,72.1,3.0,224,2026-09-14 21:45:00,PT5M,0.0,0.0,0.0,0.0,0.0
0,0,0,0,26,0.15,72.2,3.0,225,2026-09-14 21:50:00,PT5M,0.0,0.0,0.0,0.0,0.0
0,0,0,0,26,0.15,72.3,3.0,225,2026-09-14 21:55:00,PT5M,0.0,0.0,0.0,0.0,0.0
0,0,0,0,26,0.15,72.4,3.0,225,2026-09-14 22:00:00,PT5M,0.0,0.0,0.0,0.0,0.0
0,0,0,0,26,0.15,72.5,3.0,226,2026-09-14 22:05:00,PT5M,0.0,0.0,0.0,0.0,0.0
0,0,0,0,26,0.15,72.6,3.0,226,2026-09-14 22:10:00,PT5M,0.0,0.0,0.0,0.0,0.0
0,0,0,0,26,0.15,72.7,3.0,227,2026-09-14 22:15:00,PT5M,0.0,0.0,0.0,0.0,0.0
0,0,0,0,26,0.15,72.8,3.0,227,2026-09-14 22:20:00,PT5M,0.0,0.0,0.0,0.0,0.0
0,0,0,0,26,0.15,72.9,3.0,228,2026-09-14 22:25:00,PT5M,0.0,0.0,0.0,0.0,0.0
0,0,0,0,26,0.15,73.0,3.0,228,2026-09-14 22:30:00,PT5M,0.0,0.0,0.0,0.0,0.0
0,0,0,0,26,0.15,73.1,3.0,228,2026-09-14 22:35:00,PT5M,0.0,0.0,0.0,0.0,0.0
0,0,0,0,26,0.15,73.2,3.0,229,2026-09-14 22:40:00,PT5M,0.0,0.0,0.0,0.0,0.0
0,0,0,0,26,0.15,73.3,3.0,229,2026-09-14 22:45:00,PT5M,0.0,0.0,0.0,0.0,0.0
0,0,0,0,26,0.15,73.5,3.0,230,2026-09-14 22:50:00,PT5M,0.0,0.0,0.0,0.0,0.0
0,0,0,0,26,0.15,73.6,3.0,230,2026-09-14 22:55:00,PT5M,0.0,0.0,0.0,0.0,0.0
0,0,0,0,26,0.15,73.7,3.0,230,2026-09-14 23:00:00,PT5M,0.0,0.0,0.0,0.0,0.0
0,0,0,0,26,0.15,73.8,3.0,231,2026-09-14 23:05:00,PT5M,0.0,0.0,0.0,0.0,0.0
0,0,0,0,26,0.15,73.9,3.0,231,2026-09-14 23:10:00,PT5M,0.0,0.0,0.0,0.0,0.0
0,0,0,0,26,0.15,74.0,3.0,232,2026-09-14 23:15:00,PT5M,0.0,0.0,0.0,0.0,0.0
0,0,0,0,26,0.15,74.1,3.0,232,2026-09-14 23:20:00,PT5M,0.0,0.0,0.0,0.0,0.0
0,0,0,0,26,0.15,74.2,3.0,233,2026-09-14 23:25:00,PT5M,0.0,0.0,0.0,0.0,0.0
0,0,0,0,26,0.15,74.3,3.0,233,2026-09-14 23:30:00,PT5M,0.0,0.0,0.0,0.0,0.0
0,0,0,0,26,0.15,74.4,3.0,233,2026-09-14 23:35:00,PT5M,0.0,0.0,0.0,0.0,0.0
0,0,0,0,26,0.15,74.5,3.0,233,2026-09-14 23:40:00,PT5M,0.0,0.0,0.0,0.0,0.0
0,0,0,0,26,0.15,74.6,3.0,233,2026-09-14 23:45:00,PT5M,0.0,0.0,0.0,0.0,0.0
0,0,0,0,26,0.15,74.7,3.0,233,2026-09-14 23:50:00,PT5M,0.0,0.0,0.0,0.0,0.0
0,0,0,0,26,0.15,74.8,3.0,233,2026-09-14 23:55:00,PT5M,0.0,0.0,0.0,0.0,0.0
0,0,0,0,26,0.15,74.9,3.0,233,2026-09-15 00:00:00,PT5M,0.0,0.0,0.0,0.0,0.0
0,0,0,0,26,0.15,75.0,3.0,233,2026-09-15 00:05:00,PT5M,0.0,0.0,0.0,0.0,0.0
0,0,0,0,26,0.15,75.1,3.0,232,2026-09-15 00:10:00,PT5M,0.0,0.0,0.0,0.0,0.0
0,0,0,0,26,0.15,75.2,3.0,232,2026-09-15 00:15:00,PT5M,0.0,0.0,0.0,0.0,0.0
0,0,0,0,26,0.15,75.3,3.0,232,2026-09-15 00:20:00,PT5M,0.0,0.0,0.0,0.0,0.0
0,0,0,0,26,0.15,75.4,3.0,232,2026-09-15 00:25:00,PT5M,0.0,0.0,0.0,0.0,0.0
0,0,0,0,25,0.15,75.5,3.0,232,2026-09-15 00:30:00,PT5M,0.0,0.0,0.0,0.0,0.0
0,0,0,0,25,0.15,75.6,3.0,232,2026-09-15 00:35:00,PT5M,0.0,0.0,0.0,0.0,0.0
0,0,0,0,25,0.15,75.7,3.0,232,2026-09-15 00:40:00,PT5M,0.0,0.0,0.0,0.0,0.0
0,0,0,0,25,0.15,75.8,3.0,232,2026-09-15 00:45:00,PT5M,0.0,0.0,0.0,0.0,0.0
0,0,0,0,25,0.15,75.9,3.1,232,2026-09-15 00:50:00,PT5M,0.0,0.0,0.0,0.0,0.0
0,0,0,0,25,0.15,76.0,3.1,232,2026-09-15 00:55:00,PT5M,0.0,0.0,0.0,0.0,0.0
0,0,0,0,25,0.15,76.1,3.1,232,2026-09-15 01:00:00,PT5M,0.0,0.0,0.0,0.0,0.0
0,0,0,0,25,0.15,76.2,3.1,232,2026-09-15 01:05:00,PT5M,0.0,0.0,0.0,0.0,0.0
0,0,0,0,25,0.15,76.3,3.1,232,2026-09-15 01:10:00,PT5M,0.0,0.0,0.0,0.0,0.0
0,0,0,0,25,0.15,76.4,3.1,231,2026-09-15 01:15:00,PT5M,0.0,0.0,0.0,0.0,0.0
0,0,0,0,25,0.15,76.5,3.1,231,2026-09-15 01:20:00,PT5M,0.0,0.0,0.0,0.0,0.0
0,0,0,0,25,0.15,76.6,3.1,231,2026-09-15 01:25:00,PT5M,0.0,0.0,0.0,0.0,0.0
0,0,0,0,25,0.15,76.7,3.1,231,2026-09-15 01:30:00,PT5M,0.0,0.0,0.0,0.0,0.0
0,0,0,0,25,0.15,76.8,3.1,231,2026-09-15 01:35:00,PT5M,0.0,0.0,0.0,0.0,0.0
0,0,0,0,25,0.15,76.9,3.1,231,2026-09-15 01:40:00,PT5M,0.0,0.0,0.0,0.0,0.0
0,0,0,0,25,0.15,77.0,3.1,231,2026-09-15 01:45:00,PT5M,0.0,0.0,0.0,0.0,0.0
0,0,0,0,25,0.15,77.1,3.1,231,2026-09-15 01:50:00,PT5M,0.0,0.0,0.0,0.0,0.0
0,0,0,0,25,0.15,77.2,3.1,231,2026-09-15 01:55:00,PT5M,0.0,0.0,0.0,0.0,0.0
0,0,0,0,25,0.15,77.3,3.1,231,2026-09-15 02:00:00,PT5M,0.0,0.0,0.0,0.0,0.0
0,0,0,0,25,0.15,77.4,3.1,231,2026-09-15 02:05:00,PT5M,0.0,0.0,0.0,0.0,0.0
0,0,0,0,25,0.15,77.5,3.1,231,2026-09-15 02:10:00,PT5M,0.0,0.0,0.0,0.0,0.0
0,0,0,0,25,0.15,77.6,3.1,230,2026-09-15 02:15:00,PT5M,0.0,0.0,0.0,0.0,0.0
0,0,0,0,25,0.15,77.7,3.1,230,2026-09-15 02:20:00,PT5M,0.0,0.0,0.0,0.0,0.0
0,0,0,0,25,0.15,77.8,3.1,230,2026-09-15 02:25:00,PT5M,0.0,0.0,0.0,0.0,0.0
0,0,0,0,25,0.15,78.0,3.1,230,2026-09-15 02:30:00,PT5M,0.0,0.0,0.0,0.0,0.0
0,0,0,0,25,0.15,78.0,3.1,230,2026-09-15 02:35:00,PT5M,0.0,0.0,0.0,0.0,0.0
0,0,0,0,25,0.15,78.0,3.1,230,2026-09-15 02:40:00,PT5M,0.0,0.0,0.0,0.0,0.0
0,0,0,0,25,0.15,77.9,3.1,230,2026-09-15 02:45:00,PT5M,0.0,0.0,0.0,0.0,0.0
0,0,0,0,25,0.15,77.9,3.1,230,2026-09-15 02:50:00,PT5M,0.0,0.0,0.0,0.0,0.0
0,0,0,0,25,0.15,77.9,3.1,230,2026-09-15 02:55:00,PT5M,0.0,0.0,0.0,0.0,0.0
0,0,0,0,25,0.15,77.8,3.1,230,2026-09-15 03:00:00,PT5M,0.0,0.0,0.0,0.0,0.0
0,0,0,0,25,0.15,77.8,3.1,230,2026-09-15 03:05:00,PT5M,0.0,0.0,0.0,0.0,0.0
0,0,0,0,25,0.15,77.8,3.1,230,2026-09-15 03:10:00,PT5M,0.0,0.0,0.0,0.0,0.0
0,0,0,0,25,0.15,77.8,3.1,230,2026-09-15 03:15:00,PT5M,0.0,0.0,0.0,0.0,0.0
0,0,0,0,25,0.15,77.7,3.1,230,2026-09-15 03:20:00,PT5M,0.0,0.0,0.0,0.0,0.0
0,0,0,0,25,0.15,77.7,3.1,229,2026-09-15 03:25:00,PT5M,0.0,0.0,0.0,0.0,0.0
0,0,0,0,25,0.15,77.7,3.1,229,2026-09-15 03:30:00,PT5M,0.0,0.0,0.0,0.0,0.0
0,0,0,0,25,0.15,77.7,3.1,229,2026-09-15 03:35:00,PT5M,0.0,0.0,0.0,0.0,0.0
0,0,0,0,25,0.15,77.6,3.1,229,2026-09-15 03:40:00,PT5M,0.0,0.0,0.0,0.0,0.0
0,0,0,0,25,0.15,77.6,3.1,229,2026-09-15 03:45:00,PT5M,0.0,0.0,0.0,0.0,0.0
0,0,0,0,25,0.15,77.6,3.1,229,2026-09-15 03:50:00,PT5M,0.0,0.0,0.0,0.0,0.0
0,0,0,0,25,0.15,77.5,3.1,229,2026-09-15 03:55:00,PT5M,0.0,0.0,0.0,0.0,0.0
0,0,0,0,25,0.15,77.5,3.1,229,2026-09-15 04:00:00,PT5M,0.0,0.0,0.0,0.0,0.0
0,0,0,0,25,0.15,77.5,3.0,229,2026-09-15 04:05:00,PT5M,0.0,0.0,0.0,0.0,0.0
0,0,0,0,25,0.15,77.5,3.0,229,2026-09-15 04:10:00,PT5M,0.0,0.0,0.0,0.0,0.0
0,0,0,0,25,0.15,77.4,3.0,229,2026-09-15 04:15:00,PT5M,0.0,0.0,0.0,0.0,0.0
0,0,0,0,25,0.15,77.4,3.0,229,2026-09-15 04:20:00,PT5M,0.0,0.0,0.0,0.0,0.0
0,0,0,0,25,0.15,77.4,3.0,229,2026-09-15 04:25:00,PT5M,0.0,0.0,0.0,0.0,0.0
0,0,0,0,25,0.15,77.3,3.0,229,2026-09-15 04:30:00,PT5M,0.0,0.0,0.0,0.0,0.0
0,0,0,0,25,0.15,77.3,3.0,229,2026-09-15 04:35:00,PT5M,0.0,0.0,0.0,0.0,0.0
0,0,0,0,25,0.15,77.3,3.0,228,2026-09-15 04:40:00,PT5M,0.0,0.0,0.0,0.0,0.0
0,0,0,0,25,0.15,77.3,3.0,228,2026-09-15 04:45:00,PT5M,0.0,0.0,0.0,0.0,0.0
0,0,0,0,25,0.15,77.2,3.0,228,2026-09-15 04:50:00,PT5M,0.0,0.0,0.0,0.0,0.0
0,0,0,0,25,0.15,77.2,3.0,228,2026-09-15 04:55:00,PT5M,0.0,0.0,0.0,0.0,0.0
0,0,0,0,25,0.15,77.2,3.0,228,2026-09-15 05:00:00,PT5M,0.0,0.0,0.0,0.0,0.0
0,0,0,0,25,0.15,77.2,3.0,228,2026-09-15 05:05:00,PT5M,0.0,0.0,0.0,0.0,0.0
0,0,0,0,25,0.15,77.1,3.0,228,2026-09-15 05:10:00,PT5M,0.0,0.0,0.0,0.0,0.0
0,0,0,0,25,0.15,77.1,3.0,228,2026-09-15 05:15:00,PT5M,0.0,0.0,0.0,0.0,0.0
0,0,0,0,25,0.15,77.1,3.0,228,2026-09-15 05:20:00,PT5M,0.0,0.0,0.0,0.0,0.0
0,0,0,0,25,0.15,77.0,3.0,228,2026-09-15 05:25:00,PT5M,0.0,0.0,0.0,0.0,0.0
0,0,0,0,25,0.15,77.0,3.0,228,2026-09-15 05:30:00,PT5M,0.0,0.0,0.0,0.0,0.0
0,0,0,0,25,0.15,76.7,3.0,228,2026-09-15 05:35:00,PT5M,0.0,0.0,0.0,0.0,0.0
0,0,0,0,25,0.15,76.2,3.0,228,2026-09-15 05:40:00,PT5M,0.0,0.0,0.0,0.0,0.0
0,0,0,0,25,0.15,75.7,3.0,228,2026-09-15 05:45:00,PT5M,0.0,0.0,0.0,0.0,0.0
0,0,0,0,25,0.15,75.2,3.0,229,2026-09-15 05:50:00,PT5M,0.0,0.0,0.0,0.0,0.0
0,0,0,0,25,0.15,74.7,3.0,229,2026-09-15 05:55:00,PT5M,0.0,0.0,0.0,0.0,0.0
0,0,0,0,25,0.15,74.2,3.0,229,2026-09-15 06:00:00,PT5M,0.0,0.0,0.0,0.0,0.0
4,4,0,4,25,0.15,73.7,3.0,230,2026-09-15 06:05:00,PT5M,0.0,0.1185,0.0624,0.0,0.0
10,10,0,10,25,0.15,73.3,3.0,230,2026-09-15 06:10:00,PT5M,0.622,1.3765,1.0191,0.2249,0.0
16,16,0,16,25,0.15,72.8,3.0,230,2026-09-15 06:15:00,PT5M,1.469,3.092,2.3232,0.6148,0.0
23,23,0,23,26,0.15,72.3,3.1,230,2026-09-15 06:20:00,PT5M,2.389,5.338,3.9411,0.8369,0.0
31,31,0,31,26,0.15,71.8,3.1,231,2026-09-15 06:25:00,PT5M,3.373,7.724,5.663,1.083,0.0
40,40,0,40,26,0.15,71.3,3.1,231,2026-09-15 06:30:00,PT5M,4.513,10.5345,7.6822,1.3438,0.0
50,50,0,50,26,0.15,70.9,3.1,231,2026-09-15 06:35:00,PT5M,5.862,13.7325,10.0043,1.7197,0.0
62,62,0,62,26,0.15,70.4,3.1,232,2026-09-15 06:40:00,PT5M,7.318,17.0975,12.465,2.171,0.0
75,75,0,75,26,0.15,69.9,3.1,232,2026-09-15 06:45:00,PT5M,8.917,20.6175,15.0751,2.7589,0.0
89,89,5,88,26,0.15,69.5,3.1,232,2026-09-15 06:50:00,PT5M,10.933,24.5445,18.0968,3.7692,0.0
104,105,30,98,26,0.15,69.0,3.1,232,2026-09-15 06:55:00,PT5M,13.77,29.3025,21.9449,5.5951,0.0
120,121,56,106,26,0.15,68.6,3.1,233,2026-09-15 07:00:00,PT5M,16.991,34.5465,26.2306,7.7514,0.0
136,137,80,115,26,0.15,68.1,3.1,233,2026-09-15 07:05:00,PT5M,20.324,39.931,30.6433,10.0047,0.717
153,154,104,123,27,0.15,67.7,3.2,233,2026-09-15 07:10:00,PT5M,23.814,45.492,35.2233,12.4047,2.136
170,171,129,130,27,0.15,67.2,3.2,233,2026-09-15 07:15:00,PT5M,27.679,51.435,40.182,15.176,3.923
188,190,154,137,27,0.15,66.8,3.2,234,2026-09-15 07:20:00,PT5M,31.816,57.642,45.4084,18.2236,5.99
207,209,180,144,27,0.15,66.3,3.2,234,2026-09-15 07:25:00,PT5M,36.209,64.086,50.8809,21.5371,8.332
227,228,207,150,27,0.15,65.9,3.2,234,2026-09-15 07:30:00,PT5M,40.881,70.7905,56.6226,25.1394,10.9715
245,247,227,156,27,0.15,65.5,3.2,234,2026-09-15 07:35:00,PT5M,45.078,77.0885,61.9254,28.2306,13.0675
261,263,240,162,27,0.15,65.0,3.2,235,2026-09-15 07:40:00,PT5M,48.649,82.89,66.6703,30.6277,14.408
278,280,253,169,27,0.15,64.6,3.2,235,2026-09-15 07:45:00,PT5M,51.863,87.868,70.8127,32.9133,15.858
295,297,266,175,27,0.15,64.2,3.2,235,2026-09-15 07:50:00,PT5M,54.266,90.8925,73.5428,34.9892,17.6395
312,314,278,181,27,0.15,63.8,3.2,235,2026-09-15 07:55:00,PT5M,56.6,93.797,76.177,37.023,19.403
329,331,290,187,28,0.15,63.4,3.3,236,2026-09-15 08:00:00,PT5M,58.859,96.5715,78.7074,39.0106,21.1465
346,348,302,193,28,0.15,62.9,3.3,236,2026-09-15 08:05:00,PT5M,61.061,99.2385,81.1541,40.9679,22.8835
363,365,314,198,28,0.15,62.5,3.3,236,2026-09-15 08:10:00,PT5M,63.192,100.0,83.4967,42.8873,24.6125
381,382,326,202,28,0.15,62.1,3.3,236,2026-09-15 08:15:00,PT5M,65.215,100.0,85.687,44.743,26.3175
398,400,338,207,28,0.15,61.7,3.3,237,2026-09-15 08:20:00,PT5M,67.124,100.0,87.7213,46.5267,27.9885
415,417,349,211,28,0.15,61.3,3.3,237,2026-09-15 08:25:00,PT5M,68.904,100.0,89.5689,48.2391,29.64
432,434,361,216,28,0.15,60.9,3.3,237,2026-09-15 08:30:00,PT5M,70.595,100.0,91.3265,49.8635,31.2045
447,449,367,221,28,0.15,60.2,3.3,238,2026-09-15 08:35:00,PT5M,71.817,100.0,92.5859,51.0481,32.3555
461,462,369,227,28,0.15,59.2,3.3,238,2026-09-15 08:40:00,PT5M,72.569,100.0,93.3873,51.7507,33.0135
474,476,371,233,29,0.15,58.3,3.3,239,2026-09-15 08:45:00,PT5M,73.29,100.0,94.147,52.433,33.661
487,488,372,239,29,0.15,57.3,3.3,240,2026-09-15 08:50:00,PT5M,73.964,100.0,94.8484,53.0796,34.283
499,501,373,245,29,0.15,56.4,3.3,240,2026-09-15 08:55:00,PT5M,74.602,100.0,95.3353,53.8687,35.208
512,513,374,251,29,0.15,55.5,3.3,241,2026-09-15 09:00:00,PT5M,75.205,100.0,95.7905,54.6195,36.092
524,525,375,256,29,0.15,54.5,3.2,242,2026-09-15 09:05:00,PT5M,75.824,100.0,96.2629,55.3851,36.9895
536,537,375,262,30,0.15,53.7,3.2,243,2026-09-15 09:10:00,PT5M,76.416,100.0,96.7112,56.1208,37.8545
547,549,376,268,30,0.15,52.8,3.2,243,2026-09-15 09:15:00,PT5M,76.98,100.0,97.1352,56.8248,38.6845
559,560,376,274,30,0.15,51.9,3.2,244,2026-09-15 09:20:00,PT5M,77.519,100.0,97.5379,57.5001,39.4825
570,571,376,279,30,0.15,51.1,3.2,245,2026-09-15 09:25:00,PT5M,78.033,100.0,97.9193,58.1467,40.2485
580,582,376,285,30,0.15,50.2,3.2,245,2026-09-15 09:30:00,PT5M,78.523,100.0,98.2803,58.7657,40.9835
591,592,377,290,30,0.15,49.4,3.2,246,2026-09-15 09:35:00,PT5M,79.058,100.0,98.6906,59.4254,41.7555
602,603,379,295,31,0.15,48.6,3.2,247,2026-09-15 09:40:00,PT5M,79.636,100.0,99.1478,60.1242,42.563
612,613,379,300,31,0.15,47.8,3.2,248,2026-09-15 09:45:00,PT5M,80.154,100.0,99.5513,60.7567,43.2985
622,623,380,304,31,0.15,47.1,3.1,248,2026-09-15 09:50:00,PT5M,80.629,100.0,99.9174,61.3406,43.9805
631,632,380,309,31,0.15,46.3,3.1,249,2026-09-15 09:55:00,PT5M,81.082,100.0,100.0,61.8981,44.632
640,641,381,313,31,0.15,45.5,3.1,250,2026-09-15 10:00:00,PT5M,81.511,100.0,100.0,62.4266,45.25
649,650,381,318,32,0.15,44.8,3.1,251,2026-09-15 10:05:00,PT5M,81.926,100.0,100.0,62.9355,45.8435
657,658,382,322,32,0.15,44.1,3.1,252,2026-09-15 10:10:00,PT5M,82.325,100.0,100.0,63.4243,46.413
665,667,382,325,32,0.15,43.4,3.1,252,2026-09-15 10:15:00,PT5M,82.7,100.0,100.0,63.884,46.949
673,674,382,329,32,0.15,42.7,3.1,253,2026-09-15 10:20:00,PT5M,83.048,100.0,100.0,64.3123,47.4495
680,681,383,333,32,0.15,42.0,3.1,254,2026-09-15 10:25:00,PT5M,83.376,100.0,100.0,64.7163,47.922
687,688,383,336,33,0.15,41.3,3.1,255,2026-09-15 10:30:00,PT5M,83.681,100.0,100.0,65.0931,48.3635
694,695,384,339,33,0.15,40.6,3.1,255,2026-09-15 10:35:00,PT5M,84.023,100.0,100.0,65.5133,48.854
702,703,386,341,33,0.15,40.0,3.1,256,2026-09-15 10:40:00,PT5M,84.399,100.0,100.0,65.9738,49.3905
708,709,388,344,33,0.15,39.3,3.1,257,2026-09-15 10:45:00,PT5M,84.749,100.0,100.0,66.404,49.893
715,716,389,346,33,0.15,38.7,3.1,258,2026-09-15 10:50:00,PT5M,85.068,100.0,100.0,66.7986,50.3555
721,722,391,348,33,0.15,38.1,3.1,259,2026-09-15 10:55:00,PT5M,85.357,100.0,100.0,67.1565,50.7755
727,727,393,349,34,0.15,37.5,3.1,259,2026-09-15 11:00:00,PT5M,85.6,100.0,100.0,67.4532,51.1205
732,733,394,351,34,0.15,36.9,3.1,260,2026-09-15 11:05:00,PT5M,85.82,100.0,100.0,67.7242,51.4375
737,737,395,353,34,0.15,36.3,3.1,261,2026-09-15 11:10:00,PT5M,86.033,100.0,100.0,67.9959,51.762
741,742,397,354,34,0.15,35.7,3.1,262,2026-09-15 11:15:00,PT5M,86.223,100.0,100.0,68.2417,52.058
745,746,398,355,34,0.15,35.1,3.1,263,2026-09-15 11:20:00,PT5M,86.375,100.0,100.0,68.4371,52.2925
749,750,399,356,35,0.15,34.5,3.1,263,2026-09-15 11:25:00,PT5M,86.499,100.0,100.0,68.5982,52.487
752,753,400,357,35,0.15,34.0,3.1,264,2026-09-15 11:30:00,PT5M,86.597,100.0,100.0,68.7283,52.646
754,754,399,358,35,0.15,33.7,3.1,264,2026-09-15 11:35:00,PT5M,86.58,100.0,100.0,68.7306,52.6655
754,755,397,360,35,0.15,33.7,3.1,262,2026-09-15 11:40:00,PT5M,86.447,100.0,100.0,68.6031,52.543
753,754,394,362,35,0.15,33.7,3.1,261,2026-09-15 11:45:00,PT5M,86.287,100.0,100.0,68.4436,52.384
753,753,390,364,35,0.15,33.7,3.0,260,2026-09-15 11:50:00,PT5M,86.079,100.0,100.0,68.2288,52.163
751,752,387,366,35,0.15,33.6,3.0,258,2026-09-15 11:55:00,PT5M,85.84,100.0,100.0,67.9774,51.9005
749,750,383,368,35,0.15,33.6,3.0,257,2026-09-15 12:00:00,PT5M,85.576,100.0,100.0,67.696,51.6035
747,748,379,369,35,0.15,33.6,3.0,255,2026-09-15 12:05:00,PT5M,85.363,100.0,100.0,67.4604,51.3475
744,745,376,370,35,0.15,33.6,3.0,254,2026-09-15 12:10:00,PT5M,85.168,100.0,100.0,67.238,51.1005
741,742,372,371,35,0.15,33.6,3.0,253,2026-09-15 12:15:00,PT5M,84.948,100.0,100.0,66.9857,50.819
738,739,368,372,35,0.15,33.5,3.0,251,2026-09-15 12:20:00,PT5M,84.687,100.0,100.0,66.686,50.4845
734,735,364,373,35,0.15,33.5,3.0,250,2026-09-15 12:25:00,PT5M,84.382,100.0,100.0,66.3362,50.0945
729,730,359,374,35,0.15,33.5,3.0,248,2026-09-15 12:30:00,PT5M,84.048,100.0,100.0,65.9528,49.6665
723,724,352,375,35,0.15,33.5,3.0,247,2026-09-15 12:35:00,PT5M,83.541,100.0,100.0,65.3495,48.9765
714,715,343,378,35,0.15,33.5,3.0,245,2026-09-15 12:40:00,PT5M,82.801,100.0,100.0,64.4668,47.9655
706,707,333,380,35,0.15,33.4,3.0,244,2026-09-15 12:45:00,PT5M,82.03,100.0,100.0,63.5495,46.9165
697,697,324,381,35,0.15,33.4,3.0,242,2026-09-15 12:50:00,PT5M,81.225,100.0,99.8571,62.5929,45.8235
687,688,315,382,35,0.15,33.4,3.0,241,2026-09-15 12:55:00,PT5M,80.374,100.0,99.1663,61.5817,44.668
678,679,305,383,35,0.15,33.4,3.0,239,2026-09-15 13:00:00,PT5M,79.506,100.0,98.4557,60.5563,43.501
668,669,296,384,35,0.15,33.4,3.0,238,2026-09-15 13:05:00,PT5M,78.639,100.0,97.7366,59.5414,42.353
657,658,287,384,35,0.15,33.3,3.0,237,2026-09-15 13:10:00,PT5M,77.726,100.0,96.9794,58.4726,41.144
647,648,278,384,35,0.15,33.3,3.0,235,2026-09-15 13:15:00,PT5M,76.763,100.0,96.1798,57.3462,39.8705
636,637,269,384,35,0.15,33.3,3.0,234,2026-09-15 13:20:00,PT5M,75.761,100.0,95.3441,56.1779,38.5525
625,626,260,383,35,0.15,33.3,3.0,232,2026-09-15 13:25:00,PT5M,74.725,100.0,94.4757,54.9743,37.198
614,615,252,382,35,0.15,33.3,3.1,231,2026-09-15 13:30:00,PT5M,73.658,100.0,93.5771,53.7389,35.811
604,605,244,380,35,0.15,33.2,3.1,230,2026-09-15 13:35:00,PT5M,72.675,100.0,92.7444,52.6056,34.5425
594,595,239,378,35,0.15,33.2,3.1,228,2026-09-15 13:40:00,PT5M,71.777,100.0,91.9793,51.5747,33.392
584,585,233,376,35,0.15,33.2,3.1,227,2026-09-15 13:45:00,PT5M,70.853,100.0,91.1895,50.5165,32.213
574,575,227,373,35,0.15,33.2,3.2,226,2026-09-15 13:50:00,PT5M,69.899,100.0,90.371,49.427,31.0015
563,564,221,370,35,0.15,33.2,3.2,224,2026-09-15 13:55:00,PT5M,68.913,100.0,89.5224,48.3036,29.7545
553,554,216,366,35,0.15,33.2,3.2,223,2026-09-15 14:00:00,PT5M,67.895,100.0,88.6431,47.1469,28.473
542,543,210,363,35,0.15,33.1,3.2,222,2026-09-15 14:05:00,PT5M,66.836,100.0,87.7243,45.9477,27.1475
531,532,204,359,35,0.15,33.1,3.3,221,2026-09-15 14:10:00,PT5M,65.751,100.0,86.7828,44.7192,25.79
519,521,198,355,35,0.15,33.1,3.3,219,2026-09-15 14:15:00,PT5M,64.636,100.0,85.812,43.46,24.401
508,509,193,351,35,0.15,33.1,3.3,218,2026-09-15 14:20:00,PT5M,63.49,100.0,84.811,42.169,22.9795
496,497,186,346,35,0.15,33.1,3.4,217,2026-09-15 14:25:00,PT5M,62.286,100.0,83.7541,40.8179,21.496
484,485,180,341,35,0.15,33.0,3.4,216,2026-09-15 14:30:00,PT5M,61.034,100.0,82.6505,39.4175,19.962
473,474,175,336,35,0.15,33.2,3.5,216,2026-09-15 14:35:00,PT5M,59.882,100.0,81.6248,38.1392,18.57
462,463,171,331,34,0.15,33.6,3.6,216,2026-09-15 14:40:00,PT5M,58.829,100.0,80.6773,36.9807,17.3165
451,452,167,325,34,0.15,34.0,3.6,217,2026-09-15 14:45:00,PT5M,57.744,99.461,79.7,35.788,16.027
439,441,163,319,34,0.15,34.4,3.7,217,2026-09-15 14:50:00,PT5M,56.629,98.5625,78.6989,34.5591,14.6955
428,429,159,313,34,0.15,34.8,3.8,217,2026-09-15 14:55:00,PT5M,55.481,97.6455,77.6725,33.2895,13.3165
416,418,155,307,34,0.15,35.3,3.9,218,2026-09-15 15:00:00,PT5M,54.301,96.614,76.5706,32.0314,11.988
405,406,150,301,34,0.15,35.7,4.0,218,2026-09-15 15:05:00,PT5M,53.086,95.311,75.3093,30.8627,10.861
393,394,145,295,34,0.15,36.1,4.1,218,2026-09-15 15:10:00,PT5M,51.82,93.912,73.9733,29.6667,9.728
381,382,140,289,34,0.15,36.5,4.2,219,2026-09-15 15:15:00,PT5M,50.51,92.4475,72.582,28.438,8.5725
369,370,135,282,33,0.15,37.0,4.2,219,2026-09-15 15:20:00,PT5M,49.156,90.914,71.1335,27.1785,7.398
356,358,129,276,33,0.15,37.4,4.3,219,2026-09-15 15:25:00,PT5M,47.74,89.235,69.5791,25.9009,6.245
344,345,124,269,33,0.15,37.9,4.4,219,2026-09-15 15:30:00,PT5M,46.272,87.53,67.9864,24.5576,5.014
331,332,116,262,33,0.15,38.3,4.5,220,2026-09-15 15:35:00,PT5M,44.565,85.5775,66.1502,22.9798,3.5525
317,318,107,255,33,0.15,38.8,4.6,220,2026-09-15 15:40:00,PT5M,42.848,83.5955,64.2937,21.4023,2.1005
302,304,98,248,33,0.15,39.2,4.7,220,2026-09-15 15:45:00,PT5M,40.869,81.2635,62.1289,19.6091,0.4745
288,289,89,241,33,0.15,39.7,4.7,220,2026-09-15 15:50:00,PT5M,38.846,78.7785,59.8628,17.8292,0.0
274,275,80,233,32,0.15,40.2,4.8,221,2026-09-15 15:55:00,PT5M,36.768,76.146,57.4929,16.0431,0.0
260,261,70,225,32,0.15,40.7,4.9,221,2026-09-15 16:00:00,PT5M,34.639,73.363,55.0197,14.2583,0.0
246,247,62,217,32,0.15,41.2,5.0,221,2026-09-15 16:05:00,PT5M,32.536,70.571,52.5541,12.5179,0.0
233,234,54,208,32,0.15,41.6,5.1,221,2026-09-15 16:10:00,PT5M,30.469,67.796,50.1145,10.8235,0.0
219,220,45,199,32,0.15,42.1,5.2,221,2026-09-15 16:15:00,PT5M,28.366,64.9295,47.6096,9.1224,0.0
206,207,37,191,32,0.15,42.7,5.3,222,2026-09-15 16:20:00,PT5M,26.232,61.9785,45.0456,7.4184,0.0
193,193,29,181,32,0.15,43.2,5.3,222,2026-09-15 16:25:00,PT5M,24.558,58.03,42.1746,6.9414,0.0
180,180,21,172,32,0.15,43.7,5.4,222,2026-09-15 16:30:00,PT5M,22.522,53.7325,38.9483,6.0957,0.0
167,168,13,163,31,0.15,44.2,5.5,222,2026-09-15 16:35:00,PT5M,20.492,49.4735,35.7452,5.2388,0.0
154,155,4,153,31,0.15,44.7,5.6,222,2026-09-15 16:40:00,PT5M,18.496,45.273,32.5889,4.4031,0.0
142,142,0,142,31,0.15,45.3,5.7,222,2026-09-15 16:45:00,PT5M,16.818,41.354,29.7315,3.9045,0.0
129,130,0,130,31,0.15,45.8,5.8,223,2026-09-15 16:50:00,PT5M,15.376,37.7205,27.1361,3.6159,0.0
117,118,0,118,31,0.15,46.4,5.9,223,2026-09-15 16:55:00,PT5M,13.936,34.11,24.5537,3.3183,0.0
106,106,0,106,31,0.15,46.9,5.9,223,2026-09-15 17:00:00,PT5M,12.513,30.5525,22.0073,3.0187,0.0
94,94,0,94,31,0.15,47.5,6.0,223,2026-09-15 17:05:00,PT5M,11.102,27.093,19.5182,2.6858,0.0
82,82,0,82,30,0.15,48.1,6.1,223,2026-09-15 17:10:00,PT5M,9.714,23.7685,17.111,2.317,0.0
71,71,0,71,30,0.15,48.7,6.2,223,2026-09-15 17:15:00,PT5M,8.307,20.4915,14.7198,1.8942,0.0
60,61,0,61,30,0.15,49.2,6.3,223,2026-09-15 17:20:00,PT5M,6.953,17.2935,12.3953,1.5107,0.0
50,51,0,51,30,0.15,49.8,6.4,224,2026-09-15 17:25:00,PT5M,5.757,14.2725,10.2388,1.2752,0.0
41,41,0,41,30,0.15,50.4,6.5,224,2026-09-15 17:30:00,PT5M,4.616,11.356,8.1633,1.0687,0.0
33,33,0,33,30,0.15,50.9,6.5,224,2026-09-15 17:35:00,PT5M,3.49,8.5695,6.1634,0.8166,0.0
25,25,0,25,30,0.15,51.2,6.4,224,2026-09-15 17:40:00,PT5M,2.537,6.1545,4.4409,0.6331,0.0
18,18,0,18,30,0.15,51.6,6.4,224,2026-09-15 17:45:00,PT5M,1.703,4.067,2.9472,0.4588,0.0
12,12,0,12,30,0.15,51.9,6.3,224,2026-09-15 17:50:00,PT5M,0.93,2.2075,1.6024,0.2576,0.0
7,7,0,7,29,0.15,52.3,6.3,224,2026-09-15 17:55:00,PT5M,0.228,0.775,0.5159,0.0,0.0
2,2,0,2,29,0.15,52.6,6.2,224,2026-09-15 18:00:00,PT5M,0.0,0.0,0.0,0.0,0.0
0,0,0,0,29,0.15,53.0,6.1,224,2026-09-15 18:05:00,PT5M,0.0,0.0,0.0,0.0,0.0
0,0,0,0,29,0.15,53.3,6.1,224,2026-09-15 18:10:00,PT5M,0.0,0.0,0.0,0.0,0.0
0,0,0,0,29,0.15,53.7,6.0,224,2026-09-15 18:15:00,PT5M,0.0,0.0,0.0,0.0,0.0
0,0,0,0,29,0.15,54.0,6.0,224,2026-09-15 18:20:00,PT5M,0.0,0.0,0.0,0.0,0.0
0,0,0,0,29,0.15,54.4,5.9,224,2026-09-15 18:25:00,PT5M,0.0,0.0,0.0,0.0,0.0
0,0,0,0,29,0.15,54.7,5.9,225,2026-09-15 18:30:00,PT5M,0.0,0.0,0.0,0.0,0.0
0,0,0,0,29,0.15,55.1,5.8,225,2026-09-15 18:35:00,PT5M,0.0,0.0,0.0,0.0,0.0
0,0,0,0,29,0.15,55.4,5.8,225,2026-09-15 18:40:00,PT5M,0.0,0.0,0.0,0.0,0.0
0,0,0,0,29,0.15,55.8,5.7,225,2026-09-15 18:45:00,PT5M,0.0,0.0,0.0,0.0,0.0
0,0,0,0,29,0.15,56.2,5.7,225,2026-09-15 18:50:00,PT5M,0.0,0.0,0.0,0.0,0.0
0,0,0,0,29,0.15,56.6,5.6,225,2026-09-15 18:55:00,PT5M,0.0,0.0,0.0,0.0,0.0
0,0,0,0,28,0.15,56.9,5.5,225,2026-09-15 19:00:00,PT5M,0.0,0.0,0.0,0.0,0.0
0,0,0,0,28,0.15,57.3,5.5,225,2026-09-15 19:05:00,PT5M,0.0,0.0,0.0,0.0,0.0
0,0,0,0,28,0.15,57.7,5.4,225,2026-09-15 19:10:00,PT5M,0.0,0.0,0.0,0.0,0.0
0,0,0,0,28,0.15,58.1,5.4,225,2026-09-15 19:15:00,PT5M,0.0,0.0,0.0,0.0,0.0
0,0,0,0,28,0.15,58.5,5.3,225,2026-09-15 19:20:00,PT5M,0.0,0.0,0.0,0.0,0.0
0,0,0,0,28,0.15,58.8,5.3,225,2026-09-15 19:25:00,PT5M,0.0,0.0,0.0,0.0,0.0
0,0,0,0,28,0.15,59.2,5.2,225,2026-09-15 19:30:00,PT5M,0.0,0.0,0.0,0.0,0.0
0,0,0,0,28,0.15,59.6,5.2,226,2026-09-15 19:35:00,PT5M,0.0,0.0,0.0,0.0,0.0
0,0,0,0,28,0.15,60.0,5.1,226,2026-09-15 19:40:00,PT5M,0.0,0.0,0.0,0.0,0.0
0,0,0,0,28,0.15,60.4,5.0,226,2026-09-15 19:45:00,PT5M,0.0,0.0,0.0,0.0,0.0
0,0,0,0,28,0.15,60.8,5.0,226,2026-09-15 19:50:00,PT5M,0.0,0.0,0.0,0.0,0.0
0,0,0,0,28,0.15,61.2,4.9,226,2026-09-15 19:55:00,PT5M,0.0,0.0,0.0,0.0,0.0
0,0,0,0,27,0.15,61.6,4.9,226,2026-09-15 20:00:00,PT5M,0.0,0.0,0.0,0.0,0.0
0,0,0,0,27,0.15,62.0,4.8,226,2026-09-15 20:05:00,PT5M,0.0,0.0,0.0,0.0,0.0
0,0,0,0,27,0.15,62.4,4.8,226,2026-09-15 20:10:00,PT5M,0.0,0.0,0.0,0.0,0.0
0,0,0,0,27,0.15,62.9,4.7,226,2026-09-15 20:15:00,PT5M,0.0,0.0,0.0,0.0,0.0
0,0,0,0,27,0.15,63.3,4.7,226,2026-09-15 20:20:00,PT5M,0.0,0.0,0.0,0.0,0.0
0,0,0,0,27,0.15,63.7,4.6,227,2026-09-15 20:25:00,PT5M,0.0,0.0,0.0,0.0,0.0
0,0,0,0,27,0.15,64.1,4.6,227,2026-09-15 20:30:00,PT5M,0.0,0.0,0.0,0.0,0.0
0,0,0,0,27,0.15,64.3,4.5,227,2026-09-15 20:35:00,PT5M,0.0,0.0,0.0,0.0,0.0
0,0,0,0,27,0.15,64.3,4.5,227,2026-09-15 20:40:00,PT5M,0.0,0.0,0.0,0.0,0.0
0,0,0,0,27,0.15,64.4,4.5,227,2026-09-15 20:45:00,PT5M,0.0,0.0,0.0,0.0,0.0
0,0,0,0,27,0.15,64.4,4.5,228,2026-09-15 20:50:00,PT5M,0.0,0.0,0.0,0.0,0.0
0,0,0,0,27,0.15,64.4,4.5,228,2026-09-15 20:55:00,PT5M,0.0,0.0,0.0,0.0,0.0
0,0,0,0,27,0.15,64.4,4.5,228,2026-09-15 21:00:00,PT5M,0.0,0.0,0.0,0.0,0.0
0,0,0,0,27,0.15,64.4,4.5,228,2026-09-15 21:05:00,PT5M,0.0,0.0,0.0,0.0,0.0
0,0,0,0,27,0.15,64.4,4.5,229,2026-09-15 21:10:00,PT5M,0.0,0.0,0.0,0.0,0.0
0,0,0,0,27,0.15,64.4,4.5,229,2026-09-15 21:15:00,PT5M,0.0,0.0,0.0,0.0,0.0
0,0,0,0,27,0.15,64.4,4.4,229,2026-09-15 21:20:00,PT5M,0.0,0.0,0.0,0.0,0.0
0,0,0,0,27,0.15,64.4,4.4,229,2026-09-15 21:25:00,PT5M,0.0,0.0,0.0,0.0,0.0
0,0,0,0,27,0.15,64.4,4.4,229,2026-09-15 21:30:00,PT5M,0.0,0.0,0.0,0.0,0.0
0,0,0,0,27,0.15,64.5,4.4,230,2026-09-15 21:35:00,PT5M,0.0,0.0,0.0,0.0,0.0
0,0,0,0,27,0.15,64.5,4.4,230,2026-09-15 21:40:00,PT5M,0.0,0.0,0.0,0.0,0.0
0,0,0,0,27,0.15,64.5,4.4,230,2026-09-15 21:45:00,PT5M,0.0,0.0,0.0,0.0,0.0
0,0,0,0,27,0.15,64.5,4.4,230,2026-09-15 21:50:00,PT5M,0.0,0.0,0.0,0.0,0.0
0,0,0,0,27,0.15,64.5,4.4,231,2026-09-15 21:55:00,PT5M,0.0,0.0,0.0,0.0,0.0
0,0,0,0,27,0.15,64.5,4.4,231,2026-09-15 22:00:00,PT5M,0.0,0.0,0.0,0.0,0.0
0,0,0,0,27,0.15,64.5,4.4,231,2026-09-15 22:05:00,PT5M,0.0,0.0,0.0,0.0,0.0
0,0,0,0,27,0.15,64.5,4.4,231,2026-09-15 22:10:00,PT5M,0.0,0.0,0.0,0.0,0.0
0,0,0,0,27,0.15,64.5,4.4,232,2026-09-15 22:15:00,PT5M,0.0,0.0,0.0,0.0,0.0
0,0,0,0,27,0.15,64.5,4.3,232,2026-09-15 22:20:00,PT5M,0.0,0.0,0.0,0.0,0.0
0,0,0,0,27,0.15,64.5,4.3,232,2026-09-15 22:25:00,PT5M,0.0,0.0,0.0,0.0,0.0
0,0,0,0,27,0.15,64.6,4.3,232,2026-09-15 22:30:00,PT5M,0.0,0.0,0.0,0.0,0.0
0,0,0,0,27,0.15,64.6,4.3,233,2026-09-15 22:35:00,PT5M,0.0,0.0,0.0,0.0,0.0
0,0,0,0,27,0.15,64.6,4.3,233,2026-09-15 22:40:00,PT5M,0.0,0.0,0.0,0.0,0.0
0,0,0,0,27,0.15,64.6,4.3,233,2026-09-15 22:45:00,PT5M,0.0,0.0,0.0,0.0,0.0
0,0,0,0,27,0.15,64.6,4.3,233,2026-09-15 22:50:00,PT5M,0.0,0.0,0.0,0.0,0.0
0,0,0,0,27,0.15,64.6,4.3,234,2026-09-15 22:55:00,PT5M,0.0,0.0,0.0,0.0,0.0
0,0,0,0,27,0.15,64.6,4.3,234,2026-09-15 23:00:00,PT5M,0.0,0.0,0.0,0.0,0.0
0,0,0,0,27,0.15,64.6,4.3,234,2026-09-15 23:05:00,PT5M,0.0,0.0,0.0,0.0,0.0
0,0,0,0,27,0.15,64.6,4.3,234,2026-09-15 23:10:00,PT5M,0.0,0.0,0.0,0.0,0.0
0,0,0,0,27,0.15,64.6,4.3,235,2026-09-15 23:15:00,PT5M,0.0,0.0,0.0,0.0,0.0
0,0,0,0,27,0.15,64.6,4.3,235,2026-09-15 23:20:00,PT5M,0.0,0.0,0.0,0.0,0.0
0,0,0,0,27,0.15,64.7,4.3,235,2026-09-15 23:25:00,PT5M,0.0,0.0,0.0,0.0,0.0
0,0,0,0,27,0.15,64.7,4.2,235,2026-09-15 23:30:00,PT5M,0.0,0.0,0.0,0.0,0.0
0,0,0,0,27,0.15,64.7,4.2,235,2026-09-15 23:35:00,PT5M,0.0,0.0,0.0,0.0,0.0
0,0,0,0,27,0.15,64.8,4.3,235,2026-09-15 23:40:00,PT5M,0.0,0.0,0.0,0.0,0.0
0,0,0,0,27,0.15,64.9,4.3,235,2026-09-15 23:45:00,PT5M,0.0,0.0,0.0,0.0,0.0
0,0,0,0,27,0.15,65.1,4.3,235,2026-09-15 23:50:00,PT5M,0.0,0.0,0.0,0.0,0.0
0,0,0,0,27,0.15,65.2,4.3,235,2026-09-15 23:55:00,PT5M,0.0,0.0,0.0,0.0,0.0
0,0,0,0,27,0.15,65.3,4.3,235,2026-09-16 00:00:00,PT5M,0.0,0.0,0.0,0.0,0.0
0,0,0,0,27,0.15,65.4,4.3,234,2026-09-16 00:05:00,PT5M,0.0,0.0,0.0,0.0,0.0
0,0,0,0,27,0.15,65.5,4.3,234,2026-09-16 00:10:00,PT5M,0.0,0.0,0.0,0.0,0.0
0,0,0,0,27,0.15,65.6,4.3,234,2026-09-16 00:15:00,PT5M,0.0,0.0,0.0,0.0,0.0
0,0,0,0,26,0.15,65.7,4.3,234,2026-09-16 00:20:00,PT5M,0.0,0.0,0.0,0.0,0.0
0,0,0,0,26,0.15,65.8,4.3,234,2026-09-16 00:25:00,PT5M,0.0,0.0,0.0,0.0,0.0
0,0,0,0,26,0.15,65.9,4.4,233,2026-09-16 00:30:00,PT5M,0.0,0.0,0.0,0.0,0.0
0,0,0,0,26,0.15,66.0,4.4,233,2026-09-16 00:35:00,PT5M,0.0,0.0,0.0,0.0,0.0
0,0,0,0,26,0.15,66.1,4.4,233,2026-09-16 00:40:00,PT5M,0.0,0.0,0.0,0.0,0.0
0,0,0,0,26,0.15,66.3,4.4,233,2026-09-16 00:45:00,PT5M,0.0,0.0,0.0,0.0,0.0
0,0,0,0,26,0.15,66.4,4.4,233,2026-09-16 00:50:00,PT5M,0.0,0.0,0.0,0.0,0.0
0,0,0,0,26,0.15,66.5,4.4,233,2026-09-16 00:55:00,PT5M,0.0,0.0,0.0,0.0,0.0
0,0,0,0,26,0.15,66.6,4.4,232,2026-09-16 01:00:00,PT5M,0.0,0.0,0.0,0.0,0.0
0,0,0,0,26,0.15,66.7,4.4,232,2026-09-16 01:05:00,PT5M,0.0,0.0,0.0,0.0,0.0
0,0,0,0,26,0.15,66.8,4.4,232,2026-09-16 01:10:00,PT5M,0.0,0.0,0.0,0.0,0.0
0,0,0,0,26,0.15,66.9,4.4,232,2026-09-16 01:15:00,PT5M,0.0,0.0,0.0,0.0,0.0
0,0,0,0,26,0.15,67.0,4.5,232,2026-09-16 01:20:00,PT5M,0.0,0.0,0.0,0.0,0.0
0,0,0,0,26,0.15,67.2,4.5,232,2026-09-16 01:25:00,PT5M,0.0,0.0,0.0,0.0,0.0
0,0,0,0,26,0.15,67.3,4.5,231,2026-09-16 01:30:00,PT5M,0.0,0.0,0.0,0.0,0.0
0,0,0,0,26,0.15,67.4,4.5,231,2026-09-16 01:35:00,PT5M,0.0,0.0,0.0,0.0,0.0
0,0,0,0,26,0.15,67.5,4.5,231,2026-09-16 01:40:00,PT5M,0.0,0.0,0.0,0.0,0.0
0,0,0,0,26,0.15,67.6,4.5,231,2026-09-16 01:45:00,PT5M,0.0,0.0,0.0,0.0,0.0
0,0,0,0,26,0.15,67.7,4.5,231,2026-09-16 01:50:00,PT5M,0.0,0.0,0.0,0.0,0.0
0,0,0,0,26,0.15,67.8,4.5,231,2026-09-16 01:55:00,PT5M,0.0,0.0,0.0,0.0,0.0
0,0,0,0,26,0.15,67.9,4.5,230,2026-09-16 02:00:00,PT5M,0.0,0.0,0.0,0.0,0.0
0,0,0,0,26,0.15,68.1,4.6,230,2026-09-16 02:05:00,PT5M,0.0,0.0,0.0,0.0,0.0
0,0,0,0,26,0.15,68.2,4.6,230,2026-09-16 02:10:00,PT5M,0.0,0.0,0.0,0.0,0.0
0,0,0,0,26,0.15,68.3,4.6,230,2026-09-16 02:15:00,PT5M,0.0,0.0,0.0,0.0,0.0
0,0,0,0,26,0.15,68.4,4.6,230,2026-09-16 02:20:00,PT5M,0.0,0.0,0.0,0.0,0.0
0,0,0,0,26,0.15,68.5,4.6,230,2026-09-16 02:25:00,PT5M,0.0,0.0,0.0,0.0,0.0
0,0,0,0,26,0.15,68.6,4.6,229,2026-09-16 02:30:00,PT5M,0.0,0.0,0.0,0.0,0.0
0,0,0,0,26,0.15,68.7,4.6,229,2026-09-16 02:35:00,PT5M,0.0,0.0,0.0,0.0,0.0
0,0,0,0,26,0.15,68.6,4.6,230,2026-09-16 02:40:00,PT5M,0.0,0.0,0.0,0.0,0.0
0,0,0,0,26,0.15,68.6,4.6,230,2026-09-16 02:45:00,PT5M,0.0,0.0,0.0,0.0,0.0
0,0,0,0,26,0.15,68.6,4.7,230,2026-09-16 02:50:00,PT5M,0.0,0.0,0.0,0.0,0.0
0,0,0,0,26,0.15,68.5,4.7,230,2026-09-16 02:55:00,PT5M,0.0,0.0,0.0,0.0,0.0
0,0,0,0,26,0.15,68.5,4.7,230,2026-09-16 03:00:00,PT5M,0.0,0.0,0.0,0.0,0.0
0,0,0,0,26,0.15,68.5,4.7,230,2026-09-16 03:05:00,PT5M,0.0,0.0,0.0,0.0,0.0
0,0,0,0,26,0.15,68.4,4.7,230,2026-09-16 03:10:00,PT5M,0.0,0.0,0.0,0.0,0.0
0,0,0,0,26,0.15,68.4,4.7,231,2026-09-16 03:15:00,PT5M,0.0,0.0,0.0,0.0,0.0
0,0,0,0,26,0.15,68.4,4.7,231,2026-09-16 03:20:00,PT5M,0.0,0.0,0.0,0.0,0.0
0,0,0,0,26,0.15,68.3,4.7,231,2026-09-16 03:25:00,PT5M,0.0,0.0,0.0,0.0,0.0
0,0,0,0,26,0.15,68.3,4.8,231,2026-09-16 03:30:00,PT5M,0.0,0.0,0.0,0.0,0.0
0,0,0,0,26,0.15,68.3,4.8,231,2026-09-16 03:35:00,PT5M,0.0,0.0,0.0,0.0,0.0
0,0,0,0,26,0.15,68.2,4.8,231,2026-09-16 03:40:00,PT5M,0.0,0.0,0.0,0.0,0.0
0,0,0,0,26,0.15,68.2,4.8,231,2026-09-16 03:45:00,PT5M,0.0,0.0,0.0,0.0,0.0
0,0,0,0,26,0.15,68.2,4.8,231,2026-09-16 03:50:00,PT5M,0.0,0.0,0.0,0.0,0.0
0,0,0,0,26,0.15,68.1,4.8,232,2026-09-16 03:55:00,PT5M,0.0,0.0,0.0,0.0,0.0
0,0,0,0,26,0.15,68.1,4.8,232,2026-09-16 04:00:00,PT5M,0.0,0.0,0.0,0.0,0.0
0,0,0,0,26,0.15,68.1,4.8,232,2026-09-16 04:05:00,PT5M,0.0,0.0,0.0,0.0,0.0
0,0,0,0,26,0.15,68.0,4.9,232,2026-09-16 04:10:00,PT5M,0.0,0.0,0.0,0.0,0.0
0,0,0,0,26,0.15,68.0,4.9,232,2026-09-16 04:15:00,PT5M,0.0,0.0,0.0,0.0,0.0
0,0,0,0,26,0.15,68.0,4.9,232,2026-09-16 04:20:00,PT5M,0.0,0.0,0.0,0.0,0.0
0,0,0,0,26,0.15,67.9,4.9,232,2026-09-16 04:25:00,PT5M,0.0,0.0,0.0,0.0,0.0
0,0,0,0,26,0.15,67.9,4.9,232,2026-09-16 04:30:00,PT5M,0.0,0.0,0.0,0.0,0.0
0,0,0,0,26,0.15,67.9,4.9,232,2026-09-16 04:35:00,PT5M,0.0,0.0,0.0,0.0,0.0
0,0,0,0,26,0.15,67.8,4.9,233,2026-09-16 04:40:00,PT5M,0.0,0.0,0.0,0.0,0.0
0,0,0,0,26,0.15,67.8,5.0,233,2026-09-16 04:45:00,PT5M,0.0,0.0,0.0,0.0,0.0
0,0,0,0,26,0.15,67.8,5.0,233,2026-09-16 04:50:00,PT5M,0.0,0.0,0.0,0.0,0.0
0,0,0,0,26,0.15,67.7,5.0,233,2026-09-16 04:55:00,PT5M,0.0,0.0,0.0,0.0,0.0
0,0,0,0,26,0.15,67.7,5.0,233,2026-09-16 05:00:00,PT5M,0.0,0.0,0.0,0.0,0.0
0,0,0,0,26,0.15,67.6,5.0,233,2026-09-16 05:05:00,PT5M,0.0,0.0,0.0,0.0,0.0
0,0,0,0,26,0.15,67.6,5.0,233,2026-09-16 05:10:00,PT5M,0.0,0.0,0.0,0.0,0.0
0,0,0,0,26,0.15,67.6,5.0,233,2026-09-16 05:15:00,PT5M,0.0,0.0,0.0,0.0,0.0
0,0,0,0,26,0.15,67.5,5.0,234,2026-09-16 05:20:00,PT5M,0.0,0.0,0.0,0.0,0.0
0,0,0,0,26,0.15,67.5,5.1,234,2026-09-16 05:25:00,PT5M,0.0,0.0,0.0,0.0,0.0
0,0,0,0,26,0.15,67.5,5.1,234,2026-09-16 05:30:00,PT5M,0.0,0.0,0.0,0.0,0.0
0,0,0,0,26,0.15,67.3,5.1,234,2026-09-16 05:35:00,PT5M,0.0,0.0,0.0,0.0,0.0
0,0,0,0,26,0.15,66.9,5.1,234,2026-09-16 05:40:00,PT5M,0.0,0.0,0.0,0.0,0.0
0,0,0,0,26,0.15,66.5,5.1,234,2026-09-16 05:45:00,PT5M,0.0,0.0,0.0,0.0,0.0
0,0,0,0,27,0.15,66.1,5.2,235,2026-09-16 05:50:00,PT5M,0.0,0.0,0.0,0.0,0.0
0,0,0,0,27,0.15,65.7,5.2,235,2026-09-16 05:55:00,PT5M,0.0,0.0,0.0,0.0,0.0
0,0,0,0,27,0.15,65.3,5.2,235,2026-09-16 06:00:00,PT5M,0.0,0.0,0.0,0.0,0.0
5,5,0,5,27,0.15,64.9,5.2,235,2026-09-16 06:05:00,PT5M,0.0,0.1375,0.0724,0.0,0.0
12,12,0,12,27,0.15,64.5,5.3,235,2026-09-16 06:10:00,PT5M,0.872,1.645,1.2788,0.4652,0.099
19,19,0,19,27,0.15,64.2,5.3,235,2026-09-16 06:15:00,PT5M,1.881,3.3795,2.6697,1.0923,0.3825
28,28,0,28,27,0.15,63.8,5.3,236,2026-09-16 06:20:00,PT5M,2.994,5.642,4.3877,1.6003,0.346
38,38,0,38,27,0.15,63.4,5.3,236,2026-09-16 06:25:00,PT5M,4.206,8.106,6.2586,2.1534,0.306
49,49,0,49,27,0.15,63.0,5.4,236,2026-09-16 06:30:00,PT5M,5.63,11.03,8.4721,2.7879,0.23
61,61,1,61,27,0.15,62.7,5.4,236,2026-09-16 06:35:00,PT5M,7.241,14.3125,10.9628,3.5192,0.1695
74,74,24,70,27,0.15,62.3,5.4,236,2026-09-16 06:40:00,PT5M,9.52,18.3515,14.1681,4.8719,0.6885
87,88,48,79,28,0.15,61.9,5.4,237,2026-09-16 06:45:00,PT5M,12.082,22.686,17.663,6.501,1.478
102,103,72,87,28,0.15,61.6,5.5,237,2026-09-16 06:50:00,PT5M,14.985,27.353,21.4944,8.4756,2.617
117,118,95,96,28,0.15,61.2,5.5,237,2026-09-16 06:55:00,PT5M,17.985,32.1485,25.4394,10.5306,3.8215
133,134,119,104,28,0.15,60.8,5.5,237,2026-09-16 07:00:00,PT5M,21.258,37.299,29.7005,12.8155,5.217
149,150,138,112,28,0.15,60.5,5.5,237,2026-09-16 07:05:00,PT5M,24.472,42.544,33.9834,14.9606,6.4
165,166,156,119,28,0.15,60.1,5.6,237,2026-09-16 07:10:00,PT5M,27.843,47.978,38.4402,17.2458,7.708
181,182,174,127,28,0.15,59.8,5.6,238,2026-09-16 07:15:00,PT5M,31.338,53.563,43.0352,19.6408,9.113
198,199,191,134,28,0.15,59.4,5.6,238,2026-09-16 07:20:00,PT5M,34.928,59.2605,47.7344,22.1216,10.5955
214,216,208,141,28,0.15,59.1,5.6,238,2026-09-16 07:25:00,PT5M,38.601,65.0445,52.5184,24.6836,12.1575
231,233,224,148,28,0.15,58.7,5.7,238,2026-09-16 07:30:00,PT5M,42.33,70.8865,57.3595,27.3005,13.7735
249,250,239,154,28,0.15,58.4,5.7,238,2026-09-16 07:35:00,PT5M,46.127,76.817,62.2794,29.9746,15.437
266,267,255,161,29,0.15,58.1,5.7,238,2026-09-16 07:40:00,PT5M,49.991,82.874,67.2976,32.6844,17.108
283,285,270,166,29,0.15,57.7,5.8,239,2026-09-16 07:45:00,PT5M,53.453,88.0125,71.6419,35.2641,18.8935
301,303,286,172,29,0.15,57.4,5.8,239,2026-09-16 07:50:00,PT5M,56.087,91.286,74.6125,37.5615,20.888
319,321,301,177,29,0.15,57.0,5.8,239,2026-09-16 07:55:00,PT5M,58.647,94.433,77.4814,39.8126,22.861
337,339,316,182,29,0.15,56.7,5.8,239,2026-09-16 08:00:00,PT5M,61.126,97.444,80.2404,42.0116,24.808
355,357,330,187,29,0.15,56.4,5.9,239,2026-09-16 08:05:00,PT5M,63.486,100.0,82.8409,44.1311,26.711
373,375,344,191,29,0.15,56.1,5.9,239,2026-09-16 08:10:00,PT5M,65.717,100.0,85.2693,46.1647,28.567
391,393,358,195,29,0.15,55.7,5.9,240,2026-09-16 08:15:00,PT5M,67.84,100.0,87.5478,48.1322,30.3945
409,411,371,199,29,0.15,55.4,5.9,240,2026-09-16 08:20:00,PT5M,69.816,100.0,89.6349,49.9971,32.1595
427,429,384,203,29,0.15,55.1,6.0,240,2026-09-16 08:25:00,PT5M,71.687,100.0,91.5619,51.8121,33.924
445,446,397,206,30,0.15,54.8,6.0,240,2026-09-16 08:30:00,PT5M,73.469,100.0,93.37,53.568,35.6565
461,463,405,211,30,0.15,54.2,6.0,240,2026-09-16 08:35:00,PT5M,74.78,100.0,94.7365,54.8235,36.862
476,477,409,216,30,0.15,53.2,5.9,240,2026-09-16 08:40:00,PT5M,75.637,100.0,95.618,55.656,37.6725
490,491,412,222,30,0.15,52.3,5.9,241,2026-09-16 08:45:00,PT5M,76.443,100.0,96.4395,56.4465,38.449
504,505,414,227,30,0.15,51.5,5.8,241,2026-09-16 08:50:00,PT5M,77.203,100.0,97.2082,57.1978,39.1925
517,519,417,232,30,0.15,50.6,5.8,241,2026-09-16 08:55:00,PT5M,77.925,100.0,97.9323,57.9177,39.9105
531,532,419,237,31,0.15,49.7,5.7,242,2026-09-16 09:00:00,PT5M,78.612,100.0,98.5485,58.6755,40.732
544,546,422,242,31,0.15,48.9,5.7,242,2026-09-16 09:05:00,PT5M,79.355,100.0,99.1268,59.5832,41.788
558,559,426,247,31,0.15,48.1,5.6,242,2026-09-16 09:10:00,PT5M,80.094,100.0,99.7034,60.4846,42.8355
571,572,429,251,31,0.15,47.3,5.6,243,2026-09-16 09:15:00,PT5M,80.8,100.0,100.0,61.3493,43.843
584,585,432,256,31,0.15,46.5,5.5,243,2026-09-16 09:20:00,PT5M,81.475,100.0,100.0,62.179,44.812
596,597,435,260,31,0.15,45.7,5.5,243,2026-09-16 09:25:00,PT5M,82.12,100.0,100.0,62.9745,45.743
608,609,437,264,32,0.15,44.9,5.4,244,2026-09-16 09:30:00,PT5M,82.736,100.0,100.0,63.7368,46.637
620,621,441,268,32,0.15,44.2,5.4,244,2026-09-16 09:35:00,PT5M,83.393,100.0,100.0,64.5359,47.564
633,634,445,271,32,0.15,43.4,5.4,244,2026-09-16 09:40:00,PT5M,84.089,100.0,100.0,65.3696,48.5215
645,645,449,274,32,0.15,42.7,5.3,245,2026-09-16 09:45:00,PT5M,84.718,100.0,100.0,66.1288,49.398
656,657,452,278,32,0.15,42.0,5.3,245,2026-09-16 09:50:00,PT5M,85.301,100.0,100.0,66.8363,50.2175
667,668,455,281,32,0.15,41.3,5.2,245,2026-09-16 09:55:00,PT5M,85.858,100.0,100.0,67.5128,51.0015
677,678,458,284,33,0.15,40.6,5.2,246,2026-09-16 10:00:00,PT5M,86.39,100.0,100.0,68.1585,51.7495
688,688,460,287,33,0.15,39.9,5.1,246,2026-09-16 10:05:00,PT5M,86.884,100.0,100.0,68.7588,52.4455
697,698,462,290,33,0.15,39.3,5.1,247,2026-09-16 10:10:00,PT5M,87.343,100.0,100.0,69.318,53.095
707,707,464,293,33,0.15,38.6,5.0,247,2026-09-16 10:15:00,PT5M,87.778,100.0,100.0,69.848,53.7105
716,716,466,296,33,0.15,38.0,5.0,247,2026-09-16 10:20:00,PT5M,88.187,100.0,100.0,70.3468,54.29
725,725,468,298,33,0.15,37.3,4.9,248,2026-09-16 10:25:00,PT5M,88.576,100.0,100.0,70.821,54.841
733,733,470,301,34,0.15,36.7,4.9,248,2026-09-16 10:30:00,PT5M,88.944,100.0,100.0,71.2698,55.3625
740,740,470,304,34,0.15,36.1,4.9,249,2026-09-16 10:35:00,PT5M,89.165,100.0,100.0,71.5466,55.6895
745,746,467,308,34,0.15,35.5,4.8,249,2026-09-16 10:40:00,PT5M,89.242,100.0,100.0,71.6536,55.8235
750,751,465,312,34,0.15,34.9,4.8,249,2026-09-16 10:45:00,PT5M,89.298,100.0,100.0,71.7343,55.9265
755,755,462,316,34,0.15,34.3,4.7,250,2026-09-16 10:50:00,PT5M,89.331,100.0,100.0,71.7852,55.9935
759,759,460,320,35,0.15,33.7,4.7,250,2026-09-16 10:55:00,PT5M,89.338,100.0,100.0,71.8022,56.0195
763,763,457,323,35,0.15,33.2,4.6,251,2026-09-16 11:00:00,PT5M,89.307,100.0,100.0,71.7633,55.9735
766,766,454,326,35,0.15,32.6,4.6,251,2026-09-16 11:05:00,PT5M,89.268,100.0,100.0,71.7154,55.9175
769,769,452,329,35,0.15,32.1,4.6,252,2026-09-16 11:10:00,PT5M,89.229,100.0,100.0,71.6748,55.8755
771,772,450,332,35,0.15,31.5,4.5,252,2026-09-16 11:15:00,PT5M,89.17,100.0,100.0,71.6098,55.805
773,774,447,335,35,0.15,31.0,4.5,253,2026-09-16 11:20:00,PT5M,89.079,100.0,100.0,71.499,55.6765
775,775,444,338,36,0.15,30.5,4.4,253,2026-09-16 11:25:00,PT5M,88.963,100.0,100.0,71.357,55.511
776,776,441,340,36,0.15,30.0,4.4,254,2026-09-16 11:30:00,PT5M,88.824,100.0,100.0,71.1859,55.311
776,776,437,343,36,0.15,29.7,4.4,254,2026-09-16 11:35:00,PT5M,88.565,100.0,100.0,70.8698,54.9435
774,774,430,347,36,0.15,29.8,4.4,253,2026-09-16 11:40:00,PT5M,88.183,100.0,100.0,70.4054,54.405
771,771,423,351,36,0.15,29.8,4.4,252,2026-09-16 11:45:00,PT5M,87.778,100.0,100.0,69.9125,53.833
768,768,415,354,36,0.15,29.8,4.3,251,2026-09-16 11:50:00,PT5M,87.332,100.0,100.0,69.372,53.2075
764,765,408,358,36,0.15,29.8,4.3,250,2026-09-16 11:55:00,PT5M,86.851,100.0,100.0,68.791,52.5365
760,760,400,361,36,0.15,29.8,4.3,249,2026-09-16 12:00:00,PT5M,86.348,100.0,100.0,68.183,51.834
756,756,393,364,36,0.15,29.8,4.3,248,2026-09-16 12:05:00,PT5M,85.905,100.0,100.0,67.6308,51.1835
751,751,386,367,36,0.15,29.8,4.3,247,2026-09-16 12:10:00,PT5M,85.471,100.0,100.0,67.0831,50.5335
745,746,378,369,36,0.15,29.9,4.3,246,2026-09-16 12:15:00,PT5M,85.013,100.0,100.0,66.5078,49.8525
740,740,370,372,36,0.15,29.9,4.3,245,2026-09-16 12:20:00,PT5M,84.506,100.0,100.0,65.8776,49.1115
733,734,362,374,36,0.15,29.9,4.3,244,2026-09-16 12:25:00,PT5M,83.964,100.0,100.0,65.2085,48.328
726,727,355,376,36,0.15,29.9,4.4,243,2026-09-16 12:30:00,PT5M,83.428,100.0,100.0,64.5417,47.5435
719,719,346,378,36,0.15,29.9,4.4,242,2026-09-16 12:35:00,PT5M,82.762,100.0,100.0,63.7528,46.644
710,711,336,380,36,0.15,29.9,4.4,241,2026-09-16 12:40:00,PT5M,82.013,100.0,100.0,62.8881,45.675
702,702,327,382,36,0.15,30.0,4.4,240,2026-09-16 12:45:00,PT5M,81.233,100.0,100.0,61.9886,44.668
692,693,317,383,36,0.15,30.0,4.4,239,2026-09-16 12:50:00,PT5M,80.416,100.0,99.7854,61.0466,43.6135
683,684,308,384,36,0.15,30.0,4.4,238,2026-09-16 12:55:00,PT5M,79.554,100.0,99.056,60.052,42.4995
673,674,299,385,36,0.15,30.0,4.4,237,2026-09-16 13:00:00,PT5M,78.678,100.0,98.3098,59.0462,41.377
663,664,290,386,36,0.15,30.0,4.4,237,2026-09-16 13:05:00,PT5M,77.804,100.0,97.5568,58.0512,40.273
653,654,281,386,36,0.15,30.0,4.4,236,2026-09-16 13:10:00,PT5M,76.877,100.0,96.7601,56.9939,39.0985
643,643,272,386,36,0.15,30.0,4.4,235,2026-09-16 13:15:00,PT5M,75.903,100.0,95.9229,55.8831,37.8645
632,633,263,385,36,0.15,30.1,4.5,234,2026-09-16 13:20:00,PT5M,74.892,100.0,95.0519,54.7321,36.5875
621,622,254,384,36,0.15,30.1,4.5,233,2026-09-16 13:25:00,PT5M,73.847,100.0,94.1482,53.5458,35.274
610,611,246,383,36,0.15,30.1,4.5,232,2026-09-16 13:30:00,PT5M,72.77,100.0,93.2136,52.3264,33.9265
600,601,240,381,36,0.15,30.1,4.5,231,2026-09-16 13:35:00,PT5M,71.891,100.0,92.433,51.349,32.8605
592,593,237,378,36,0.15,30.1,4.5,230,2026-09-16 13:40:00,PT5M,71.214,100.0,91.8126,50.6154,32.076
584,585,234,375,36,0.15,30.1,4.6,229,2026-09-16 13:45:00,PT5M,70.513,100.0,91.1713,49.8547,31.2615
575,576,231,371,36,0.15,30.1,4.6,229,2026-09-16 13:50:00,PT5M,69.783,100.0,90.5042,49.0618,30.412
566,567,227,368,36,0.15,30.2,4.6,228,2026-09-16 13:55:00,PT5M,69.023,100.0,89.8108,48.2352,29.5255
557,558,224,364,36,0.15,30.2,4.6,227,2026-09-16 14:00:00,PT5M,68.234,100.0,89.0918,47.3762,28.6035
548,549,221,360,36,0.15,30.2,4.7,226,2026-09-16 14:05:00,PT5M,67.414,100.0,88.3458,46.4822,27.643
538,539,218,355,36,0.15,30.2,4.7,225,2026-09-16 14:10:00,PT5M,66.561,100.0,87.5717,45.5503,26.64
529,530,214,351,36,0.15,30.2,4.7,224,2026-09-16 14:15:00,PT5M,65.679,100.0,86.7721,44.5859,25.6015
518,519,211,346,36,0.15,30.2,4.7,224,2026-09-16 14:20:00,PT5M,64.769,100.0,85.9476,43.5904,24.529
508,509,207,341,36,0.15,30.2,4.8,223,2026-09-16 14:25:00,PT5M,63.8,100.0,85.0691,42.5309,23.388
497,498,203,336,36,0.15,30.3,4.8,222,2026-09-16 14:30:00,PT5M,62.788,100.0,84.1516,41.4244,22.1965
486,487,198,331,36,0.15,30.4,4.8,222,2026-09-16 14:35:00,PT5M,61.701,100.0,83.1828,40.2192,20.885
474,475,192,326,36,0.15,30.7,4.8,221,2026-09-16 14:40:00,PT5M,60.536,100.0,82.158,38.914,19.4535
461,462,187,321,36,0.15,31.1,4.8,221,2026-09-16 14:45:00,PT5M,59.338,100.0,81.0961,37.5799,17.997
449,450,181,316,36,0.15,31.4,4.8,221,2026-09-16 14:50:00,PT5M,58.107,99.4635,79.8732,36.3408,16.7505
437,438,176,310,36,0.15,31.8,4.8,221,2026-09-16 14:55:00,PT5M,56.842,98.2175,78.6182,35.0658,15.4665
424,425,170,304,36,0.15,32.1,4.8,221,2026-09-16 15:00:00,PT5M,55.543,96.925,77.3226,33.7634,14.161
412,413,164,298,35,0.15,32.4,4.8,221,2026-09-16 15:05:00,PT5M,54.202,95.5395,75.9582,32.4458,12.8645
399,400,157,293,35,0.15,32.8,4.8,221,2026-09-16 15:10:00,PT5M,52.783,94.0205,74.4866,31.0794,11.5455
386,387,150,287,35,0.15,33.1,4.8,221,2026-09-16 15:15:00,PT5M,51.316,92.3695,72.9228,29.7092,10.2625
373,374,143,281,35,0.15,33.5,4.8,221,2026-09-16 15:20:00,PT5M,49.799,90.6935,71.3221,28.2759,8.9045
360,361,136,275,35,0.15,33.9,4.8,220,2026-09-16 15:25:00,PT5M,48.218,88.925,69.6424,26.7936,7.511
346,347,128,268,35,0.15,34.2,4.8,220,2026-09-16 15:30:00,PT5M,46.581,87.0625,67.8867,25.2753,6.0995
333,334,121,262,35,0.15,34.6,4.8,220,2026-09-16 15:35:00,PT5M,44.885,85.085,66.0425,23.7275,4.685
320,321,113,255,35,0.15,35.0,4.9,220,2026-09-16 15:40:00,PT5M,43.129,82.9865,64.1063,22.1517,3.2715
306,307,105,248,34,0.15,35.4,4.9,220,2026-09-16 15:45:00,PT5M,41.56,80.982,62.3081,20.8119,2.138
292,293,97,240,34,0.15,35.7,4.9,220,2026-09-16 15:50:00,PT5M,39.703,78.5855,60.1671,19.2389,0.8205
279,280,89,233,34,0.15,36.1,4.9,220,2026-09-16 15:55:00,PT5M,37.78,76.032,57.9123,17.6477,0.0
265,266,81,225,34,0.15,36.5,4.9,220,2026-09-16 16:00:00,PT5M,35.791,73.322,55.5438,16.0382,0.0
252,252,73,217,34,0.15,36.9,4.9,220,2026-09-16 16:05:00,PT5M,33.835,70.619,53.1947,14.4753,0.0
238,239,66,208,34,0.15,37.3,4.9,219,2026-09-16 16:10:00,PT5M,31.922,67.9545,50.8862,12.9578,0.0
225,226,59,199,34,0.15,37.7,4.9,219,2026-09-16 16:15:00,PT5M,29.96,65.188,48.5007,11.4193,0.0
212,213,51,191,33,0.15,38.1,4.9,219,2026-09-16 16:20:00,PT5M,27.962,62.276,46.0217,9.9023,0.0
199,200,44,181,33,0.15,38.5,4.9,219,2026-09-16 16:25:00,PT5M,26.042,58.014,42.8691,9.2149,0.0
186,187,36,172,33,0.15,39.0,4.9,219,2026-09-16 16:30:00,PT5M,24.029,53.7685,39.6811,8.3769,0.0
173,174,29,163,33,0.15,39.4,4.9,219,2026-09-16 16:35:00,PT5M,22.186,49.683,36.6579,7.7141,0.0
160,161,20,154,33,0.15,39.8,4.9,219,2026-09-16 16:40:00,PT5M,20.145,45.4825,33.4803,6.8097,0.0
147,148,12,144,33,0.15,40.2,4.9,219,2026-09-16 16:45:00,PT5M,18.133,41.3225,30.3378,5.9282,0.0
135,135,3,134,33,0.15,40.7,4.9,219,2026-09-16 16:50:00,PT5M,16.131,37.184,27.2113,5.0507,0.0
123,123,0,123,33,0.15,41.1,4.9,218,2026-09-16 16:55:00,PT5M,14.481,33.423,24.4503,4.5117,0.0
110,111,0,111,32,0.15,41.6,4.9,218,2026-09-16 17:00:00,PT5M,13.027,29.9025,21.9087,4.1453,0.0
98,98,0,98,32,0.15,42.0,4.9,218,2026-09-16 17:05:00,PT5M,11.567,26.456,19.4032,3.7308,0.0
86,86,0,86,32,0.15,42.5,4.9,218,2026-09-16 17:10:00,PT5M,10.128,23.136,16.9742,3.2818,0.0
74,74,0,74,32,0.15,43.0,4.9,218,2026-09-16 17:15:00,PT5M,8.651,19.8445,14.5422,2.7598,0.0
63,63,0,63,32,0.15,43.4,4.9,218,2026-09-16 17:20:00,PT5M,7.251,16.6685,12.2075,2.2945,0.0
52,53,0,53,32,0.15,43.9,4.9,218,2026-09-16 17:25:00,PT5M,6.005,13.684,10.0465,1.9635,0.0
43,43,0,43,32,0.15,44.4,4.9,218,2026-09-16 17:30:00,PT5M,4.802,10.814,7.9662,1.6378,0.0
34,34,0,34,32,0.15,44.8,4.9,218,2026-09-16 17:35:00,PT5M,3.609,8.0635,5.9534,1.2646,0.0
26,26,0,26,31,0.15,45.2,4.8,218,2026-09-16 17:40:00,PT5M,2.601,5.7725,4.2702,0.9318,0.0
18,18,0,18,31,0.15,45.5,4.7,218,2026-09-16 17:45:00,PT5M,1.72,3.786,2.8074,0.6326,0.0
12,12,0,12,31,0.15,45.9,4.7,218,2026-09-16 17:50:00,PT5M,0.915,2.035,1.5045,0.3255,0.0
7,7,0,7,31,0.15,46.3,4.6,219,2026-09-16 17:55:00,PT5M,0.188,0.6375,0.4246,0.0,0.0
2,2,0,2,31,0.15,46.7,4.5,219,2026-09-16 18:00:00,PT5M,0.0,0.0,0.0,0.0,0.0
0,0,0,0,31,0.15,47.1,4.5,219,2026-09-16 18:05:00,PT5M,0.0,0.0,0.0,0.0,0.0
0,0,0,0,31,0.15,47.4,4.4,220,2026-09-16 18:10:00,PT5M,0.0,0.0,0.0,0.0,0.0
0,0,0,0,31,0.15,47.8,4.3,220,2026-09-16 18:15:00,PT5M,0.0,0.0,0.0,0.0,0.0
0,0,0,0,31,0.15,48.2,4.2,220,2026-09-16 18:20:00,PT5M,0.0,0.0,0.0,0.0,0.0
0,0,0,0,31,0.15,48.6,4.2,221,2026-09-16 18:25:00,PT5M,0.0,0.0,0.0,0.0,0.0
0,0,0,0,30,0.15,49.0,4.1,221,2026-09-16 18:30:00,PT5M,0.0,0.0,0.0,0.0,0.0
0,0,0,0,30,0.15,49.4,4.0,221,2026-09-16 18:35:00,PT5M,0.0,0.0,0.0,0.0,0.0
0,0,0,0,30,0.15,49.8,4.0,222,2026-09-16 18:40:00,PT5M,0.0,0.0,0.0,0.0,0.0
0,0,0,0,30,0.15,50.2,3.9,222,2026-09-16 18:45:00,PT5M,0.0,0.0,0.0,0.0,0.0
0,0,0,0,30,0.15,50.7,3.8,222,2026-09-16 18:50:00,PT5M,0.0,0.0,0.0,0.0,0.0
0,0,0,0,30,0.15,51.1,3.7,223,2026-09-16 18:55:00,PT5M,0.0,0.0,0.0,0.0,0.0
0,0,0,0,30,0.15,51.5,3.7,223,2026-09-16 19:00:00,PT5M,0.0,0.0,0.0,0.0,0.0
0,0,0,0,30,0.15,51.9,3.6,224,2026-09-16 19:05:00,PT5M,0.0,0.0,0.0,0.0,0.0
0,0,0,0,30,0.15,52.3,3.5,224,2026-09-16 19:10:00,PT5M,0.0,0.0,0.0,0.0,0.0
0,0,0,0,30,0.15,52.8,3.5,224,2026-09-16 19:15:00,PT5M,0.0,0.0,0.0,0.0,0.0
0,0,0,0,30,0.15,53.2,3.4,225,2026-09-16 19:20:00,PT5M,0.0,0.0,0.0,0.0,0.0
0,0,0,0,29,0.15,53.7,3.3,225,2026-09-16 19:25:00,PT5M,0.0,0.0,0.0,0.0,0.0
0,0,0,0,29,0.15,54.1,3.3,226,2026-09-16 19:30:00,PT5M,0.0,0.0,0.0,0.0,0.0
0,0,0,0,29,0.15,54.5,3.2,227,2026-09-16 19:35:00,PT5M,0.0,0.0,0.0,0.0,0.0
0,0,0,0,29,0.15,55.0,3.1,227,2026-09-16 19:40:00,PT5M,0.0,0.0,0.0,0.0,0.0
0,0,0,0,29,0.15,55.5,3.1,228,2026-09-16 19:45:00,PT5M,0.0,0.0,0.0,0.0,0.0
0,0,0,0,29,0.15,55.9,3.0,228,2026-09-16 19:50:00,PT5M,0.0,0.0,0.0,0.0,0.0
0,0,0,0,29,0.15,56.4,2.9,229,2026-09-16 19:55:00,PT5M,0.0,0.0,0.0,0.0,0.0
0,0,0,0,29,0.15,56.8,2.9,230,2026-09-16 20:00:00,PT5M,0.0,0.0,0.0,0.0,0.0
0,0,0,0,29,0.15,57.3,2.8,230,2026-09-16 20:05:00,PT5M,0.0,0.0,0.0,0.0,0.0
0,0,0,0,29,0.15,57.8,2.7,231,2026-09-16 20:10:00,PT5M,0.0,0.0,0.0,0.0,0.0
0,0,0,0,28,0.15,58.3,2.7,232,2026-09-16 20:15:00,PT5M,0.0,0.0,0.0,0.0,0.0
0,0,0,0,28,0.15,58.7,2.6,233,2026-09-16 20:20:00,PT5M,0.0,0.0,0.0,0.0,0.0
0,0,0,0,28,0.15,59.2,2.5,234,2026-09-16 20:25:00,PT5M,0.0,0.0,0.0,0.0,0.0
0,0,0,0,28,0.15,59.7,2.5,235,2026-09-16 20:30:00,PT5M,0.0,0.0,0.0,0.0,0.0
0,0,0,0,28,0.15,60.1,2.4,235,2026-09-16 20:35:00,PT5M,0.0,0.0,0.0,0.0,0.0
0,0,0,0,28,0.15,60.3,2.5,235,2026-09-16 20:40:00,PT5M,0.0,0.0,0.0,0.0,0.0
0,0,0,0,28,0.15,60.5,2.5,235,2026-09-16 20:45:00,PT5M,0.0,0.0,0.0,0.0,0.0
0,0,0,0,28,0.15,60.7,2.5,235,2026-09-16 20:50:00,PT5M,0.0,0.0,0.0,0.0,0.0
0,0,0,0,28,0.15,60.9,2.5,235,2026-09-16 20:55:00,PT5M,0.0,0.0,0.0,0.0,0.0
0,0,0,0,28,0.15,61.1,2.5,234,2026-09-16 21:00:00,PT5M,0.0,0.0,0.0,0.0,0.0
0,0,0,0,28,0.15,61.3,2.5,234,2026-09-16 21:05:00,PT5M,0.0,0.0,0.0,0.0,0.0
0,0,0,0,28,0.15,61.6,2.5,234,2026-09-16 21:10:00,PT5M,0.0,0.0,0.0,0.0,0.0
0,0,0,0,28,0.15,61.8,2.6,234,2026-09-16 21:15:00,PT5M,0.0,0.0,0.0,0.0,0.0
0,0,0,0,28,0.15,62.0,2.6,234,2026-09-16 21:20:00,PT5M,0.0,0.0,0.0,0.0,0.0
0,0,0,0,28,0.15,62.2,2.6,234,2026-09-16 21:25:00,PT5M,0.0,0.0,0.0,0.0,0.0
0,0,0,0,28,0.15,62.4,2.6,234,2026-09-16 21:30:00,PT5M,0.0,0.0,0.0,0.0,0.0
0,0,0,0,28,0.15,62.6,2.6,234,2026-09-16 21:35:00,PT5M,0.0,0.0,0.0,0.0,0.0
0,0,0,0,28,0.15,62.8,2.6,234,2026-09-16 21:40:00,PT5M,0.0,0.0,0.0,0.0,0.0
0,0,0,0,28,0.15,63.1,2.6,234,2026-09-16 21:45:00,PT5M,0.0,0.0,0.0,0.0,0.0
0,0,0,0,28,0.15,63.3,2.6,234,2026-09-16 21:50:00,PT5M,0.0,0.0,0.0,0.0,0.0
0,0,0,0,27,0.15,63.5,2.7,233,2026-09-16 21:55:00,PT5M,0.0,0.0,0.0,0.0,0.0
0,0,0,0,27,0.15,63.7,2.7,233,2026-09-16 22:00:00,PT5M,0.0,0.0,0.0,0.0,0.0
0,0,0,0,27,0.15,63.9,2.7,233,2026-09-16 22:05:00,PT5M,0.0,0.0,0.0,0.0,0.0
0,0,0,0,27,0.15,64.2,2.7,233,2026-09-16 22:10:00,PT5M,0.0,0.0,0.0,0.0,0.0
0,0,0,0,27,0.15,64.4,2.7,233,2026-09-16 22:15:00,PT5M,0.0,0.0,0.0,0.0,0.0
0,0,0,0,27,0.15,64.6,2.7,233,2026-09-16 22:20:00,PT5M,0.0,0.0,0.0,0.0,0.0
0,0,0,0,27,0.15,64.8,2.7,233,2026-09-16 22:25:00,PT5M,0.0,0.0,0.0,0.0,0.0
0,0,0,0,27,0.15,65.1,2.8,233,2026-09-16 22:30:00,PT5M,0.0,0.0,0.0,0.0,0.0
0,0,0,0,27,0.15,65.3,2.8,233,2026-09-16 22:35:00,PT5M,0.0,0.0,0.0,0.0,0.0
0,0,0,0,27,0.15,65.5,2.8,233,2026-09-16 22:40:00,PT5M,0.0,0.0,0.0,0.0,0.0
0,0,0,0,27,0.15,65.7,2.8,233,2026-09-16 22:45:00,PT5M,0.0,0.0,0.0,0.0,0.0
0,0,0,0,27,0.15,66.0,2.8,233,2026-09-16 22:50:00,PT5M,0.0,0.0,0.0,0.0,0.0
0,0,0,0,27,0.15,66.2,2.8,233,2026-09-16 22:55:00,PT5M,0.0,0.0,0.0,0.0,0.0
0,0,0,0,27,0.15,66.4,2.8,232,2026-09-16 23:00:00,PT5M,0.0,0.0,0.0,0.0,0.0
0,0,0,0,27,0.15,66.7,2.8,232,2026-09-16 23:05:00,PT5M,0.0,0.0,0.0,0.0,0.0
0,0,0,0,27,0.15,66.9,2.9,232,2026-09-16 23:10:00,PT5M,0.0,0.0,0.0,0.0,0.0
0,0,0,0,27,0.15,67.1,2.9,232,2026-09-16 23:15:00,PT5M,0.0,0.0,0.0,0.0,0.0
0,0,0,0,27,0.15,67.4,2.9,232,2026-09-16 23:20:00,PT5M,0.0,0.0,0.0,0.0,0.0
0,0,0,0,27,0.15,67.6,2.9,232,2026-09-16 23:25:00,PT5M,0.0,0.0,0.0,0.0,0.0
0,0,0,0,27,0.15,67.8,2.9,232,2026-09-16 23:30:00,PT5M,0.0,0.0,0.0,0.0,0.0
0,0,0,0,27,0.15,68.0,2.9,232,2026-09-16 23:35:00,PT5M,0.0,0.0,0.0,0.0,0.0
0,0,0,0,27,0.15,68.1,3.0,232,2026-09-16 23:40:00,PT5M,0.0,0.0,0.0,0.0,0.0
0,0,0,0,27,0.15,68.2,3.0,232,2026-09-16 23:45:00,PT5M,0.0,0.0,0.0,0.0,0.0
0,0,0,0,27,0.15,68.3,3.0,232,2026-09-16 23:50:00,PT5M,0.0,0.0,0.0,0.0,0.0
0,0,0,0,27,0.15,68.4,3.0,232,2026-09-16 23:55:00,PT5M,0.0,0.0,0.0,0.0,0.0
0,0,0,0,27,0.15,68.5,3.0,232,2026-09-17 00:00:00,PT5M,0.0,0.0,0.0,0.0,0.0
0,0,0,0,27,0.15,68.6,3.1,232,2026-09-17 00:05:00,PT5M,0.0,0.0,0.0,0.0,0.0
0,0,0,0,27,0.15,68.7,3.1,232,2026-09-17 00:10:00,PT5M,0.0,0.0,0.0,0.0,0.0
0,0,0,0,27,0.15,68.7,3.1,232,2026-09-17 00:15:00,PT5M,0.0,0.0,0.0,0.0,0.0
0,0,0,0,27,0.15,68.8,3.1,231,2026-09-17 00:20:00,PT5M,0.0,0.0,0.0,0.0,0.0
0,0,0,0,27,0.15,68.9,3.2,231,2026-09-17 00:25:00,PT5M,0.0,0.0,0.0,0.0,0.0
0,0,0,0,27,0.15,69.0,3.2,231,2026-09-17 00:30:00,PT5M,0.0,0.0,0.0,0.0,0.0
0,0,0,0,27,0.15,69.1,3.2,231,2026-09-17 00:35:00,PT5M,0.0,0.0,0.0,0.0,0.0
0,0,0,0,27,0.15,69.2,3.2,231,2026-09-17 00:40:00,PT5M,0.0,0.0,0.0,0.0,0.0
0,0,0,0,27,0.15,69.3,3.3,231,2026-09-17 00:45:00,PT5M,0.0,0.0,0.0,0.0,0.0
0,0,0,0,27,0.15,69.4,3.3,231,2026-09-17 00:50:00,PT5M,0.0,0.0,0.0,0.0,0.0
0,0,0,0,27,0.15,69.5,3.3,231,2026-09-17 00:55:00,PT5M,0.0,0.0,0.0,0.0,0.0
0,0,0,0,27,0.15,69.6,3.3,231,2026-09-17 01:00:00,PT5M,0.0,0.0,0.0,0.0,0.0
0,0,0,0,27,0.15,69.7,3.4,231,2026-09-17 01:05:00,PT5M,0.0,0.0,0.0,0.0,0.0
0,0,0,0,27,0.15,69.8,3.4,231,2026-09-17 01:10:00,PT5M,0.0,0.0,0.0,0.0,0.0
0,0,0,0,27,0.15,69.9,3.4,231,2026-09-17 01:15:00,PT5M,0.0,0.0,0.0,0.0,0.0
0,0,0,0,27,0.15,70.0,3.4,231,2026-09-17 01:20:00,PT5M,0.0,0.0,0.0,0.0,0.0
0,0,0,0,27,0.15,70.1,3.4,231,2026-09-17 01:25:00,PT5M,0.0,0.0,0.0,0.0,0.0
0,0,0,0,27,0.15,70.2,3.5,231,2026-09-17 01:30:00,PT5M,0.0,0.0,0.0,0.0,0.0
0,0,0,0,27,0.15,70.3,3.5,231,2026-09-17 01:35:00,PT5M,0.0,0.0,0.0,0.0,0.0
0,0,0,0,27,0.15,70.4,3.5,231,2026-09-17 01:40:00,PT5M,0.0,0.0,0.0,0.0,0.0
0,0,0,0,27,0.15,70.4,3.5,231,2026-09-17 01:45:00,PT5M,0.0,0.0,0.0,0.0,0.0
0,0,0,0,26,0.15,70.5,3.6,231,2026-09-17 01:50:00,PT5M,0.0,0.0,0.0,0.0,0.0
0,0,0,0,26,0.15,70.6,3.6,231,2026-09-17 01:55:00,PT5M,0.0,0.0,0.0,0.0,0.0
0,0,0,0,26,0.15,70.7,3.6,231,2026-09-17 02:00:00,PT5M,0.0,0.0,0.0,0.0,0.0
0,0,0,0,26,0.15,70.8,3.6,231,2026-09-17 02:05:00,PT5M,0.0,0.0,0.0,0.0,0.0
0,0,0,0,26,0.15,70.9,3.7,231,2026-09-17 02:10:00,PT5M,0.0,0.0,0.0,0.0,0.0
0,0,0,0,26,0.15,71.0,3.7,231,2026-09-17 02:15:00,PT5M,0.0,0.0,0.0,0.0,0.0
0,0,0,0,26,0.15,71.1,3.7,230,2026-09-17 02:20:00,PT5M,0.0,0.0,0.0,0.0,0.0
0,0,0,0,26,0.15,71.2,3.7,230,2026-09-17 02:25:00,PT5M,0.0,0.0,0.0,0.0,0.0
0,0,0,0,26,0.15,71.3,3.8,230,2026-09-17 02:30:00,PT5M,0.0,0.0,0.0,0.0,0.0
0,0,0,0,26,0.15,71.4,3.8,231,2026-09-17 02:35:00,PT5M,0.0,0.0,0.0,0.0,0.0
0,0,0,0,26,0.15,71.4,3.7,231,2026-09-17 02:40:00,PT5M,0.0,0.0,0.0,0.0,0.0
0,0,0,0,26,0.15,71.4,3.7,231,2026-09-17 02:45:00,PT5M,0.0,0.0,0.0,0.0,0.0
0,0,0,0,26,0.15,71.5,3.7,232,2026-09-17 02:50:00,PT5M,0.0,0.0,0.0,0.0,0.0
0,0,0,0,26,0.15,71.5,3.7,232,2026-09-17 02:55:00,PT5M,0.0,0.0,0.0,0.0,0.0
0,0,0,0,26,0.15,71.6,3.7,232,2026-09-17 03:00:00,PT5M,0.0,0.0,0.0,0.0,0.0
0,0,0,0,26,0.15,71.6,3.7,233,2026-09-17 03:05:00,PT5M,0.0,0.0,0.0,0.0,0.0
0,0,0,0,26,0.15,71.6,3.6,233,2026-09-17 03:10:00,PT5M,0.0,0.0,0.0,0.0,0.0
0,0,0,0,26,0.15,71.7,3.6,233,2026-09-17 03:15:00,PT5M,0.0,0.0,0.0,0.0,0.0
0,0,0,0,26,0.15,71.7,3.6,234,2026-09-17 03:20:00,PT5M,0.0,0.0,0.0,0.0,0.0
0,0,0,0,26,0.15,71.7,3.6,234,2026-09-17 03:25:00,PT5M,0.0,0.0,0.0,0.0,0.0
0,0,0,0,26,0.15,71.8,3.6,234,2026-09-17 03:30:00,PT5M,0.0,0.0,0.0,0.0,0.0
0,0,0,0,26,0.15,71.8,3.6,235,2026-09-17 03:35:00,PT5M,0.0,0.0,0.0,0.0,0.0
0,0,0,0,26,0.15,71.8,3.5,235,2026-09-17 03:40:00,PT5M,0.0,0.0,0.0,0.0,0.0
0,0,0,0,26,0.15,71.9,3.5,235,2026-09-17 03:45:00,PT5M,0.0,0.0,0.0,0.0,0.0
0,0,0,0,26,0.15,71.9,3.5,236,2026-09-17 03:50:00,PT5M,0.0,0.0,0.0,0.0,0.0
0,0,0,0,26,0.15,71.9,3.5,236,2026-09-17 03:55:00,PT5M,0.0,0.0,0.0,0.0,0.0
0,0,0,0,26,0.15,72.0,3.5,237,2026-09-17 04:00:00,PT5M,0.0,0.0,0.0,0.0,0.0
0,0,0,0,26,0.15,72.0,3.5,237,2026-09-17 04:05:00,PT5M,0.0,0.0,0.0,0.0,0.0
0,0,0,0,26,0.15,72.0,3.4,237,2026-09-17 04:10:00,PT5M,0.0,0.0,0.0,0.0,0.0
0,0,0,0,26,0.15,72.1,3.4,238,2026-09-17 04:15:00,PT5M,0.0,0.0,0.0,0.0,0.0
0,0,0,0,26,0.15,72.1,3.4,238,2026-09-17 04:20:00,PT5M,0.0,0.0,0.0,0.0,0.0
0,0,0,0,26,0.15,72.2,3.4,239,2026-09-17 04:25:00,PT5M,0.0,0.0,0.0,0.0,0.0
0,0,0,0,26,0.15,72.2,3.4,239,2026-09-17 04:30:00,PT5M,0.0,0.0,0.0,0.0,0.0
0,0,0,0,26,0.15,72.2,3.4,239,2026-09-17 04:35:00,PT5M,0.0,0.0,0.0,0.0,0.0
0,0,0,0,26,0.15,72.3,3.4,240,2026-09-17 04:40:00,PT5M,0.0,0.0,0.0,0.0,0.0
0,0,0,0,26,0.15,72.3,3.3,240,2026-09-17 04:45:00,PT5M,0.0,0.0,0.0,0.0,0.0
0,0,0,0,26,0.15,72.3,3.3,241,2026-09-17 04:50:00,PT5M,0.0,0.0,0.0,0.0,0.0
0,0,0,0,26,0.15,72.4,3.3,241,2026-09-17 04:55:00,PT5M,0.0,0.0,0.0,0.0,0.0
0,0,0,0,26,0.15,72.4,3.3,241,2026-09-17 05:00:00,PT5M,0.0,0.0,0.0,0.0,0.0
0,0,0,0,26,0.15,72.4,3.3,242,2026-09-17 05:05:00,PT5M,0.0,0.0,0.0,0.0,0.0
0,0,0,0,26,0.15,72.5,3.3,242,2026-09-17 05:10:00,PT5M,0.0,0.0,0.0,0.0,0.0
0,0,0,0,26,0.15,72.5,3.3,243,2026-09-17 05:15:00,PT5M,0.0,0.0,0.0,0.0,0.0
0,0,0,0,26,0.15,72.5,3.3,243,2026-09-17 05:20:00,PT5M,0.0,0.0,0.0,0.0,0.0
0,0,0,0,26,0.15,72.6,3.2,244,2026-09-17 05:25:00,PT5M,0.0,0.0,0.0,0.0,0.0
0,0,0,0,26,0.15,72.6,3.2,244,2026-09-17 05:30:00,PT5M,0.0,0.0,0.0,0.0,0.0
0,0,0,0,26,0.15,72.5,3.2,244,2026-09-17 05:35:00,PT5M,0.0,0.0,0.0,0.0,0.0
0,0,0,0,26,0.15,72.3,3.2,244,2026-09-17 05:40:00,PT5M,0.0,0.0,0.0,0.0,0.0
0,0,0,0,26,0.15,72.2,3.2,244,2026-09-17 05:45:00,PT5M,0.0,0.0,0.0,0.0,0.0
0,0,0,0,26,0.15,72.0,3.2,244,2026-09-17 05:50:00,PT5M,0.0,0.0,0.0,0.0,0.0
0,0,0,0,26,0.15,71.8,3.2,244,2026-09-17 05:55:00,PT5M,0.0,0.0,0.0,0.0,0.0
0,0,0,0,26,0.15,71.6,3.2,244,2026-09-17 06:00:00,PT5M,0.0,0.0,0.0,0.0,0.0
5,5,0,5,26,0.15,71.4,3.2,244,2026-09-17 06:05:00,PT5M,0.0,0.1495,0.0787,0.0,0.0
11,11,0,11,26,0.15,71.2,3.2,244,2026-09-17 06:10:00,PT5M,0.742,1.5185,1.1507,0.3333,0.0
18,18,0,18,26,0.15,71.0,3.2,244,2026-09-17 06:15:00,PT5M,1.658,3.193,2.4659,0.8501,0.123
26,26,0,26,27,0.15,70.8,3.1,244,2026-09-17 06:20:00,PT5M,2.676,5.3,4.057,1.295,0.052
35,35,0,35,27,0.15,70.7,3.1,244,2026-09-17 06:25:00,PT5M,3.798,7.6735,5.8377,1.7583,0.0
45,45,0,45,27,0.15,70.5,3.1,243,2026-09-17 06:30:00,PT5M,5.132,10.5085,7.9617,2.3023,0.0
56,56,0,56,27,0.15,70.3,3.1,243,2026-09-17 06:35:00,PT5M,6.626,13.691,10.3444,2.9076,0.0
68,69,0,69,27,0.15,70.1,3.1,243,2026-09-17 06:40:00,PT5M,8.121,16.9785,12.7828,3.4592,0.0
82,82,11,80,27,0.15,69.9,3.1,243,2026-09-17 06:45:00,PT5M,10.111,20.7905,15.7317,4.4903,0.0
96,96,33,89,27,0.15,69.7,3.1,243,2026-09-17 06:50:00,PT5M,12.763,25.271,19.346,6.18,0.255
110,111,55,98,27,0.15,69.5,3.1,243,2026-09-17 06:55:00,PT5M,15.564,29.939,23.1297,7.9983,1.189
126,126,78,106,27,0.15,69.4,3.1,243,2026-09-17 07:00:00,PT5M,18.621,34.9515,27.2159,10.0261,2.2905
140,141,96,115,27,0.15,69.2,3.1,243,2026-09-17 07:05:00,PT5M,21.49,39.887,31.1725,11.8075,3.093
156,157,112,123,27,0.15,69.0,3.1,243,2026-09-17 07:10:00,PT5M,24.53,44.9775,35.2917,13.7683,4.0825
171,172,128,131,27,0.15,68.8,3.1,243,2026-09-17 07:15:00,PT5M,27.7,50.2245,39.5548,15.8452,5.1755
187,188,143,139,27,0.15,68.6,3.1,243,2026-09-17 07:20:00,PT5M,30.969,55.5845,43.9243,18.0137,6.3535
203,204,158,147,27,0.15,68.5,3.1,243,2026-09-17 07:25:00,PT5M,34.318,61.026,48.3746,20.2614,7.61
219,220,173,154,27,0.15,68.3,3.0,243,2026-09-17 07:30:00,PT5M,37.755,66.5555,52.9129,22.5971,8.9545
235,237,187,161,27,0.15,68.1,3.0,243,2026-09-17 07:35:00,PT5M,41.209,72.114,57.4745,24.9435,10.304
252,253,200,169,27,0.15,67.9,3.0,242,2026-09-17 07:40:00,PT5M,44.663,77.7215,62.0619,27.2641,11.6045
268,269,214,175,27,0.15,67.7,3.0,242,2026-09-17 07:45:00,PT5M,47.773,82.407,66.0011,29.5449,13.139
285,286,227,182,27,0.15,67.6,3.0,242,2026-09-17 07:50:00,PT5M,50.225,85.4695,68.7744,31.6756,14.9805
302,303,240,188,27,0.15,67.4,3.0,242,2026-09-17 07:55:00,PT5M,52.683,88.484,71.5253,33.8407,16.882
319,320,253,194,27,0.15,67.2,3.0,242,2026-09-17 08:00:00,PT5M,55.074,91.375,74.1795,35.9685,18.773
336,337,265,200,27,0.15,67.0,3.0,242,2026-09-17 08:05:00,PT5M,57.388,94.125,76.7229,38.0531,20.651
353,354,278,205,27,0.15,66.9,3.0,242,2026-09-17 08:10:00,PT5M,59.615,96.714,79.1405,40.0895,22.516
370,371,290,211,27,0.15,66.7,3.0,242,2026-09-17 08:15:00,PT5M,61.746,99.123,81.4178,42.0742,24.369
387,388,302,216,27,0.15,66.5,3.0,242,2026-09-17 08:20:00,PT5M,63.773,100.0,83.545,44.001,26.2055
404,405,314,220,27,0.15,66.3,3.0,242,2026-09-17 08:25:00,PT5M,65.687,100.0,85.5017,45.8723,28.0385
421,422,326,225,28,0.15,66.2,3.0,242,2026-09-17 08:30:00,PT5M,67.524,100.0,87.3508,47.6972,29.8525
437,438,336,229,28,0.15,65.5,2.9,242,2026-09-17 08:35:00,PT5M,69.125,100.0,88.9563,49.2937,31.445
453,454,344,234,28,0.15,64.4,2.9,244,2026-09-17 08:40:00,PT5M,70.495,100.0,90.3291,50.6609,32.8095
468,469,352,239,28,0.15,63.3,2.8,245,2026-09-17 08:45:00,PT5M,71.804,100.0,91.661,51.947,34.075
484,485,359,243,28,0.15,62.2,2.8,246,2026-09-17 08:50:00,PT5M,73.058,100.0,92.8969,53.2191,35.3635
499,500,367,247,28,0.15,61.2,2.7,248,2026-09-17 08:55:00,PT5M,74.264,100.0,94.0758,54.4522,36.621
514,515,374,251,29,0.15,60.1,2.7,249,2026-09-17 09:00:00,PT5M,75.432,100.0,95.2085,55.6555,37.856
529,530,383,255,29,0.15,59.1,2.7,250,2026-09-17 09:05:00,PT5M,76.651,100.0,96.2296,57.0724,39.451
544,545,391,258,29,0.15,58.1,2.6,252,2026-09-17 09:10:00,PT5M,77.851,100.0,97.2312,58.4708,41.028
560,560,400,261,29,0.15,57.1,2.6,253,2026-09-17 09:15:00,PT5M,79.01,100.0,98.1942,59.8258,42.5595
574,575,408,264,30,0.15,56.2,2.6,255,2026-09-17 09:20:00,PT5M,80.128,100.0,99.1187,61.1373,44.045
589,590,417,266,30,0.15,55.2,2.5,257,2026-09-17 09:25:00,PT5M,81.208,100.0,100.0,62.4078,45.487
604,604,425,268,30,0.15,54.3,2.5,258,2026-09-17 09:30:00,PT5M,82.251,100.0,100.0,63.6384,46.8865
615,616,428,272,30,0.15,53.4,2.5,260,2026-09-17 09:35:00,PT5M,82.845,100.0,100.0,64.3727,47.747
624,625,424,278,30,0.15,52.5,2.4,262,2026-09-17 09:40:00,PT5M,83.006,100.0,100.0,64.6239,48.0795
632,633,420,285,31,0.15,51.6,2.4,264,2026-09-17 09:45:00,PT5M,83.107,100.0,100.0,64.8057,48.334
640,640,416,291,31,0.15,50.7,2.4,265,2026-09-17 09:50:00,PT5M,83.176,100.0,100.0,64.9474,48.541
647,647,411,297,31,0.15,49.9,2.4,267,2026-09-17 09:55:00,PT5M,83.228,100.0,100.0,65.0654,48.7185
653,654,406,303,31,0.15,49.1,2.4,269,2026-09-17 10:00:00,PT5M,83.264,100.0,100.0,65.1596,48.865
659,660,402,309,31,0.15,48.2,2.3,271,2026-09-17 10:05:00,PT5M,83.281,100.0,100.0,65.2266,48.977
665,665,397,315,32,0.15,47.4,2.3,273,2026-09-17 10:10:00,PT5M,83.281,100.0,100.0,65.2697,49.059
670,671,392,321,32,0.15,46.6,2.3,275,2026-09-17 10:15:00,PT5M,83.262,100.0,100.0,65.287,49.109
675,676,387,326,32,0.15,45.9,2.3,277,2026-09-17 10:20:00,PT5M,83.225,100.0,100.0,65.2798,49.1285
680,680,382,332,32,0.15,45.1,2.3,279,2026-09-17 10:25:00,PT5M,83.173,100.0,100.0,65.2517,49.122
684,684,377,337,32,0.15,44.3,2.3,281,2026-09-17 10:30:00,PT5M,83.106,100.0,100.0,65.2031,49.09
691,691,379,340,33,0.15,43.6,2.3,283,2026-09-17 10:35:00,PT5M,83.504,100.0,100.0,65.6959,49.668
702,702,388,339,33,0.15,42.9,2.3,285,2026-09-17 10:40:00,PT5M,84.354,100.0,100.0,66.7196,50.848
713,713,397,338,33,0.15,42.2,2.3,286,2026-09-17 10:45:00,PT5M,85.17,100.0,100.0,67.7069,51.9895
724,724,406,337,33,0.15,41.5,2.3,288,2026-09-17 10:50:00,PT5M,85.951,100.0,100.0,68.655,53.088
734,734,416,336,33,0.15,40.8,2.4,290,2026-09-17 10:55:00,PT5M,86.694,100.0,100.0,69.5595,54.138
744,744,425,335,34,0.15,40.1,2.4,292,2026-09-17 11:00:00,PT5M,87.386,100.0,100.0,70.3965,55.1055
753,753,434,333,34,0.15,39.4,2.4,294,2026-09-17 11:05:00,PT5M,88.055,100.0,100.0,71.2121,56.053
762,762,443,331,34,0.15,38.8,2.4,296,2026-09-17 11:10:00,PT5M,88.71,100.0,100.0,72.0224,57.003
771,771,453,328,34,0.15,38.1,2.4,298,2026-09-17 11:15:00,PT5M,89.336,100.0,100.0,72.8,57.917
780,779,462,326,35,0.15,37.5,2.5,299,2026-09-17 11:20:00,PT5M,89.923,100.0,100.0,73.5259,58.768
788,787,471,323,35,0.15,36.9,2.5,301,2026-09-17 11:25:00,PT5M,90.481,100.0,100.0,74.2168,59.5785
795,795,481,320,35,0.15,36.3,2.5,303,2026-09-17 11:30:00,PT5M,91.012,100.0,100.0,74.8757,60.3525
797,797,480,321,35,0.15,35.9,2.5,303,2026-09-17 11:35:00,PT5M,90.967,100.0,100.0,74.8423,60.3295
793,793,468,327,35,0.15,35.9,2.4,303,2026-09-17 11:40:00,PT5M,90.352,100.0,100.0,74.1207,59.512
788,788,457,333,35,0.15,35.8,2.3,302,2026-09-17 11:45:00,PT5M,89.714,100.0,100.0,73.3698,58.6595
783,783,446,339,35,0.15,35.7,2.3,302,2026-09-17 11:50:00,PT5M,89.045,100.0,100.0,72.5808,57.7625
777,777,434,344,35,0.15,35.7,2.2,301,2026-09-17 11:55:00,PT5M,88.337,100.0,100.0,71.7457,56.813
771,771,422,349,35,0.15,35.6,2.1,300,2026-09-17 12:00:00,PT5M,87.608,100.0,100.0,70.8841,55.832
764,764,411,354,35,0.15,35.5,2.1,299,2026-09-17 12:05:00,PT5M,86.944,100.0,100.0,70.0814,54.9045
757,757,399,359,35,0.15,35.4,2.0,298,2026-09-17 12:10:00,PT5M,86.276,100.0,100.0,69.2694,53.963
749,749,387,364,35,0.15,35.4,1.9,297,2026-09-17 12:15:00,PT5M,85.577,100.0,100.0,68.421,52.98
741,741,375,368,35,0.15,35.3,1.8,296,2026-09-17 12:20:00,PT5M,84.833,100.0,100.0,67.5217,51.941
732,732,363,372,35,0.15,35.2,1.8,295,2026-09-17 12:25:00,PT5M,84.059,100.0,100.0,66.588,50.8635
723,723,351,376,35,0.15,35.2,1.7,294,2026-09-17 12:30:00,PT5M,83.288,100.0,100.0,65.6536,49.782
715,715,341,379,35,0.15,35.1,1.6,293,2026-09-17 12:35:00,PT5M,82.501,100.0,100.0,64.7113,48.7
706,706,331,381,35,0.15,35.0,1.6,291,2026-09-17 12:40:00,PT5M,81.74,100.0,99.6781,63.8019,47.657
697,697,321,383,35,0.15,34.9,1.5,290,2026-09-17 12:45:00,PT5M,80.949,100.0,99.039,62.859,46.5775
688,688,311,385,35,0.15,34.9,1.4,288,2026-09-17 12:50:00,PT5M,80.118,100.0,98.3672,61.8688,45.444
679,679,301,386,35,0.15,34.8,1.4,287,2026-09-17 12:55:00,PT5M,79.243,100.0,97.659,60.827,44.252
669,669,292,387,35,0.15,34.7,1.3,285,2026-09-17 13:00:00,PT5M,78.355,100.0,96.9331,59.7769,43.056
659,659,282,388,35,0.15,34.7,1.3,282,2026-09-17 13:05:00,PT5M,77.469,100.0,96.1992,58.7388,41.881
648,649,273,389,35,0.15,34.6,1.2,280,2026-09-17 13:10:00,PT5M,76.522,100.0,95.4172,57.6268,40.6205
638,638,264,389,35,0.15,34.5,1.1,277,2026-09-17 13:15:00,PT5M,75.53,100.0,94.5957,56.4643,39.3045
627,628,255,388,35,0.15,34.5,1.1,275,2026-09-17 13:20:00,PT5M,74.499,100.0,93.7384,55.2596,37.9435
616,617,245,388,35,0.15,34.4,1.0,271,2026-09-17 13:25:00,PT5M,73.433,100.0,92.8472,54.0188,36.5455
605,605,236,387,35,0.15,34.3,1.0,268,2026-09-17 13:30:00,PT5M,72.334,100.0,91.9237,52.7443,35.113
595,595,229,385,35,0.15,34.2,0.9,264,2026-09-17 13:35:00,PT5M,71.375,100.0,91.1128,51.6372,33.8725
586,586,225,383,35,0.15,34.2,0.9,260,2026-09-17 13:40:00,PT5M,70.555,100.0,90.4152,50.6948,32.82
576,577,220,380,35,0.15,34.1,0.9,256,2026-09-17 13:45:00,PT5M,69.709,100.0,89.6931,49.7249,31.7385
567,568,215,377,35,0.15,34.0,0.8,251,2026-09-17 13:50:00,PT5M,68.831,100.0,88.9412,48.7208,30.621
557,558,210,374,35,0.15,34.0,0.8,246,2026-09-17 13:55:00,PT5M,67.903,100.0,88.1419,47.6641,29.4485
547,548,205,370,35,0.15,33.9,0.8,240,2026-09-17 14:00:00,PT5M,66.961,100.0,87.3309,46.5911,28.2575
537,538,200,366,35,0.15,33.8,0.8,235,2026-09-17 14:05:00,PT5M,65.996,100.0,86.4988,45.4932,27.04
527,528,196,362,35,0.15,33.8,0.8,229,2026-09-17 14:10:00,PT5M,65.003,100.0,85.6419,44.3641,25.7885
516,517,191,358,35,0.15,33.7,0.8,224,2026-09-17 14:15:00,PT5M,63.98,100.0,84.7565,43.2035,24.504
506,506,187,353,35,0.15,33.6,0.8,219,2026-09-17 14:20:00,PT5M,62.926,100.0,83.842,42.01,23.185
494,495,181,349,35,0.15,33.6,0.9,214,2026-09-17 14:25:00,PT5M,61.803,100.0,82.8619,40.7441,21.7905
483,484,176,344,35,0.15,33.5,0.9,209,2026-09-17 14:30:00,PT5M,60.642,100.0,81.8456,39.4384,20.3545
473,473,173,338,35,0.15,33.6,1.0,208,2026-09-17 14:35:00,PT5M,59.638,100.0,80.9719,38.3041,19.103
463,464,171,332,35,0.15,33.8,1.1,211,2026-09-17 14:40:00,PT5M,58.794,99.3675,80.1481,37.4399,18.2205
453,454,169,326,35,0.15,34.0,1.2,213,2026-09-17 14:45:00,PT5M,57.918,98.454,79.2524,36.5836,17.382
443,444,167,320,35,0.15,34.3,1.3,215,2026-09-17 14:50:00,PT5M,57.012,97.5,78.3211,35.7029,16.524
433,434,165,314,35,0.15,34.5,1.4,216,2026-09-17 14:55:00,PT5M,56.074,96.5025,77.3518,34.7962,15.6455
422,423,163,307,35,0.15,34.7,1.6,218,2026-09-17 15:00:00,PT5M,55.103,95.4765,76.3519,33.8541,14.7295
411,412,160,301,35,0.15,35.0,1.7,219,2026-09-17 15:05:00,PT5M,54.101,94.315,75.2659,32.9361,13.887
400,401,156,295,35,0.15,35.2,1.8,220,2026-09-17 15:10:00,PT5M,53.01,93.0595,74.0883,31.9317,12.9605
389,390,153,289,35,0.15,35.4,1.9,221,2026-09-17 15:15:00,PT5M,51.872,91.7315,72.8503,30.8937,12.0125
377,378,149,282,35,0.15,35.7,2.0,221,2026-09-17 15:20:00,PT5M,50.683,90.3255,71.5471,29.8189,11.0405
366,367,144,276,35,0.15,35.9,2.2,222,2026-09-17 15:25:00,PT5M,49.428,88.8265,70.1637,28.6923,10.0295
354,355,140,269,35,0.15,36.2,2.3,222,2026-09-17 15:30:00,PT5M,48.115,87.2325,68.7028,27.5272,8.9975
340,341,132,262,35,0.15,36.4,2.4,223,2026-09-17 15:35:00,PT5M,46.423,85.2565,66.8613,25.9847,7.5895
325,326,122,256,34,0.15,36.7,2.5,223,2026-09-17 15:40:00,PT5M,44.352,82.8855,64.6325,24.0715,5.8185
310,311,111,249,34,0.15,36.9,2.7,224,2026-09-17 15:45:00,PT5M,42.469,80.598,62.5366,22.4014,4.34
295,296,101,242,34,0.15,37.2,2.8,224,2026-09-17 15:50:00,PT5M,40.298,77.917,60.0971,20.4989,2.679
281,281,90,234,34,0.15,37.4,2.9,225,2026-09-17 15:55:00,PT5M,38.065,75.0775,57.5449,18.5851,1.0525
266,267,79,226,34,0.15,37.7,3.0,225,2026-09-17 16:00:00,PT5M,35.774,72.0905,54.8876,16.6604,0.0
251,252,69,218,34,0.15,37.9,3.2,225,2026-09-17 16:05:00,PT5M,33.503,69.082,52.2285,14.7775,0.0
237,238,60,210,34,0.15,38.2,3.3,225,2026-09-17 16:10:00,PT5M,31.261,66.0685,49.5804,12.9416,0.0
223,223,50,201,34,0.15,38.5,3.4,226,2026-09-17 16:15:00,PT5M,28.979,62.9215,46.8432,11.1148,0.0
209,209,41,192,34,0.15,38.7,3.6,226,2026-09-17 16:20:00,PT5M,26.71,59.5425,43.99,9.43,0.0
195,196,31,183,34,0.15,39.0,3.7,226,2026-09-17 16:25:00,PT5M,24.571,55.1065,40.6421,8.4999,0.0
181,182,22,173,34,0.15,39.3,3.8,226,2026-09-17 16:30:00,PT5M,22.598,50.9295,37.5091,7.6869,0.0
168,169,13,164,34,0.15,39.5,3.9,226,2026-09-17 16:35:00,PT5M,20.526,46.6695,34.2855,6.7665,0.0
156,156,5,154,34,0.15,39.8,4.1,227,2026-09-17 16:40:00,PT5M,18.594,42.572,31.2138,5.9742,0.0
143,144,0,144,33,0.15,40.1,4.2,227,2026-09-17 16:45:00,PT5M,16.857,38.6855,28.3455,5.3685,0.0
131,131,0,131,33,0.15,40.3,4.3,227,2026-09-17 16:50:00,PT5M,15.413,35.1135,25.7815,5.0445,0.0
119,119,0,119,33,0.15,40.6,4.4,227,2026-09-17 16:55:00,PT5M,13.964,31.5735,23.232,4.696,0.0
107,107,0,107,33,0.15,40.9,4.6,227,2026-09-17 17:00:00,PT5M,12.531,28.1075,20.729,4.333,0.0
94,95,0,95,33,0.15,41.2,4.7,227,2026-09-17 17:05:00,PT5M,11.09,24.741,18.2746,3.9054,0.0
82,83,0,83,33,0.15,41.5,4.8,228,2026-09-17 17:10:00,PT5M,9.686,21.535,15.9222,3.4498,0.0
71,71,0,71,33,0.15,41.7,4.9,228,2026-09-17 17:15:00,PT5M,8.232,18.3465,13.5553,2.9087,0.0
60,60,0,60,33,0.15,42.0,5.1,228,2026-09-17 17:20:00,PT5M,6.882,15.2765,11.3001,2.4639,0.0
50,50,0,50,33,0.15,42.3,5.2,228,2026-09-17 17:25:00,PT5M,5.678,12.456,9.2453,2.1107,0.0
41,41,0,41,33,0.15,42.6,5.3,228,2026-09-17 17:30:00,PT5M,4.508,9.7635,7.274,1.742,0.0
32,32,0,32,33,0.15,43.0,5.4,228,2026-09-17 17:35:00,PT5M,3.369,7.255,5.4142,1.3238,0.0
24,24,0,24,33,0.15,43.4,5.5,228,2026-09-17 17:40:00,PT5M,2.418,5.1805,3.8719,0.9641,0.0
17,17,0,17,32,0.15,43.9,5.5,228,2026-09-17 17:45:00,PT5M,1.578,3.365,2.5185,0.6375,0.0
11,11,0,11,32,0.15,44.3,5.6,228,2026-09-17 17:50:00,PT5M,0.807,1.787,1.3228,0.2912,0.0
6,6,0,6,32,0.15,44.8,5.6,228,2026-09-17 17:55:00,PT5M,0.1,0.4595,0.2892,0.0,0.0
2,2,0,2,32,0.15,45.2,5.7,228,2026-09-17 18:00:00,PT5M,0.0,0.0,0.0,0.0,0.0
0,0,0,0,32,0.15,45.7,5.7,228,2026-09-17 18:05:00,PT5M,0.0,0.0,0.0,0.0,0.0
0,0,0,0,32,0.15,46.2,5.8,228,2026-09-17 18:10:00,PT5M,0.0,0.0,0.0,0.0,0.0
0,0,0,0,32,0.15,46.7,5.8,228,2026-09-17 18:15:00,PT5M,0.0,0.0,0.0,0.0,0.0
0,0,0,0,31,0.15,47.2,5.9,228,2026-09-17 18:20:00,PT5M,0.0,0.0,0.0,0.0,0.0
0,0,0,0,31,0.15,47.7,5.9,228,2026-09-17 18:25:00,PT5M,0.0,0.0,0.0,0.0,0.0
0,0,0,0,31,0.15,48.1,6.0,228,2026-09-17 18:30:00,PT5M,0.0,0.0,0.0,0.0,0.0
0,0,0,0,31,0.15,48.7,6.0,228,2026-09-17 18:35:00,PT5M,0.0,0.0,0.0,0.0,0.0
0,0,0,0,31,0.15,49.2,6.1,228,2026-09-17 18:40:00,PT5M,0.0,0.0,0.0,0.0,0.0
0,0,0,0,31,0.15,49.7,6.2,228,2026-09-17 18:45:00,PT5M,0.0,0.0,0.0,0.0,0.0
0,0,0,0,31,0.15,50.2,6.2,228,2026-09-17 18:50:00,PT5M,0.0,0.0,0.0,0.0,0.0
0,0,0,0,31,0.15,50.7,6.3,228,2026-09-17 18:55:00,PT5M,0.0,0.0,0.0,0.0,0.0
0,0,0,0,30,0.15,51.2,6.3,229,2026-09-17 19:00:00,PT5M,0.0,0.0,0.0,0.0,0.0
0,0,0,0,30,0.15,51.8,6.4,229,2026-09-17 19:05:00,PT5M,0.0,0.0,0.0,0.0,0.0
0,0,0,0,30,0.15,52.3,6.4,229,2026-09-17 19:10:00,PT5M,0.0,0.0,0.0,0.0,0.0
0,0,0,0,30,0.15,52.9,6.5,229,2026-09-17 19:15:00,PT5M,0.0,0.0,0.0,0.0,0.0
0,0,0,0,30,0.15,53.4,6.5,229,2026-09-17 19:20:00,PT5M,0.0,0.0,0.0,0.0,0.0
0,0,0,0,30,0.15,54.0,6.6,229,2026-09-17 19:25:00,PT5M,0.0,0.0,0.0,0.0,0.0
0,0,0,0,30,0.15,54.6,6.6,229,2026-09-17 19:30:00,PT5M,0.0,0.0,0.0,0.0,0.0
0,0,0,0,29,0.15,55.1,6.7,229,2026-09-17 19:35:00,PT5M,0.0,0.0,0.0,0.0,0.0
0,0,0,0,29,0.15,55.7,6.7,229,2026-09-17 19:40:00,PT5M,0.0,0.0,0.0,0.0,0.0
0,0,0,0,29,0.15,56.3,6.8,229,2026-09-17 19:45:00,PT5M,0.0,0.0,0.0,0.0,0.0
0,0,0,0,29,0.15,56.9,6.8,229,2026-09-17 19:50:00,PT5M,0.0,0.0,0.0,0.0,0.0
0,0,0,0,29,0.15,57.5,6.9,229,2026-09-17 19:55:00,PT5M,0.0,0.0,0.0,0.0,0.0
0,0,0,0,29,0.15,58.1,7.0,229,2026-09-17 20:00:00,PT5M,0.0,0.0,0.0,0.0,0.0
0,0,0,0,29,0.15,58.7,7.0,229,2026-09-17 20:05:00,PT5M,0.0,0.0,0.0,0.0,0.0
0,0,0,0,29,0.15,59.3,7.1,229,2026-09-17 20:10:00,PT5M,0.0,0.0,0.0,0.0,0.0
0,0,0,0,28,0.15,60.0,7.1,229,2026-09-17 20:15:00,PT5M,0.0,0.0,0.0,0.0,0.0
0,0,0,0,28,0.15,60.6,7.2,229,2026-09-17 20:20:00,PT5M,0.0,0.0,0.0,0.0,0.0
0,0,0,0,28,0.15,61.2,7.2,229,2026-09-17 20:25:00,PT5M,0.0,0.0,0.0,0.0,0.0
0,0,0,0,28,0.15,61.9,7.3,229,2026-09-17 20:30:00,PT5M,0.0,0.0,0.0,0.0,0.0
0,0,0,0,28,0.15,62.3,7.3,229,2026-09-17 20:35:00,PT5M,0.0,0.0,0.0,0.0,0.0
0,0,0,0,28,0.15,62.5,7.3,229,2026-09-17 20:40:00,PT5M,0.0,0.0,0.0,0.0,0.0
0,0,0,0,28,0.15,62.7,7.2,229,2026-09-17 20:45:00,PT5M,0.0,0.0,0.0,0.0,0.0
0,0,0,0,28,0.15,62.9,7.2,229,2026-09-17 20:50:00,PT5M,0.0,0.0,0.0,0.0,0.0
0,0,0,0,28,0.15,63.0,7.2,229,2026-09-17 20:55:00,PT5M,0.0,0.0,0.0,0.0,0.0
0,0,0,0,28,0.15,63.2,7.1,229,2026-09-17 21:00:00,PT5M,0.0,0.0,0.0,0.0,0.0
0,0,0,0,28,0.15,63.4,7.1,229,2026-09-17 21:05:00,PT5M,0.0,0.0,0.0,0.0,0.0
0,0,0,0,28,0.15,63.6,7.1,229,2026-09-17 21:10:00,PT5M,0.0,0.0,0.0,0.0,0.0
0,0,0,0,28,0.15,63.8,7.1,228,2026-09-17 21:15:00,PT5M,0.0,0.0,0.0,0.0,0.0
0,0,0,0,28,0.15,64.0,7.0,228,2026-09-17 21:20:00,PT5M,0.0,0.0,0.0,0.0,0.0
0,0,0,0,28,0.15,64.2,7.0,228,2026-09-17 21:25:00,PT5M,0.0,0.0,0.0,0.0,0.0
0,0,0,0,28,0.15,64.4,7.0,228,2026-09-17 21:30:00,PT5M,0.0,0.0,0.0,0.0,0.0
0,0,0,0,28,0.15,64.6,7.0,228,2026-09-17 21:35:00,PT5M,0.0,0.0,0.0,0.0,0.0
0,0,0,0,27,0.15,64.8,6.9,228,2026-09-17 21:40:00,PT5M,0.0,0.0,0.0,0.0,0.0
0,0,0,0,27,0.15,64.9,6.9,228,2026-09-17 21:45:00,PT5M,0.0,0.0,0.0,0.0,0.0
0,0,0,0,27,0.15,65.1,6.9,228,2026-09-17 21:50:00,PT5M,0.0,0.0,0.0,0.0,0.0
0,0,0,0,27,0.15,65.3,6.8,228,2026-09-17 21:55:00,PT5M,0.0,0.0,0.0,0.0,0.0
0,0,0,0,27,0.15,65.5,6.8,228,2026-09-17 22:00:00,PT5M,0.0,0.0,0.0,0.0,0.0
0,0,0,0,27,0.15,65.7,6.8,228,2026-09-17 22:05:00,PT5M,0.0,0.0,0.0,0.0,0.0
0,0,0,0,27,0.15,65.9,6.8,228,2026-09-17 22:10:00,PT5M,0.0,0.0,0.0,0.0,0.0
0,0,0,0,27,0.15,66.1,6.7,228,2026-09-17 22:15:00,PT5M,0.0,0.0,0.0,0.0,0.0
0,0,0,0,27,0.15,66.3,6.7,228,2026-09-17 22:20:00,PT5M,0.0,0.0,0.0,0.0,0.0
0,0,0,0,27,0.15,66.5,6.7,228,2026-09-17 22:25:00,PT5M,0.0,0.0,0.0,0.0,0.0
0,0,0,0,27,0.15,66.7,6.6,228,2026-09-17 22:30:00,PT5M,0.0,0.0,0.0,0.0,0.0
0,0,0,0,27,0.15,66.9,6.6,228,2026-09-17 22:35:00,PT5M,0.0,0.0,0.0,0.0,0.0
0,0,0,0,27,0.15,67.1,6.6,228,2026-09-17 22:40:00,PT5M,0.0,0.0,0.0,0.0,0.0
0,0,0,0,27,0.15,67.3,6.6,228,2026-09-17 22:45:00,PT5M,0.0,0.0,0.0,0.0,0.0
0,0,0,0,27,0.15,67.5,6.5,227,2026-09-17 22:50:00,PT5M,0.0,0.0,0.0,0.0,0.0
0,0,0,0,27,0.15,67.7,6.5,227,2026-09-17 22:55:00,PT5M,0.0,0.0,0.0,0.0,0.0
0,0,0,0,27,0.15,67.9,6.5,227,2026-09-17 23:00:00,PT5M,0.0,0.0,0.0,0.0,0.0
0,0,0,0,27,0.15,68.1,6.4,227,2026-09-17 23:05:00,PT5M,0.0,0.0,0.0,0.0,0.0
0,0,0,0,27,0.15,68.3,6.4,227,2026-09-17 23:10:00,PT5M,0.0,0.0,0.0,0.0,0.0
0,0,0,0,27,0.15,68.5,6.4,227,2026-09-17 23:15:00,PT5M,0.0,0.0,0.0,0.0,0.0
0,0,0,0,27,0.15,68.7,6.4,227,2026-09-17 23:20:00,PT5M,0.0,0.0,0.0,0.0,0.0
0,0,0,0,27,0.15,68.9,6.3,227,2026-09-17 23:25:00,PT5M,0.0,0.0,0.0,0.0,0.0
0,0,0,0,27,0.15,69.1,6.3,227,2026-09-17 23:30:00,PT5M,0.0,0.0,0.0,0.0,0.0
0,0,0,0,27,0.15,69.3,6.3,227,2026-09-17 23:35:00,PT5M,0.0,0.0,0.0,0.0,0.0
0,0,0,0,27,0.15,69.5,6.3,227,2026-09-17 23:40:00,PT5M,0.0,0.0,0.0,0.0,0.0
0,0,0,0,27,0.15,69.7,6.3,227,2026-09-17 23:45:00,PT5M,0.0,0.0,0.0,0.0,0.0
0,0,0,0,27,0.15,69.9,6.2,227,2026-09-17 23:50:00,PT5M,0.0,0.0,0.0,0.0,0.0
0,0,0,0,27,0.15,70.0,6.2,226,2026-09-17 23:55:00,PT5M,0.0,0.0,0.0,0.0,0.0
0,0,0,0,27,0.15,70.2,6.2,226,2026-09-18 00:00:00,PT5M,0.0,0.0,0.0,0.0,0.0
0,0,0,0,27,0.15,70.4,6.2,226,2026-09-18 00:05:00,PT5M,0.0,0.0,0.0,0.0,0.0
0,0,0,0,27,0.15,70.6,6.2,226,2026-09-18 00:10:00,PT5M,0.0,0.0,0.0,0.0,0.0
0,0,0,0,27,0.15,70.7,6.2,226,2026-09-18 00:15:00,PT5M,0.0,0.0,0.0,0.0,0.0
0,0,0,0,27,0.15,70.9,6.1,226,2026-09-18 00:20:00,PT5M,0.0,0.0,0.0,0.0,0.0
0,0,0,0,27,0.15,71.1,6.1,226,2026-09-18 00:25:00,PT5M,0.0,0.0,0.0,0.0,0.0
0,0,0,0,27,0.15,71.3,6.1,226,2026-09-18 00:30:00,PT5M,0.0,0.0,0.0,0.0,0.0
0,0,0,0,27,0.15,71.5,6.1,226,2026-09-18 00:35:00,PT5M,0.0,0.0,0.0,0.0,0.0
0,0,0,0,26,0.15,71.6,6.1,225,2026-09-18 00:40:00,PT5M,0.0,0.0,0.0,0.0,0.0
0,0,0,0,26,0.15,71.8,6.1,225,2026-09-18 00:45:00,PT5M,0.0,0.0,0.0,0.0,0.0
0,0,0,0,26,0.15,72.0,6.0,225,2026-09-18 00:50:00,PT5M,0.0,0.0,0.0,0.0,0.0
0,0,0,0,26,0.15,72.2,6.0,225,2026-09-18 00:55:00,PT5M,0.0,0.0,0.0,0.0,0.0
0,0,0,0,26,0.15,72.4,6.0,225,2026-09-18 01:00:00,PT5M,0.0,0.0,0.0,0.0,0.0
0,0,0,0,26,0.15,72.5,6.0,225,2026-09-18 01:05:00,PT5M,0.0,0.0,0.0,0.0,0.0
0,0,0,0,26,0.15,72.7,6.0,225,2026-09-18 01:10:00,PT5M,0.0,0.0,0.0,0.0,0.0
0,0,0,0,26,0.15,72.9,6.0,225,2026-09-18 01:15:00,PT5M,0.0,0.0,0.0,0.0,0.0
0,0,0,0,26,0.15,73.1,6.0,225,2026-09-18 01:20:00,PT5M,0.0,0.0,0.0,0.0,0.0
0,0,0,0,26,0.15,73.3,5.9,224,2026-09-18 01:25:00,PT5M,0.0,0.0,0.0,0.0,0.0
0,0,0,0,26,0.15,73.5,5.9,224,2026-09-18 01:30:00,PT5M,0.0,0.0,0.0,0.0,0.0
0,0,0,0,26,0.15,73.6,5.9,224,2026-09-18 01:35:00,PT5M,0.0,0.0,0.0,0.0,0.0
0,0,0,0,26,0.15,73.8,5.9,224,2026-09-18 01:40:00,PT5M,0.0,0.0,0.0,0.0,0.0
0,0,0,0,26,0.15,74.0,5.9,224,2026-09-18 01:45:00,PT5M,0.0,0.0,0.0,0.0,0.0
0,0,0,0,26,0.15,74.2,5.9,224,2026-09-18 01:50:00,PT5M,0.0,0.0,0.0,0.0,0.0
0,0,0,0,26,0.15,74.4,5.8,224,2026-09-18 01:55:00,PT5M,0.0,0.0,0.0,0.0,0.0
0,0,0,0,26,0.15,74.6,5.8,224,2026-09-18 02:00:00,PT5M,0.0,0.0,0.0,0.0,0.0
0,0,0,0,26,0.15,74.8,5.8,224,2026-09-18 02:05:00,PT5M,0.0,0.0,0.0,0.0,0.0
0,0,0,0,26,0.15,75.0,5.8,223,2026-09-18 02:10:00,PT5M,0.0,0.0,0.0,0.0,0.0
0,0,0,0,26,0.15,75.1,5.8,223,2026-09-18 02:15:00,PT5M,0.0,0.0,0.0,0.0,0.0
0,0,0,0,26,0.15,75.3,5.8,223,2026-09-18 02:20:00,PT5M,0.0,0.0,0.0,0.0,0.0
0,0,0,0,26,0.15,75.5,5.8,223,2026-09-18 02:25:00,PT5M,0.0,0.0,0.0,0.0,0.0
0,0,0,0,26,0.15,75.7,5.7,223,2026-09-18 02:30:00,PT5M,0.0,0.0,0.0,0.0,0.0
0,0,0,0,26,0.15,75.8,5.7,223,2026-09-18 02:35:00,PT5M,0.0,0.0,0.0,0.0,0.0
0,0,0,0,26,0.15,75.8,5.7,223,2026-09-18 02:40:00,PT5M,0.0,0.0,0.0,0.0,0.0
0,0,0,0,26,0.15,75.8,5.8,223,2026-09-18 02:45:00,PT5M,0.0,0.0,0.0,0.0,0.0
0,0,0,0,26,0.15,75.9,5.8,223,2026-09-18 02:50:00,PT5M,0.0,0.0,0.0,0.0,0.0
0,0,0,0,26,0.15,75.9,5.8,223,2026-09-18 02:55:00,PT5M,0.0,0.0,0.0,0.0,0.0
0,0,0,0,26,0.15,75.9,5.8,223,2026-09-18 03:00:00,PT5M,0.0,0.0,0.0,0.0,0.0
0,0,0,0,26,0.15,75.9,5.8,223,2026-09-18 03:05:00,PT5M,0.0,0.0,0.0,0.0,0.0
0,0,0,0,26,0.15,75.9,5.8,222,2026-09-18 03:10:00,PT5M,0.0,0.0,0.0,0.0,0.0
0,0,0,0,26,0.15,75.9,5.8,222,2026-09-18 03:15:00,PT5M,0.0,0.0,0.0,0.0,0.0
0,0,0,0,26,0.15,75.9,5.8,222,2026-09-18 03:20:00,PT5M,0.0,0.0,0.0,0.0,0.0
0,0,0,0,26,0.15,75.9,5.8,222,2026-09-18 03:25:00,PT5M,0.0,0.0,0.0,0.0,0.0
0,0,0,0,26,0.15,76.0,5.8,222,2026-09-18 03:30:00,PT5M,0.0,0.0,0.0,0.0,0.0
0,0,0,0,26,0.15,76.0,5.9,222,2026-09-18 03:35:00,PT5M,0.0,0.0,0.0,0.0,0.0
0,0,0,0,26,0.15,76.0,5.9,222,2026-09-18 03:40:00,PT5M,0.0,0.0,0.0,0.0,0.0
0,0,0,0,26,0.15,76.0,5.9,222,2026-09-18 03:45:00,PT5M,0.0,0.0,0.0,0.0,0.0
0,0,0,0,26,0.15,76.0,5.9,222,2026-09-18 03:50:00,PT5M,0.0,0.0,0.0,0.0,0.0
0,0,0,0,26,0.15,76.0,5.9,222,2026-09-18 03:55:00,PT5M,0.0,0.0,0.0,0.0,0.0
0,0,0,0,26,0.15,76.0,5.9,222,2026-09-18 04:00:00,PT5M,0.0,0.0,0.0,0.0,0.0
0,0,0,0,26,0.15,76.0,5.9,222,2026-09-18 04:05:00,PT5M,0.0,0.0,0.0,0.0,0.0
0,0,0,0,26,0.15,76.1,5.9,222,2026-09-18 04:10:00,PT5M,0.0,0.0,0.0,0.0,0.0
0,0,0,0,26,0.15,76.1,5.9,222,2026-09-18 04:15:00,PT5M,0.0,0.0,0.0,0.0,0.0
0,0,0,0,26,0.15,76.1,5.9,222,2026-09-18 04:20:00,PT5M,0.0,0.0,0.0,0.0,0.0
0,0,0,0,26,0.15,76.1,6.0,222,2026-09-18 04:25:00,PT5M,0.0,0.0,0.0,0.0,0.0
0,0,0,0,26,0.15,76.1,6.0,222,2026-09-18 04:30:00,PT5M,0.0,0.0,0.0,0.0,0.0
0,0,0,0,26,0.15,76.1,6.0,222,2026-09-18 04:35:00,PT5M,0.0,0.0,0.0,0.0,0.0
0,0,0,0,26,0.15,76.1,6.0,222,2026-09-18 04:40:00,PT5M,0.0,0.0,0.0,0.0,0.0
0,0,0,0,26,0.15,76.1,6.0,221,2026-09-18 04:45:00,PT5M,0.0,0.0,0.0,0.0,0.0
0,0,0,0,26,0.15,76.2,6.0,221,2026-09-18 04:50:00,PT5M,0.0,0.0,0.0,0.0,0.0
0,0,0,0,26,0.15,76.2,6.0,221,2026-09-18 04:55:00,PT5M,0.0,0.0,0.0,0.0,0.0
0,0,0,0,26,0.15,76.2,6.0,221,2026-09-18 05:00:00,PT5M,0.0,0.0,0.0,0.0,0.0
0,0,0,0,26,0.15,76.2,6.0,221,2026-09-18 05:05:00,PT5M,0.0,0.0,0.0,0.0,0.0
0,0,0,0,26,0.15,76.2,6.1,221,2026-09-18 05:10:00,PT5M,0.0,0.0,0.0,0.0,0.0
0,0,0,0,26,0.15,76.2,6.1,221,2026-09-18 05:15:00,PT5M,0.0,0.0,0.0,0.0,0.0
0,0,0,0,26,0.15,76.2,6.1,221,2026-09-18 05:20:00,PT5M,0.0,0.0,0.0,0.0,0.0
0,0,0,0,26,0.15,76.2,6.1,221,2026-09-18 05:25:00,PT5M,0.0,0.0,0.0,0.0,0.0
0,0,0,0,26,0.15,76.3,6.1,221,2026-09-18 05:30:00,PT5M,0.0,0.0,0.0,0.0,0.0
0,0,0,0,26,0.15,75.9,6.1,221,2026-09-18 05:35:00,PT5M,0.0,0.0,0.0,0.0,0.0
0,0,0,0,26,0.15,75.2,6.1,221,2026-09-18 05:40:00,PT5M,0.0,0.0,0.0,0.0,0.0
0,0,0,0,26,0.15,74.6,6.2,222,2026-09-18 05:45:00,PT5M,0.0,0.0,0.0,0.0,0.0
0,0,0,0,26,0.15,73.9,6.2,222,2026-09-18 05:50:00,PT5M,0.0,0.0,0.0,0.0,0.0
0,0,0,0,27,0.15,73.3,6.2,222,2026-09-18 05:55:00,PT5M,0.0,0.0,0.0,0.0,0.0
0,0,0,0,27,0.15,72.6,6.2,222,2026-09-18 06:00:00,PT5M,0.0,0.0,0.0,0.0,0.0
6,6,0,6,27,0.15,72.0,6.2,223,2026-09-18 06:05:00,PT5M,0.137,0.297,0.2212,0.0528,0.0
14,14,0,14,27,0.15,71.3,6.3,223,2026-09-18 06:10:00,PT5M,1.16,1.9365,1.5687,0.7513,0.3835
22,22,0,22,27,0.15,70.7,6.3,223,2026-09-18 06:15:00,PT5M,2.29,3.7255,3.0455,1.5345,0.8545
32,32,0,32,27,0.15,70.1,6.3,223,2026-09-18 06:20:00,PT5M,3.528,5.9675,4.8119,2.2441,1.0885
43,43,3,43,27,0.15,69.5,6.3,223,2026-09-18 06:25:00,PT5M,4.93,8.5195,6.8192,3.0408,1.3405
55,55,29,51,27,0.15,68.9,6.4,224,2026-09-18 06:30:00,PT5M,7.076,12.1215,9.7315,4.4205,2.0305
68,69,59,60,28,0.15,68.3,6.4,224,2026-09-18 06:35:00,PT5M,9.733,16.4,13.2419,6.2241,3.066
83,84,90,68,28,0.15,67.7,6.4,224,2026-09-18 06:40:00,PT5M,12.628,21.029,17.0495,8.2065,4.227
98,99,120,76,28,0.15,67.1,6.4,224,2026-09-18 06:45:00,PT5M,15.824,26.004,21.1818,10.4662,5.644
115,115,149,83,28,0.15,66.5,6.4,224,2026-09-18 06:50:00,PT5M,19.375,31.3555,25.6804,13.0696,7.3945
132,133,179,90,28,0.15,65.9,6.5,225,2026-09-18 06:55:00,PT5M,23.004,36.837,30.2844,15.7236,9.171
149,150,207,97,28,0.15,65.3,6.5,225,2026-09-18 07:00:00,PT5M,26.898,42.681,35.2047,18.5913,11.115
166,167,226,104,28,0.15,64.7,6.5,225,2026-09-18 07:05:00,PT5M,30.496,48.299,39.8658,21.1262,12.693
182,184,242,111,29,0.15,64.2,6.5,225,2026-09-18 07:10:00,PT5M,34.119,53.959,44.5609,23.6771,14.279
199,200,257,118,29,0.15,63.6,6.6,226,2026-09-18 07:15:00,PT5M,37.798,59.7475,49.3502,26.2458,15.8485
216,217,272,124,29,0.15,63.1,6.6,226,2026-09-18 07:20:00,PT5M,41.498,65.534,54.1483,28.8477,17.462
233,234,285,131,29,0.15,62.5,6.6,226,2026-09-18 07:25:00,PT5M,45.194,71.3225,58.9456,31.4424,19.0655
250,251,297,138,29,0.15,62.0,6.6,226,2026-09-18 07:30:00,PT5M,48.892,77.118,63.7475,34.0365,20.666
267,268,308,144,29,0.15,61.4,6.7,226,2026-09-18 07:35:00,PT5M,52.589,82.929,68.5572,36.6208,22.249
284,285,319,150,29,0.15,60.9,6.7,227,2026-09-18 07:40:00,PT5M,56.301,88.808,73.4097,39.1923,23.794
301,302,330,157,29,0.15,60.4,6.7,227,2026-09-18 07:45:00,PT5M,59.305,93.3645,77.2308,41.3792,25.2455
318,319,340,162,30,0.15,59.8,6.7,227,2026-09-18 07:50:00,PT5M,61.334,96.0515,79.6061,43.0619,26.6165
335,336,349,168,30,0.15,59.3,6.8,227,2026-09-18 07:55:00,PT5M,63.273,98.607,81.8695,44.6765,27.939
351,353,358,174,30,0.15,58.8,6.8,227,2026-09-18 08:00:00,PT5M,65.116,100.0,84.0091,46.2229,29.2185
368,369,367,179,30,0.15,58.3,6.8,227,2026-09-18 08:05:00,PT5M,66.823,100.0,85.9803,47.6657,30.4235
385,386,375,185,30,0.15,57.8,6.8,228,2026-09-18 08:10:00,PT5M,68.452,100.0,87.8369,49.0671,31.62
401,402,382,190,30,0.15,57.3,6.9,228,2026-09-18 08:15:00,PT5M,69.958,100.0,89.5287,50.3873,32.773
417,418,390,195,30,0.15,56.8,6.9,228,2026-09-18 08:20:00,PT5M,71.337,100.0,91.0498,51.6242,33.882
433,434,396,201,31,0.15,56.3,6.9,228,2026-09-18 08:25:00,PT5M,72.576,100.0,92.3775,52.7745,34.9525
449,450,402,206,31,0.15,55.8,6.9,228,2026-09-18 08:30:00,PT5M,73.734,100.0,93.5976,53.8704,35.9925
465,466,410,210,31,0.15,55.3,7.0,228,2026-09-18 08:35:00,PT5M,74.977,100.0,94.8775,55.0765,37.1655
482,482,419,214,31,0.15,54.6,7.0,228,2026-09-18 08:40:00,PT5M,76.31,100.0,96.2249,56.3951,38.471
498,499,428,217,31,0.15,54.0,7.0,228,2026-09-18 08:45:00,PT5M,77.58,100.0,97.497,57.663,39.737
514,515,437,221,31,0.15,53.4,7.0,228,2026-09-18 08:50:00,PT5M,78.795,100.0,98.7041,58.8859,40.967
530,531,446,224,31,0.15,52.8,7.0,228,2026-09-18 08:55:00,PT5M,79.961,100.0,99.8807,60.0413,42.113
546,547,454,227,32,0.15,52.2,7.1,228,2026-09-18 09:00:00,PT5M,81.081,100.0,100.0,61.1897,43.287
562,563,463,230,32,0.15,51.6,7.1,228,2026-09-18 09:05:00,PT5M,82.226,100.0,100.0,62.3837,44.525
578,579,472,232,32,0.15,51.0,7.1,228,2026-09-18 09:10:00,PT5M,83.319,100.0,100.0,63.5401,45.7385
594,594,480,235,32,0.15,50.4,7.1,228,2026-09-18 09:15:00,PT5M,84.375,100.0,100.0,64.6656,46.9265
610,610,489,237,32,0.15,49.9,7.1,228,2026-09-18 09:20:00,PT5M,85.395,100.0,100.0,65.8719,48.3005
625,625,497,239,32,0.15,49.3,7.1,228,2026-09-18 09:25:00,PT5M,86.38,100.0,100.0,67.0495,49.6515
640,640,505,241,32,0.15,48.7,7.2,228,2026-09-18 09:30:00,PT5M,87.331,100.0,100.0,68.1911,50.9645
655,655,513,242,33,0.15,48.2,7.2,228,2026-09-18 09:35:00,PT5M,88.25,100.0,100.0,69.3069,52.2575
669,669,521,244,33,0.15,47.6,7.2,228,2026-09-18 09:40:00,PT5M,89.138,100.0,100.0,70.3988,53.533
683,683,529,245,33,0.15,47.1,7.2,228,2026-09-18 09:45:00,PT5M,89.949,100.0,100.0,71.409,54.7225
697,696,536,246,33,0.15,46.6,7.2,228,2026-09-18 09:50:00,PT5M,90.717,100.0,100.0,72.3734,55.8635
710,710,542,248,33,0.15,46.0,7.3,228,2026-09-18 09:55:00,PT5M,91.451,100.0,100.0,73.301,56.9655
723,722,549,249,33,0.15,45.5,7.3,228,2026-09-18 10:00:00,PT5M,92.159,100.0,100.0,74.1993,58.035
736,735,557,249,33,0.15,45.0,7.3,228,2026-09-18 10:05:00,PT5M,92.871,100.0,100.0,75.0994,59.1045
748,748,565,248,34,0.15,44.5,7.3,228,2026-09-18 10:10:00,PT5M,93.584,100.0,100.0,76.0001,60.174
761,760,574,248,34,0.15,44.0,7.3,228,2026-09-18 10:15:00,PT5M,94.267,100.0,100.0,76.8673,61.207
773,772,582,247,34,0.15,43.5,7.4,228,2026-09-18 10:20:00,PT5M,94.918,100.0,100.0,77.6993,62.202
784,784,590,246,34,0.15,43.0,7.4,228,2026-09-18 10:25:00,PT5M,95.545,100.0,100.0,78.5048,63.168
796,795,598,244,34,0.15,42.5,7.4,228,2026-09-18 10:30:00,PT5M,96.145,100.0,100.0,79.2803,64.1015
807,806,606,243,34,0.15,42.0,7.4,228,2026-09-18 10:35:00,PT5M,96.717,100.0,100.0,80.0254,65.0025
817,816,614,241,35,0.15,41.6,7.4,228,2026-09-18 10:40:00,PT5M,97.26,100.0,100.0,80.7384,65.8685
827,826,622,239,35,0.15,41.1,7.5,228,2026-09-18 10:45:00,PT5M,97.776,100.0,100.0,81.4207,66.7005
837,836,630,237,35,0.15,40.6,7.5,228,2026-09-18 10:50:00,PT5M,98.262,100.0,100.0,82.0678,67.4925
847,845,638,235,35,0.15,40.2,7.5,228,2026-09-18 10:55:00,PT5M,98.72,100.0,100.0,82.68,68.2435
855,854,646,233,35,0.15,39.7,7.5,228,2026-09-18 11:00:00,PT5M,99.145,100.0,100.0,83.2395,68.924
864,863,653,230,35,0.15,39.3,7.5,228,2026-09-18 11:05:00,PT5M,99.543,100.0,100.0,83.7743,69.582
872,870,660,228,35,0.15,38.9,7.6,228,2026-09-18 11:10:00,PT5M,99.916,100.0,100.0,84.2918,70.2295
879,878,667,226,36,0.15,38.4,7.6,228,2026-09-18 11:15:00,PT5M,100.0,100.0,100.0,84.5145,70.577
886,885,674,223,36,0.15,38.0,7.6,228,2026-09-18 11:20:00,PT5M,100.0,100.0,100.0,84.6389,70.8135
893,891,681,221,36,0.15,37.6,7.6,228,2026-09-18 11:25:00,PT5M,100.0,100.0,100.0,84.7571,71.038
899,897,687,218,36,0.15,37.1,7.6,228,2026-09-18 11:30:00,PT5M,100.0,100.0,100.0,84.8689,71.2505
898,897,681,222,36,0.15,37.0,7.6,228,2026-09-18 11:35:00,PT5M,100.0,100.0,100.0,84.8379,71.1915
892,890,662,233,36,0.15,37.1,7.6,228,2026-09-18 11:40:00,PT5M,100.0,100.0,100.0,84.6624,70.858
884,883,643,243,36,0.15,37.2,7.6,228,2026-09-18 11:45:00,PT5M,99.157,100.0,100.0,83.6373,69.669
877,875,625,253,36,0.15,37.2,7.6,228,2026-09-18 11:50:00,PT5M,98.259,100.0,100.0,82.5506,68.4125
868,867,606,263,36,0.15,37.3,7.6,228,2026-09-18 11:55:00,PT5M,97.322,100.0,100.0,81.417,67.102
859,858,587,273,36,0.15,37.4,7.6,228,2026-09-18 12:00:00,PT5M,96.369,100.0,100.0,80.2622,65.7655
850,849,568,283,36,0.15,37.5,7.6,228,2026-09-18 12:05:00,PT5M,95.477,100.0,100.0,79.1617,64.4775
840,839,549,292,36,0.15,37.6,7.6,228,2026-09-18 12:10:00,PT5M,94.568,100.0,100.0,78.0385,63.1615
829,828,529,302,36,0.15,37.7,7.6,228,2026-09-18 12:15:00,PT5M,93.685,100.0,100.0,76.9358,61.861
818,818,510,311,36,0.15,37.8,7.6,228,2026-09-18 12:20:00,PT5M,92.711,100.0,100.0,75.7376,60.461
807,806,491,319,36,0.15,37.8,7.5,228,2026-09-18 12:25:00,PT5M,91.711,100.0,100.0,74.51,59.0285
795,794,473,327,36,0.15,37.9,7.5,228,2026-09-18 12:30:00,PT5M,90.684,100.0,100.0,73.2527,57.564
783,782,454,335,36,0.15,38.0,7.5,228,2026-09-18 12:35:00,PT5M,89.63,100.0,100.0,71.9884,56.1105
771,770,436,341,35,0.15,38.1,7.5,228,2026-09-18 12:40:00,PT5M,88.547,100.0,100.0,70.7136,54.663
758,757,418,348,35,0.15,38.2,7.5,228,2026-09-18 12:45:00,PT5M,87.432,100.0,100.0,69.4041,53.1785
745,744,401,354,35,0.15,38.3,7.5,228,2026-09-18 12:50:00,PT5M,86.278,100.0,100.0,68.0483,51.641
732,731,384,359,35,0.15,38.4,7.5,228,2026-09-18 12:55:00,PT5M,85.083,100.0,100.0,66.6457,50.0515
718,718,367,364,35,0.15,38.5,7.5,229,2026-09-18 13:00:00,PT5M,83.867,100.0,100.0,65.2284,48.453
704,704,351,368,35,0.15,38.5,7.5,229,2026-09-18 13:05:00,PT5M,82.624,100.0,100.0,63.7962,46.8505
691,690,336,371,35,0.15,38.6,7.5,229,2026-09-18 13:10:00,PT5M,81.364,100.0,100.0,62.3343,45.207
677,677,320,374,35,0.15,38.7,7.4,229,2026-09-18 13:15:00,PT5M,80.061,100.0,99.2959,60.8261,43.514
662,663,306,376,35,0.15,38.8,7.4,229,2026-09-18 13:20:00,PT5M,78.717,100.0,98.1588,59.2752,41.777
648,648,291,377,35,0.15,38.9,7.4,229,2026-09-18 13:25:00,PT5M,77.336,100.0,96.9846,57.6874,40.003
634,634,277,378,35,0.15,39.0,7.4,229,2026-09-18 13:30:00,PT5M,75.919,100.0,95.7739,56.0641,38.194
619,619,262,379,35,0.15,39.1,7.4,229,2026-09-18 13:35:00,PT5M,74.409,100.0,94.4874,54.3306,36.2595
603,603,247,379,35,0.15,39.2,7.4,229,2026-09-18 13:40:00,PT5M,72.805,100.0,93.1228,52.4872,34.2005
587,588,233,379,35,0.15,39.3,7.4,229,2026-09-18 13:45:00,PT5M,71.17,100.0,91.7247,50.6153,32.1155
572,572,219,379,35,0.15,39.4,7.4,229,2026-09-18 13:50:00,PT5M,69.498,100.0,90.2869,48.7091,29.9985
556,557,205,377,35,0.15,39.4,7.4,229,2026-09-18 13:55:00,PT5M,67.773,100.0,88.7937,46.7523,27.833
540,541,191,375,35,0.15,39.5,7.4,229,2026-09-18 14:00:00,PT5M,66.031,100.0,87.2809,44.7811,25.6555
525,525,178,373,35,0.15,39.6,7.4,229,2026-09-18 14:05:00,PT5M,64.252,100.0,85.7285,42.7755,23.446
509,509,165,370,35,0.15,39.7,7.3,229,2026-09-18 14:10:00,PT5M,62.434,100.0,84.1352,40.7328,21.201
493,494,152,367,35,0.15,39.8,7.3,229,2026-09-18 14:15:00,PT5M,60.584,100.0,82.506,38.662,18.9315
477,478,140,363,35,0.15,39.9,7.3,229,2026-09-18 14:20:00,PT5M,58.704,100.0,80.8431,36.5649,16.639
461,462,128,359,35,0.15,40.0,7.3,229,2026-09-18 14:25:00,PT5M,56.754,99.227,79.1078,34.4002,14.281
446,446,116,354,35,0.15,40.1,7.3,229,2026-09-18 14:30:00,PT5M,54.776,97.6085,77.3191,32.2329,11.9435
433,434,109,349,34,0.15,40.3,7.3,229,2026-09-18 14:35:00,PT5M,53.285,96.1385,75.8391,30.7309,10.4315
423,424,106,343,34,0.15,40.6,7.3,229,2026-09-18 14:40:00,PT5M,52.451,95.2025,74.9514,29.9506,9.6995
414,415,103,337,34,0.15,40.8,7.3,229,2026-09-18 14:45:00,PT5M,51.42,94.019,73.8402,28.9998,8.821
404,405,101,330,34,0.15,41.1,7.3,228,2026-09-18 14:50:00,PT5M,50.355,92.825,72.7073,28.0027,7.885
394,394,98,324,34,0.15,41.4,7.4,228,2026-09-18 14:55:00,PT5M,49.257,91.5845,71.5343,26.9797,6.9295
383,384,95,317,34,0.15,41.7,7.4,228,2026-09-18 15:00:00,PT5M,48.125,90.2955,70.3196,25.9304,5.9545
373,374,92,310,34,0.15,42.0,7.4,228,2026-09-18 15:05:00,PT5M,46.998,88.9745,69.0905,24.9055,5.0215
362,363,89,303,34,0.15,42.3,7.4,228,2026-09-18 15:10:00,PT5M,45.811,87.5575,67.7825,23.8395,4.0645
352,353,85,296,34,0.15,42.6,7.4,228,2026-09-18 15:15:00,PT5M,44.583,86.077,66.4216,22.7444,3.089
341,342,81,289,33,0.15,42.9,7.4,228,2026-09-18 15:20:00,PT5M,43.309,84.527,65.0023,21.6157,2.091
330,331,78,282,33,0.15,43.2,7.4,227,2026-09-18 15:25:00,PT5M,41.977,82.8925,63.5111,20.4429,1.0615
319,319,74,274,33,0.15,43.5,7.4,227,2026-09-18 15:30:00,PT5M,40.596,81.174,61.9525,19.2395,0.018
307,308,69,267,33,0.15,43.8,7.5,227,2026-09-18 15:35:00,PT5M,39.109,79.3215,60.2731,17.9449,0.0
295,296,64,259,33,0.15,44.2,7.5,227,2026-09-18 15:40:00,PT5M,37.515,77.329,58.4694,16.5606,0.0
283,284,59,251,33,0.15,44.5,7.5,227,2026-09-18 15:45:00,PT5M,35.91,75.227,56.6028,15.2172,0.0
271,271,53,243,33,0.15,44.8,7.5,227,2026-09-18 15:50:00,PT5M,34.255,72.982,54.6373,13.8727,0.0
258,259,47,235,33,0.15,45.1,7.5,227,2026-09-18 15:55:00,PT5M,32.546,70.5955,52.5717,12.5203,0.0
246,247,41,226,33,0.15,45.4,7.5,226,2026-09-18 16:00:00,PT5M,30.783,68.075,50.41,11.156,0.0
234,234,35,217,32,0.15,45.8,7.5,226,2026-09-18 16:05:00,PT5M,29.01,65.5025,48.2163,9.8037,0.0
222,222,30,208,32,0.15,46.1,7.6,226,2026-09-18 16:10:00,PT5M,27.554,63.2155,46.3229,8.7851,0.0
209,210,24,199,32,0.15,46.4,7.6,226,2026-09-18 16:15:00,PT5M,25.722,60.498,44.0249,7.4191,0.0
197,198,18,190,32,0.15,46.8,7.6,226,2026-09-18 16:20:00,PT5M,23.946,57.384,41.5447,6.3473,0.0
185,185,12,181,32,0.15,47.1,7.6,226,2026-09-18 16:25:00,PT5M,22.305,53.4305,38.6866,5.9234,0.0
173,173,6,171,32,0.15,47.4,7.6,226,2026-09-18 16:30:00,PT5M,20.576,49.4655,35.7808,5.3712,0.0
161,161,0,161,32,0.15,47.8,7.6,225,2026-09-18 16:35:00,PT5M,18.903,45.5735,32.9399,4.8661,0.0
149,150,0,150,32,0.15,48.1,7.6,225,2026-09-18 16:40:00,PT5M,17.612,42.089,30.4944,4.7296,0.0
137,138,0,138,32,0.15,48.5,7.6,225,2026-09-18 16:45:00,PT5M,16.284,38.5805,28.0188,4.5492,0.0
126,126,0,126,31,0.15,48.8,7.7,225,2026-09-18 16:50:00,PT5M,14.914,35.051,25.5122,4.3158,0.0
114,115,0,115,31,0.15,49.2,7.7,225,2026-09-18 16:55:00,PT5M,13.536,31.5515,23.0177,4.0543,0.0
103,103,0,103,31,0.15,49.5,7.7,225,2026-09-18 17:00:00,PT5M,12.169,28.122,20.5652,3.7728,0.0
91,92,0,92,31,0.15,49.9,7.7,225,2026-09-18 17:05:00,PT5M,10.778,24.7665,18.1402,3.4158,0.0
80,80,0,80,31,0.15,50.2,7.7,225,2026-09-18 17:10:00,PT5M,9.421,21.557,15.8083,3.0337,0.0
69,69,0,69,31,0.15,50.6,7.7,224,2026-09-18 17:15:00,PT5M,7.997,18.342,13.4416,2.5524,0.0
58,58,0,58,31,0.15,51.0,7.7,224,2026-09-18 17:20:00,PT5M,6.694,15.304,11.2255,2.1625,0.0
48,49,0,49,31,0.15,51.3,7.8,224,2026-09-18 17:25:00,PT5M,5.522,12.42,9.1525,1.8915,0.0
39,39,0,39,31,0.15,51.7,7.8,224,2026-09-18 17:30:00,PT5M,4.366,9.6915,7.1688,1.5632,0.0
31,31,0,31,31,0.15,52.1,7.8,224,2026-09-18 17:35:00,PT5M,3.253,7.1715,5.3153,1.1907,0.0
23,23,0,23,30,0.15,52.4,7.8,224,2026-09-18 17:40:00,PT5M,2.324,5.094,3.7819,0.8661,0.0
17,17,0,17,30,0.15,52.8,7.8,224,2026-09-18 17:45:00,PT5M,1.492,3.219,2.4009,0.5831,0.0
11,11,0,11,30,0.15,53.2,7.8,224,2026-09-18 17:50:00,PT5M,0.728,1.6515,1.214,0.242,0.0
5,5,0,5,30,0.15,53.5,7.7,224,2026-09-18 17:55:00,PT5M,0.028,0.332,0.188,0.0,0.0
1,1,0,1,30,0.15,53.9,7.7,224,2026-09-18 18:00:00,PT5M,0.0,0.0,0.0,0.0,0.0
0,0,0,0,30,0.15,54.3,7.7,224,2026-09-18 18:05:00,PT5M,0.0,0.0,0.0,0.0,0.0
0,0,0,0,30,0.15,54.7,7.7,224,2026-09-18 18:10:00,PT5M,0.0,0.0,0.0,0.0,0.0
0,0,0,0,30,0.15,55.1,7.7,223,2026-09-18 18:15:00,PT5M,0.0,0.0,0.0,0.0,0.0
0,0,0,0,30,0.15,55.5,7.7,223,2026-09-18 18:20:00,PT5M,0.0,0.0,0.0,0.0,0.0
0,0,0,0,30,0.15,55.8,7.7,223,2026-09-18 18:25:00,PT5M,0.0,0.0,0.0,0.0,0.0
0,0,0,0,30,0.15,56.2,7.7,223,2026-09-18 18:30:00,PT5M,0.0,0.0,0.0,0.0,0.0
0,0,0,0,29,0.15,56.6,7.7,223,2026-09-18 18:35:00,PT5M,0.0,0.0,0.0,0.0,0.0
0,0,0,0,29,0.15,57.0,7.7,223,2026-09-18 18:40:00,PT5M,0.0,0.0,0.0,0.0,0.0
0,0,0,0,29,0.15,57.4,7.7,223,2026-09-18 18:45:00,PT5M,0.0,0.0,0.0,0.0,0.0
0,0,0,0,29,0.15,57.8,7.7,223,2026-09-18 18:50:00,PT5M,0.0,0.0,0.0,0.0,0.0
0,0,0,0,29,0.15,58.2,7.7,223,2026-09-18 18:55:00,PT5M,0.0,0.0,0.0,0.0,0.0
0,0,0,0,29,0.15,58.7,7.6,223,2026-09-18 19:00:00,PT5M,0.0,0.0,0.0,0.0,0.0
0,0,0,0,29,0.15,59.1,7.6,223,2026-09-18 19:05:00,PT5M,0.0,0.0,0.0,0.0,0.0
0,0,0,0,29,0.15,59.5,7.6,223,2026-09-18 19:10:00,PT5M,0.0,0.0,0.0,0.0,0.0
0,0,0,0,29,0.15,59.9,7.6,223,2026-09-18 19:15:00,PT5M,0.0,0.0,0.0,0.0,0.0
0,0,0,0,29,0.15,60.3,7.6,223,2026-09-18 19:20:00,PT5M,0.0,0.0,0.0,0.0,0.0
0,0,0,0,29,0.15,60.8,7.6,223,2026-09-18 19:25:00,PT5M,0.0,0.0,0.0,0.0,0.0
0,0,0,0,28,0.15,61.2,7.6,223,2026-09-18 19:30:00,PT5M,0.0,0.0,0.0,0.0,0.0
0,0,0,0,28,0.15,61.6,7.6,222,2026-09-18 19:35:00,PT5M,0.0,0.0,0.0,0.0,0.0
0,0,0,0,28,0.15,62.1,7.6,222,2026-09-18 19:40:00,PT5M,0.0,0.0,0.0,0.0,0.0
0,0,0,0,28,0.15,62.5,7.6,222,2026-09-18 19:45:00,PT5M,0.0,0.0,0.0,0.0,0.0
0,0,0,0,28,0.15,62.9,7.6,222,2026-09-18 19:50:00,PT5M,0.0,0.0,0.0,0.0,0.0
0,0,0,0,28,0.15,63.4,7.6,222,2026-09-18 19:55:00,PT5M,0.0,0.0,0.0,0.0,0.0
0,0,0,0,28,0.15,63.8,7.6,222,2026-09-18 20:00:00,PT5M,0.0,0.0,0.0,0.0,0.0
0,0,0,0,28,0.15,64.3,7.5,222,2026-09-18 20:05:00,PT5M,0.0,0.0,0.0,0.0,0.0
0,0,0,0,28,0.15,64.8,7.5,222,2026-09-18 20:10:00,PT5M,0.0,0.0,0.0,0.0,0.0
0,0,0,0,28,0.15,65.2,7.5,222,2026-09-18 20:15:00,PT5M,0.0,0.0,0.0,0.0,0.0
0,0,0,0,28,0.15,65.7,7.5,222,2026-09-18 20:20:00,PT5M,0.0,0.0,0.0,0.0,0.0
0,0,0,0,27,0.15,66.1,7.5,222,2026-09-18 20:25:00,PT5M,0.0,0.0,0.0,0.0,0.0
0,0,0,0,27,0.15,66.6,7.5,222,2026-09-18 20:30:00,PT5M,0.0,0.0,0.0,0.0,0.0
0,0,0,0,27,0.15,66.9,7.5,222,2026-09-18 20:35:00,PT5M,0.0,0.0,0.0,0.0,0.0
0,0,0,0,27,0.15,67.0,7.5,222,2026-09-18 20:40:00,PT5M,0.0,0.0,0.0,0.0,0.0
0,0,0,0,27,0.15,67.1,7.4,222,2026-09-18 20:45:00,PT5M,0.0,0.0,0.0,0.0,0.0
0,0,0,0,27,0.15,67.2,7.4,222,2026-09-18 20:50:00,PT5M,0.0,0.0,0.0,0.0,0.0
0,0,0,0,27,0.15,67.3,7.4,222,2026-09-18 20:55:00,PT5M,0.0,0.0,0.0,0.0,0.0
0,0,0,0,27,0.15,67.5,7.4,222,2026-09-18 21:00:00,PT5M,0.0,0.0,0.0,0.0,0.0
0,0,0,0,27,0.15,67.6,7.3,222,2026-09-18 21:05:00,PT5M,0.0,0.0,0.0,0.0,0.0
0,0,0,0,27,0.15,67.7,7.3,222,2026-09-18 21:10:00,PT5M,0.0,0.0,0.0,0.0,0.0
0,0,0,0,27,0.15,67.8,7.3,222,2026-09-18 21:15:00,PT5M,0.0,0.0,0.0,0.0,0.0
0,0,0,0,27,0.15,67.9,7.3,222,2026-09-18 21:20:00,PT5M,0.0,0.0,0.0,0.0,0.0
0,0,0,0,27,0.15,68.0,7.2,222,2026-09-18 21:25:00,PT5M,0.0,0.0,0.0,0.0,0.0
0,0,0,0,27,0.15,68.1,7.2,222,2026-09-18 21:30:00,PT5M,0.0,0.0,0.0,0.0,0.0
0,0,0,0,27,0.15,68.2,7.2,222,2026-09-18 21:35:00,PT5M,0.0,0.0,0.0,0.0,0.0
0,0,0,0,27,0.15,68.4,7.2,222,2026-09-18 21:40:00,PT5M,0.0,0.0,0.0,0.0,0.0
0,0,0,0,27,0.15,68.5,7.1,222,2026-09-18 21:45:00,PT5M,0.0,0.0,0.0,0.0,0.0
0,0,0,0,27,0.15,68.6,7.1,222,2026-09-18 21:50:00,PT5M,0.0,0.0,0.0,0.0,0.0
0,0,0,0,27,0.15,68.7,7.1,222,2026-09-18 21:55:00,PT5M,0.0,0.0,0.0,0.0,0.0
0,0,0,0,27,0.15,68.8,7.1,222,2026-09-18 22:00:00,PT5M,0.0,0.0,0.0,0.0,0.0
0,0,0,0,27,0.15,68.9,7.0,222,2026-09-18 22:05:00,PT5M,0.0,0.0,0.0,0.0,0.0
0,0,0,0,27,0.15,69.0,7.0,222,2026-09-18 22:10:00,PT5M,0.0,0.0,0.0,0.0,0.0
0,0,0,0,27,0.15,69.1,7.0,222,2026-09-18 22:15:00,PT5M,0.0,0.0,0.0,0.0,0.0
0,0,0,0,27,0.15,69.3,7.0,222,2026-09-18 22:20:00,PT5M,0.0,0.0,0.0,0.0,0.0
0,0,0,0,27,0.15,69.4,6.9,222,2026-09-18 22:25:00,PT5M,0.0,0.0,0.0,0.0,0.0
0,0,0,0,27,0.15,69.5,6.9,222,2026-09-18 22:30:00,PT5M,0.0,0.0,0.0,0.0,0.0
0,0,0,0,27,0.15,69.6,6.9,222,2026-09-18 22:35:00,PT5M,0.0,0.0,0.0,0.0,0.0
0,0,0,0,27,0.15,69.7,6.9,222,2026-09-18 22:40:00,PT5M,0.0,0.0,0.0,0.0,0.0
0,0,0,0,27,0.15,69.8,6.8,222,2026-09-18 22:45:00,PT5M,0.0,0.0,0.0,0.0,0.0
0,0,0,0,27,0.15,70.0,6.8,222,2026-09-18 22:50:00,PT5M,0.0,0.0,0.0,0.0,0.0
0,0,0,0,27,0.15,70.1,6.8,222,2026-09-18 22:55:00,PT5M,0.0,0.0,0.0,0.0,0.0
0,0,0,0,27,0.15,70.2,6.8,222,2026-09-18 23:00:00,PT5M,0.0,0.0,0.0,0.0,0.0
0,0,0,0,27,0.15,70.3,6.7,222,2026-09-18 23:05:00,PT5M,0.0,0.0,0.0,0.0,0.0
0,0,0,0,27,0.15,70.4,6.7,222,2026-09-18 23:10:00,PT5M,0.0,0.0,0.0,0.0,0.0
0,0,0,0,27,0.15,70.5,6.7,222,2026-09-18 23:15:00,PT5M,0.0,0.0,0.0,0.0,0.0
0,0,0,0,27,0.15,70.6,6.6,222,2026-09-18 23:20:00,PT5M,0.0,0.0,0.0,0.0,0.0
0,0,0,0,27,0.15,70.8,6.6,222,2026-09-18 23:25:00,PT5M,0.0,0.0,0.0,0.0,0.0
0,0,0,0,27,0.15,70.9,6.6,222,2026-09-18 23:30:00,PT5M,0.0,0.0,0.0,0.0,0.0
0,0,0,0,27,0.15,71.0,6.6,222,2026-09-18 23:35:00,PT5M,0.0,0.0,0.0,0.0,0.0
0,0,0,0,27,0.15,71.0,6.6,222,2026-09-18 23:40:00,PT5M,0.0,0.0,0.0,0.0,0.0
0,0,0,0,27,0.15,71.1,6.6,222,2026-09-18 23:45:00,PT5M,0.0,0.0,0.0,0.0,0.0
0,0,0,0,26,0.15,71.2,6.5,222,2026-09-18 23:50:00,PT5M,0.0,0.0,0.0,0.0,0.0
0,0,0,0,26,0.15,71.3,6.5,221,2026-09-18 23:55:00,PT5M,0.0,0.0,0.0,0.0,0.0
0,0,0,0,26,0.15,71.3,6.5,221,2026-09-19 00:00:00,PT5M,0.0,0.0,0.0,0.0,0.0
0,0,0,0,26,0.15,71.4,6.5,221,2026-09-19 00:05:00,PT5M,0.0,0.0,0.0,0.0,0.0
0,0,0,0,26,0.15,71.5,6.5,221,2026-09-19 00:10:00,PT5M,0.0,0.0,0.0,0.0,0.0
0,0,0,0,26,0.15,71.5,6.5,221,2026-09-19 00:15:00,PT5M,0.0,0.0,0.0,0.0,0.0
0,0,0,0,26,0.15,71.6,6.5,221,2026-09-19 00:20:00,PT5M,0.0,0.0,0.0,0.0,0.0
0,0,0,0,26,0.15,71.7,6.5,221,2026-09-19 00:25:00,PT5M,0.0,0.0,0.0,0.0,0.0
0,0,0,0,26,0.15,71.7,6.5,221,2026-09-19 00:30:00,PT5M,0.0,0.0,0.0,0.0,0.0
0,0,0,0,26,0.15,71.8,6.4,221,2026-09-19 00:35:00,PT5M,0.0,0.0,0.0,0.0,0.0
0,0,0,0,26,0.15,71.9,6.4,220,2026-09-19 00:40:00,PT5M,0.0,0.0,0.0,0.0,0.0
0,0,0,0,26,0.15,72.0,6.4,220,2026-09-19 00:45:00,PT5M,0.0,0.0,0.0,0.0,0.0
0,0,0,0,26,0.15,72.0,6.4,220,2026-09-19 00:50:00,PT5M,0.0,0.0,0.0,0.0,0.0
0,0,0,0,26,0.15,72.1,6.4,220,2026-09-19 00:55:00,PT5M,0.0,0.0,0.0,0.0,0.0
0,0,0,0,26,0.15,72.2,6.4,220,2026-09-19 01:00:00,PT5M,0.0,0.0,0.0,0.0,0.0
0,0,0,0,26,0.15,72.2,6.4,220,2026-09-19 01:05:00,PT5M,0.0,0.0,0.0,0.0,0.0
0,0,0,0,26,0.15,72.3,6.4,220,2026-09-19 01:10:00,PT5M,0.0,0.0,0.0,0.0,0.0
0,0,0,0,26,0.15,72.4,6.4,220,2026-09-19 01:15:00,PT5M,0.0,0.0,0.0,0.0,0.0
0,0,0,0,26,0.15,72.5,6.4,220,2026-09-19 01:20:00,PT5M,0.0,0.0,0.0,0.0,0.0
0,0,0,0,26,0.15,72.5,6.3,219,2026-09-19 01:25:00,PT5M,0.0,0.0,0.0,0.0,0.0
0,0,0,0,26,0.15,72.6,6.3,219,2026-09-19 01:30:00,PT5M,0.0,0.0,0.0,0.0,0.0
0,0,0,0,26,0.15,72.7,6.3,219,2026-09-19 01:35:00,PT5M,0.0,0.0,0.0,0.0,0.0
0,0,0,0,26,0.15,72.7,6.3,219,2026-09-19 01:40:00,PT5M,0.0,0.0,0.0,0.0,0.0
0,0,0,0,26,0.15,72.8,6.3,219,2026-09-19 01:45:00,PT5M,0.0,0.0,0.0,0.0,0.0
0,0,0,0,26,0.15,72.9,6.3,219,2026-09-19 01:50:00,PT5M,0.0,0.0,0.0,0.0,0.0
0,0,0,0,26,0.15,73.0,6.3,219,2026-09-19 01:55:00,PT5M,0.0,0.0,0.0,0.0,0.0
0,0,0,0,26,0.15,73.0,6.3,219,2026-09-19 02:00:00,PT5M,0.0,0.0,0.0,0.0,0.0
0,0,0,0,26,0.15,73.1,6.3,218,2026-09-19 02:05:00,PT5M,0.0,0.0,0.0,0.0,0.0
0,0,0,0,26,0.15,73.2,6.2,218,2026-09-19 02:10:00,PT5M,0.0,0.0,0.0,0.0,0.0
0,0,0,0,26,0.15,73.2,6.2,218,2026-09-19 02:15:00,PT5M,0.0,0.0,0.0,0.0,0.0
0,0,0,0,26,0.15,73.3,6.2,218,2026-09-19 02:20:00,PT5M,0.0,0.0,0.0,0.0,0.0
0,0,0,0,26,0.15,73.4,6.2,218,2026-09-19 02:25:00,PT5M,0.0,0.0,0.0,0.0,0.0
0,0,0,0,26,0.15,73.5,6.2,218,2026-09-19 02:30:00,PT5M,0.0,0.0,0.0,0.0,0.0
0,0,0,0,26,0.15,73.5,6.2,218,2026-09-19 02:35:00,PT5M,0.0,0.0,0.0,0.0,0.0
0,0,0,0,26,0.15,73.5,6.2,218,2026-09-19 02:40:00,PT5M,0.0,0.0,0.0,0.0,0.0
0,0,0,0,26,0.15,73.5,6.2,218,2026-09-19 02:45:00,PT5M,0.0,0.0,0.0,0.0,0.0
0,0,0,0,26,0.15,73.5,6.2,218,2026-09-19 02:50:00,PT5M,0.0,0.0,0.0,0.0,0.0
0,0,0,0,26,0.15,73.4,6.2,218,2026-09-19 02:55:00,PT5M,0.0,0.0,0.0,0.0,0.0
0,0,0,0,26,0.15,73.4,6.2,218,2026-09-19 03:00:00,PT5M,0.0,0.0,0.0,0.0,0.0
0,0,0,0,26,0.15,73.4,6.2,218,2026-09-19 03:05:00,PT5M,0.0,0.0,0.0,0.0,0.0
0,0,0,0,26,0.15,73.4,6.2,218,2026-09-19 03:10:00,PT5M,0.0,0.0,0.0,0.0,0.0
0,0,0,0,26,0.15,73.4,6.2,219,2026-09-19 03:15:00,PT5M,0.0,0.0,0.0,0.0,0.0
0,0,0,0,26,0.15,73.4,6.2,219,2026-09-19 03:20:00,PT5M,0.0,0.0,0.0,0.0,0.0
0,0,0,0,26,0.15,73.4,6.2,219,2026-09-19 03:25:00,PT5M,0.0,0.0,0.0,0.0,0.0
0,0,0,0,26,0.15,73.4,6.2,219,2026-09-19 03:30:00,PT5M,0.0,0.0,0.0,0.0,0.0
0,0,0,0,26,0.15,73.3,6.2,219,2026-09-19 03:35:00,PT5M,0.0,0.0,0.0,0.0,0.0
0,0,0,0,26,0.15,73.3,6.2,219,2026-09-19 03:40:00,PT5M,0.0,0.0,0.0,0.0,0.0
0,0,0,0,26,0.15,73.3,6.2,219,2026-09-19 03:45:00,PT5M,0.0,0.0,0.0,0.0,0.0
0,0,0,0,26,0.15,73.3,6.2,219,2026-09-19 03:50:00,PT5M,0.0,0.0,0.0,0.0,0.0
0,0,0,0,26,0.15,73.3,6.2,219,2026-09-19 03:55:00,PT5M,0.0,0.0,0.0,0.0,0.0
0,0,0,0,26,0.15,73.3,6.1,219,2026-09-19 04:00:00,PT5M,0.0,0.0,0.0,0.0,0.0
0,0,0,0,26,0.15,73.3,6.1,219,2026-09-19 04:05:00,PT5M,0.0,0.0,0.0,0.0,0.0
0,0,0,0,26,0.15,73.3,6.1,220,2026-09-19 04:10:00,PT5M,0.0,0.0,0.0,0.0,0.0
0,0,0,0,26,0.15,73.2,6.1,220,2026-09-19 04:15:00,PT5M,0.0,0.0,0.0,0.0,0.0
0,0,0,0,26,0.15,73.2,6.1,220,2026-09-19 04:20:00,PT5M,0.0,0.0,0.0,0.0,0.0
0,0,0,0,26,0.15,73.2,6.1,220,2026-09-19 04:25:00,PT5M,0.0,0.0,0.0,0.0,0.0
0,0,0,0,26,0.15,73.2,6.1,220,2026-09-19 04:30:00,PT5M,0.0,0.0,0.0,0.0,0.0
0,0,0,0,26,0.15,73.2,6.1,220,2026-09-19 04:35:00,PT5M,0.0,0.0,0.0,0.0,0.0
0,0,0,0,26,0.15,73.2,6.1,220,2026-09-19 04:40:00,PT5M,0.0,0.0,0.0,0.0,0.0
0,0,0,0,26,0.15,73.2,6.1,220,2026-09-19 04:45:00,PT5M,0.0,0.0,0.0,0.0,0.0
0,0,0,0,26,0.15,73.2,6.1,220,2026-09-19 04:50:00,PT5M,0.0,0.0,0.0,0.0,0.0
0,0,0,0,26,0.15,73.1,6.1,220,2026-09-19 04:55:00,PT5M,0.0,0.0,0.0,0.0,0.0
0,0,0,0,26,0.15,73.1,6.1,220,2026-09-19 05:00:00,PT5M,0.0,0.0,0.0,0.0,0.0
0,0,0,0,26,0.15,73.1,6.1,221,2026-09-19 05:05:00,PT5M,0.0,0.0,0.0,0.0,0.0
0,0,0,0,26,0.15,73.1,6.1,221,2026-09-19 05:10:00,PT5M,0.0,0.0,0.0,0.0,0.0
0,0,0,0,26,0.15,73.1,6.1,221,2026-09-19 05:15:00,PT5M,0.0,0.0,0.0,0.0,0.0
0,0,0,0,26,0.15,73.1,6.1,221,2026-09-19 05:20:00,PT5M,0.0,0.0,0.0,0.0,0.0
0,0,0,0,26,0.15,73.1,6.1,221,2026-09-19 05:25:00,PT5M,0.0,0.0,0.0,0.0,0.0
0,0,0,0,26,0.15,73.1,6.1,221,2026-09-19 05:30:00,PT5M,0.0,0.0,0.0,0.0,0.0
0,0,0,0,26,0.15,72.7,6.1,221,2026-09-19 05:35:00,PT5M,0.0,0.0,0.0,0.0,0.0
0,0,0,0,26,0.15,72.1,6.1,221,2026-09-19 05:40:00,PT5M,0.0,0.0,0.0,0.0,0.0
0,0,0,0,26,0.15,71.5,6.2,222,2026-09-19 05:45:00,PT5M,0.0,0.0,0.0,0.0,0.0
0,0,0,0,26,0.15,70.9,6.2,222,2026-09-19 05:50:00,PT5M,0.0,0.0,0.0,0.0,0.0
0,0,0,0,27,0.15,70.3,6.2,222,2026-09-19 05:55:00,PT5M,0.0,0.0,0.0,0.0,0.0
1,1,0,1,27,0.15,69.8,6.3,223,2026-09-19 06:00:00,PT5M,0.0,0.0,0.0,0.0,0.0
8,9,6,8,27,0.15,69.2,6.3,223,2026-09-19 06:05:00,PT5M,0.419,0.6285,0.5293,0.3087,0.2095
17,18,28,16,27,0.15,68.6,6.4,223,2026-09-19 06:10:00,PT5M,1.719,2.506,2.1332,1.3048,0.932
28,29,70,23,27,0.15,68.0,6.4,223,2026-09-19 06:15:00,PT5M,3.518,4.9515,4.2725,2.7635,2.0845
41,42,129,30,27,0.15,67.5,6.4,224,2026-09-19 06:20:00,PT5M,6.205,8.71,7.5234,4.8866,3.7
55,55,167,37,27,0.15,66.9,6.5,224,2026-09-19 06:25:00,PT5M,9.054,12.692,10.9687,7.1393,5.416
69,70,203,43,27,0.15,66.3,6.5,224,2026-09-19 06:30:00,PT5M,12.416,17.3925,15.0352,9.7968,7.4395
85,86,236,50,28,0.15,65.8,6.5,224,2026-09-19 06:35:00,PT5M,16.093,22.537,19.4845,12.7015,9.649
101,102,267,56,28,0.15,65.3,6.6,225,2026-09-19 06:40:00,PT5M,19.887,27.863,24.0848,15.6892,11.911
118,119,295,61,28,0.15,64.7,6.6,225,2026-09-19 06:45:00,PT5M,23.741,33.2445,28.7428,18.7392,14.2375
136,137,321,67,28,0.15,64.2,6.6,225,2026-09-19 06:50:00,PT5M,27.671,38.6865,33.4685,21.8735,16.6555
154,155,345,73,28,0.15,63.7,6.7,225,2026-09-19 06:55:00,PT5M,31.637,44.2045,38.2514,25.0226,19.0695
172,173,367,78,28,0.15,63.1,6.7,225,2026-09-19 07:00:00,PT5M,35.78,49.9775,43.2522,28.3078,21.5825
191,192,390,83,28,0.15,62.6,6.7,226,2026-09-19 07:05:00,PT5M,40.241,56.229,48.6556,31.8264,24.253
210,212,414,87,29,0.15,62.1,6.8,226,2026-09-19 07:10:00,PT5M,44.968,62.865,54.3873,35.5487,27.071
230,232,436,91,29,0.15,61.6,6.8,226,2026-09-19 07:15:00,PT5M,49.766,69.607,60.2085,39.3235,29.925
250,252,457,95,29,0.15,61.1,6.8,226,2026-09-19 07:20:00,PT5M,54.598,76.409,66.0773,43.1187,32.787
270,272,476,99,29,0.15,60.6,6.9,227,2026-09-19 07:25:00,PT5M,59.433,83.227,71.956,46.91,35.639
290,292,495,102,29,0.15,60.1,6.9,227,2026-09-19 07:30:00,PT5M,64.275,90.065,77.8485,50.7015,38.485
311,312,512,106,29,0.15,59.6,7.0,227,2026-09-19 07:35:00,PT5M,69.22,97.0745,83.88,54.56,41.3655
331,332,528,109,29,0.15,59.1,7.0,227,2026-09-19 07:40:00,PT5M,74.128,100.0,89.883,58.373,44.193
351,352,543,112,29,0.15,58.6,7.0,227,2026-09-19 07:45:00,PT5M,77.745,100.0,94.2497,61.2403,46.3855
371,372,558,115,30,0.15,58.1,7.1,228,2026-09-19 07:50:00,PT5M,79.898,100.0,96.7296,63.0664,47.9175
391,392,571,117,30,0.15,57.7,7.1,228,2026-09-19 07:55:00,PT5M,81.942,100.0,99.0733,64.8107,49.392
411,411,584,120,30,0.15,57.2,7.1,228,2026-09-19 08:00:00,PT5M,83.869,100.0,100.0,66.4672,50.805
430,431,596,122,30,0.15,56.7,7.2,228,2026-09-19 08:05:00,PT5M,85.665,100.0,100.0,68.025,52.1485
450,450,607,125,30,0.15,56.3,7.2,229,2026-09-19 08:10:00,PT5M,87.314,100.0,100.0,69.4735,53.4165
469,470,618,127,30,0.15,55.8,7.2,229,2026-09-19 08:15:00,PT5M,88.803,100.0,100.0,70.8036,54.6035
488,489,628,129,30,0.15,55.4,7.3,229,2026-09-19 08:20:00,PT5M,90.126,100.0,100.0,72.0116,55.708
507,507,638,131,31,0.15,54.9,7.3,229,2026-09-19 08:25:00,PT5M,91.275,100.0,100.0,73.1014,56.7445
526,526,647,133,31,0.15,54.5,7.4,229,2026-09-19 08:30:00,PT5M,92.326,100.0,100.0,74.1195,57.733
522,523,579,161,31,0.15,54.0,7.4,229,2026-09-19 08:35:00,PT5M,88.264,100.0,100.0,70.0372,53.6325
539,539,584,165,31,0.15,53.4,7.4,230,2026-09-19 08:40:00,PT5M,89.057,100.0,100.0,70.8186,54.4035
556,555,589,168,31,0.15,52.9,7.5,230,2026-09-19 08:45:00,PT5M,89.792,100.0,100.0,71.5526,55.1365
572,571,593,172,31,0.15,52.4,7.5,230,2026-09-19 08:50:00,PT5M,90.478,100.0,100.0,72.2459,55.8365
587,587,597,175,31,0.15,51.9,7.5,230,2026-09-19 08:55:00,PT5M,91.121,100.0,100.0,72.9052,56.5105
603,602,601,179,31,0.15,51.4,7.5,230,2026-09-19 09:00:00,PT5M,91.725,100.0,100.0,73.5332,57.16
618,618,606,182,32,0.15,50.9,7.6,230,2026-09-19 09:05:00,PT5M,92.406,100.0,100.0,74.2513,57.9115
634,633,611,184,32,0.15,50.4,7.6,230,2026-09-19 09:10:00,PT5M,93.068,100.0,100.0,74.958,58.6585
649,648,616,187,32,0.15,49.9,7.6,230,2026-09-19 09:15:00,PT5M,93.695,100.0,100.0,75.6353,59.381
663,663,620,189,32,0.15,49.4,7.7,230,2026-09-19 09:20:00,PT5M,94.287,100.0,100.0,76.2626,60.04
678,677,625,191,32,0.15,48.9,7.7,230,2026-09-19 09:25:00,PT5M,94.849,100.0,100.0,76.9677,60.874
692,691,629,194,32,0.15,48.5,7.7,230,2026-09-19 09:30:00,PT5M,95.38,100.0,100.0,77.6924,61.773
706,705,634,195,32,0.15,48.0,7.8,230,2026-09-19 09:35:00,PT5M,95.951,100.0,100.0,78.4621,62.7215
720,719,640,197,33,0.15,47.5,7.8,231,2026-09-19 09:40:00,PT5M,96.561,100.0,100.0,79.2758,63.7185
733,732,645,198,33,0.15,47.1,7.8,231,2026-09-19 09:45:00,PT5M,97.094,100.0,100.0,80.0051,64.6245
746,745,649,199,33,0.15,46.6,7.8,231,2026-09-19 09:50:00,PT5M,97.587,100.0,100.0,80.6889,65.48
759,757,654,201,33,0.15,46.2,7.9,231,2026-09-19 09:55:00,PT5M,98.055,100.0,100.0,81.3434,66.3025
771,770,658,202,33,0.15,45.7,7.9,231,2026-09-19 10:00:00,PT5M,98.5,100.0,100.0,81.969,67.0905
783,781,662,203,33,0.15,45.3,7.9,231,2026-09-19 10:05:00,PT5M,98.92,100.0,100.0,82.5629,67.841
794,792,666,204,33,0.15,44.8,8.0,231,2026-09-19 10:10:00,PT5M,99.316,100.0,100.0,83.1278,68.558
805,803,669,205,34,0.15,44.4,8.0,231,2026-09-19 10:15:00,PT5M,99.688,100.0,100.0,83.6635,69.241
815,814,673,206,34,0.15,44.0,8.0,231,2026-09-19 10:20:00,PT5M,100.0,100.0,100.0,84.1339,69.854
825,823,676,207,34,0.15,43.5,8.1,231,2026-09-19 10:25:00,PT5M,100.0,100.0,100.0,84.2882,70.147
835,833,680,207,34,0.15,43.1,8.1,231,2026-09-19 10:30:00,PT5M,100.0,100.0,100.0,84.4376,70.431
844,842,683,208,34,0.15,42.7,8.1,231,2026-09-19 10:35:00,PT5M,100.0,100.0,100.0,84.5829,70.707
852,851,686,208,34,0.15,42.3,8.2,231,2026-09-19 10:40:00,PT5M,100.0,100.0,100.0,84.7234,70.974
861,859,689,209,34,0.15,41.9,8.2,232,2026-09-19 10:45:00,PT5M,100.0,100.0,100.0,84.8587,71.231
868,867,692,209,34,0.15,41.5,8.2,232,2026-09-19 10:50:00,PT5M,100.0,100.0,100.0,84.9866,71.474
876,874,694,210,35,0.15,41.1,8.2,232,2026-09-19 10:55:00,PT5M,100.0,100.0,100.0,85.1058,71.7005
882,881,697,210,35,0.15,40.7,8.3,232,2026-09-19 11:00:00,PT5M,100.0,100.0,100.0,85.2021,71.8835
889,887,699,210,35,0.15,40.3,8.3,232,2026-09-19 11:05:00,PT5M,100.0,100.0,100.0,85.3026,72.0745
895,892,701,210,35,0.15,39.9,8.3,232,2026-09-19 11:10:00,PT5M,100.0,100.0,100.0,85.4102,72.279
900,898,703,210,35,0.15,39.5,8.4,232,2026-09-19 11:15:00,PT5M,100.0,100.0,100.0,85.5102,72.469
905,902,705,210,35,0.15,39.2,8.4,232,2026-09-19 11:20:00,PT5M,100.0,100.0,100.0,85.5942,72.6285
909,907,707,210,35,0.15,38.8,8.4,232,2026-09-19 11:25:00,PT5M,100.0,100.0,100.0,85.6705,72.7735
913,910,709,210,36,0.15,38.4,8.5,232,2026-09-19 11:30:00,PT5M,100.0,100.0,100.0,85.7397,72.905
915,912,707,212,36,0.15,38.3,8.5,232,2026-09-19 11:35:00,PT5M,100.0,100.0,100.0,85.7458,72.9165
915,913,703,214,36,0.15,38.3,8.5,232,2026-09-19 11:40:00,PT5M,100.0,100.0,100.0,85.6868,72.8045
915,912,699,217,36,0.15,38.4,8.5,231,2026-09-19 11:45:00,PT5M,100.0,100.0,100.0,85.62,72.6775
914,912,695,220,36,0.15,38.4,8.5,231,2026-09-19 11:50:00,PT5M,100.0,100.0,100.0,85.5452,72.5355
912,910,690,223,36,0.15,38.5,8.5,231,2026-09-19 11:55:00,PT5M,100.0,100.0,100.0,85.4623,72.378
910,908,685,225,36,0.15,38.5,8.6,230,2026-09-19 12:00:00,PT5M,100.0,100.0,100.0,85.3708,72.204
908,906,680,228,36,0.15,38.6,8.6,230,2026-09-19 12:05:00,PT5M,100.0,100.0,100.0,85.2726,72.0175
905,902,674,231,35,0.15,38.6,8.6,230,2026-09-19 12:10:00,PT5M,100.0,100.0,100.0,85.1668,71.8165
901,899,669,234,35,0.15,38.7,8.6,230,2026-09-19 12:15:00,PT5M,100.0,100.0,100.0,85.0531,71.6005
896,894,662,237,35,0.15,38.7,8.6,229,2026-09-19 12:20:00,PT5M,100.0,100.0,100.0,84.9329,71.372
892,890,656,239,35,0.15,38.8,8.6,229,2026-09-19 12:25:00,PT5M,100.0,100.0,100.0,84.806,71.131
886,884,650,242,35,0.15,38.9,8.6,229,2026-09-19 12:30:00,PT5M,99.999,100.0,100.0,84.6724,70.878
880,878,642,245,35,0.15,38.9,8.6,228,2026-09-19 12:35:00,PT5M,99.609,100.0,100.0,84.1569,70.2495
872,870,633,249,35,0.15,39.0,8.7,228,2026-09-19 12:40:00,PT5M,99.139,100.0,100.0,83.5669,69.5515
864,863,624,252,35,0.15,39.0,8.7,228,2026-09-19 12:45:00,PT5M,98.647,100.0,100.0,82.9494,68.821
856,854,615,256,35,0.15,39.1,8.7,227,2026-09-19 12:50:00,PT5M,98.128,100.0,100.0,82.2919,68.039
847,845,606,259,35,0.15,39.1,8.7,227,2026-09-19 12:55:00,PT5M,97.583,100.0,100.0,81.6001,67.215
838,836,597,262,35,0.15,39.2,8.7,227,2026-09-19 13:00:00,PT5M,97.018,100.0,100.0,80.8943,66.3825
828,827,587,264,35,0.15,39.2,8.7,226,2026-09-19 13:05:00,PT5M,96.439,100.0,100.0,80.1837,65.5535
818,817,578,267,35,0.15,39.3,8.8,226,2026-09-19 13:10:00,PT5M,95.822,100.0,100.0,79.4141,64.6465
808,806,569,269,35,0.15,39.3,8.8,226,2026-09-19 13:15:00,PT5M,95.175,100.0,100.0,78.6076,63.6965
797,796,560,271,35,0.15,39.4,8.8,226,2026-09-19 13:20:00,PT5M,94.496,100.0,100.0,77.7636,62.704
786,785,550,273,35,0.15,39.5,8.8,225,2026-09-19 13:25:00,PT5M,93.788,100.0,100.0,76.8872,61.676
774,773,541,275,35,0.15,39.5,8.8,225,2026-09-19 13:30:00,PT5M,93.05,100.0,100.0,75.9776,60.612
763,761,531,276,35,0.15,39.6,8.8,225,2026-09-19 13:35:00,PT5M,92.327,100.0,100.0,75.0604,59.52
750,749,522,277,35,0.15,39.6,8.9,224,2026-09-19 13:40:00,PT5M,91.528,100.0,100.0,74.0451,58.31
738,737,513,278,35,0.15,39.7,8.9,224,2026-09-19 13:45:00,PT5M,90.703,100.0,100.0,73.0025,57.0715
725,724,503,279,35,0.15,39.7,8.9,224,2026-09-19 13:50:00,PT5M,89.846,100.0,100.0,71.9266,55.7985
712,711,494,279,35,0.15,39.8,8.9,224,2026-09-19 13:55:00,PT5M,88.956,100.0,100.0,70.816,54.4895
699,698,484,279,35,0.15,39.8,8.9,223,2026-09-19 14:00:00,PT5M,88.032,100.0,100.0,69.6699,53.1435
685,684,475,279,35,0.15,39.9,9.0,223,2026-09-19 14:05:00,PT5M,87.072,100.0,100.0,68.4857,51.7575
671,670,465,279,35,0.15,40.0,9.0,223,2026-09-19 14:10:00,PT5M,86.078,100.0,100.0,67.2654,50.3335
657,656,456,278,35,0.15,40.0,9.0,222,2026-09-19 14:15:00,PT5M,85.05,100.0,100.0,66.0106,48.8745
642,642,446,277,35,0.15,40.1,9.0,222,2026-09-19 14:20:00,PT5M,83.981,100.0,100.0,64.7142,47.3735
627,627,435,276,35,0.15,40.1,9.0,222,2026-09-19 14:25:00,PT5M,82.822,100.0,100.0,63.3247,45.7765
612,612,425,275,35,0.15,40.2,9.1,222,2026-09-19 14:30:00,PT5M,81.624,100.0,100.0,61.8967,44.1415
597,597,416,273,35,0.15,40.4,9.1,221,2026-09-19 14:35:00,PT5M,80.536,100.0,100.0,60.7334,42.9105
583,583,409,270,35,0.15,40.7,9.0,222,2026-09-19 14:40:00,PT5M,79.56,100.0,99.4076,59.7124,41.849
569,569,402,267,35,0.15,41.0,9.0,222,2026-09-19 14:45:00,PT5M,78.546,100.0,98.4109,58.6811,40.802
554,554,394,264,34,0.15,41.3,9.0,222,2026-09-19 14:50:00,PT5M,77.492,100.0,97.3867,57.5973,39.6915
540,540,387,260,34,0.15,41.6,9.0,222,2026-09-19 14:55:00,PT5M,76.397,100.0,96.3133,56.4807,38.5555
525,525,380,256,34,0.15,41.9,9.0,222,2026-09-19 15:00:00,PT5M,75.259,100.0,95.1879,55.3301,37.3935
510,510,372,252,34,0.15,42.3,8.9,222,2026-09-19 15:05:00,PT5M,74.142,100.0,94.0575,54.2265,36.302
494,495,364,249,34,0.15,42.6,8.9,222,2026-09-19 15:10:00,PT5M,72.921,100.0,92.7983,53.0437,35.1535
479,479,356,245,34,0.15,42.9,8.9,222,2026-09-19 15:15:00,PT5M,71.643,100.0,91.4685,51.8175,33.974
463,464,347,240,34,0.15,43.3,8.9,222,2026-09-19 15:20:00,PT5M,70.299,100.0,90.0581,50.5399,32.756
447,448,338,236,34,0.15,43.6,8.9,222,2026-09-19 15:25:00,PT5M,68.882,100.0,88.5585,49.2055,31.496
431,432,328,232,33,0.15,43.9,8.9,222,2026-09-19 15:30:00,PT5M,67.39,100.0,86.9713,47.8087,30.185
415,415,319,227,33,0.15,44.3,8.8,222,2026-09-19 15:35:00,PT5M,65.816,100.0,85.2794,46.3526,28.835
399,399,309,222,33,0.15,44.6,8.8,223,2026-09-19 15:40:00,PT5M,64.152,100.0,83.468,44.836,27.451
382,383,298,217,33,0.15,45.0,8.8,223,2026-09-19 15:45:00,PT5M,62.362,98.667,81.4696,43.2544,26.057
365,366,287,211,33,0.15,45.3,8.8,223,2026-09-19 15:50:00,PT5M,60.443,96.2595,79.2935,41.5925,24.6265
348,349,275,206,33,0.15,45.7,8.8,223,2026-09-19 15:55:00,PT5M,58.401,93.639,76.947,39.855,23.163
331,332,264,200,33,0.15,46.0,8.7,223,2026-09-19 16:00:00,PT5M,56.242,90.819,74.4401,38.0439,21.665
315,315,253,193,33,0.15,46.4,8.7,223,2026-09-19 16:05:00,PT5M,54.095,87.9955,71.9371,36.2529,20.1945
298,299,243,186,32,0.15,46.7,8.7,223,2026-09-19 16:10:00,PT5M,51.977,85.167,69.4451,34.5089,18.787
282,283,232,179,32,0.15,47.1,8.7,223,2026-09-19 16:15:00,PT5M,49.777,82.2345,66.8596,32.6944,17.3195
265,266,221,172,32,0.15,47.5,8.7,223,2026-09-19 16:20:00,PT5M,47.146,78.2905,63.5376,30.7544,16.0015
249,250,210,164,32,0.15,47.8,8.7,223,2026-09-19 16:25:00,PT5M,43.865,72.8475,59.1187,28.6113,14.8825
233,233,199,157,32,0.15,48.2,8.6,223,2026-09-19 16:30:00,PT5M,40.563,67.459,54.7186,26.4074,13.667
216,217,186,149,32,0.15,48.6,8.6,223,2026-09-19 16:35:00,PT5M,37.221,62.0625,50.2953,24.1467,12.3795
200,201,172,141,32,0.15,49.0,8.6,224,2026-09-19 16:40:00,PT5M,33.861,56.6845,45.8732,21.8488,11.0375
184,184,158,133,32,0.15,49.4,8.6,224,2026-09-19 16:45:00,PT5M,30.543,51.355,41.4965,19.5895,9.731
168,168,143,125,31,0.15,49.7,8.6,224,2026-09-19 16:50:00,PT5M,27.278,46.0965,37.1823,17.3737,8.4595
152,152,127,116,31,0.15,50.1,8.5,224,2026-09-19 16:55:00,PT5M,24.104,40.9605,32.9757,15.2323,7.2475
136,137,110,108,31,0.15,50.5,8.5,224,2026-09-19 17:00:00,PT5M,21.055,36.001,28.9212,13.1888,6.109
120,121,89,99,31,0.15,50.9,8.5,224,2026-09-19 17:05:00,PT5M,17.904,31.0355,24.8152,10.9928,4.7725
105,105,66,91,31,0.15,51.3,8.5,224,2026-09-19 17:10:00,PT5M,14.993,26.4075,21.0005,8.9855,3.5785
90,90,43,82,31,0.15,51.7,8.5,224,2026-09-19 17:15:00,PT5M,12.129,21.8755,17.2587,6.9993,2.3825
76,76,20,73,31,0.15,52.1,8.5,224,2026-09-19 17:20:00,PT5M,9.587,17.702,13.858,5.316,1.472
63,63,0,63,31,0.15,52.5,8.4,224,2026-09-19 17:25:00,PT5M,7.41,13.8995,10.8255,3.9945,0.9205
51,51,0,51,31,0.15,53.0,8.4,224,2026-09-19 17:30:00,PT5M,5.862,10.856,8.4904,3.2336,0.868
40,40,0,40,30,0.15,53.4,8.4,224,2026-09-19 17:35:00,PT5M,4.404,8.061,6.3287,2.4793,0.747
30,30,0,30,30,0.15,53.7,8.4,224,2026-09-19 17:40:00,PT5M,3.18,5.743,4.5289,1.8311,0.617
21,21,0,21,30,0.15,54.1,8.3,224,2026-09-19 17:45:00,PT5M,2.079,3.683,2.9232,1.2348,0.475
13,13,0,13,30,0.15,54.5,8.3,224,2026-09-19 17:50:00,PT5M,1.075,1.938,1.5292,0.6208,0.212
6,6,0,6,30,0.15,54.9,8.3,224,2026-09-19 17:55:00,PT5M,0.144,0.386,0.2714,0.0166,0.0
1,1,0,1,30,0.15,55.2,8.3,224,2026-09-19 18:00:00,PT5M,0.0,0.0,0.0,0.0,0.0
0,0,0,0,30,0.15,55.6,8.2,223,2026-09-19 18:05:00,PT5M,0.0,0.0,0.0,0.0,0.0
0,0,0,0,30,0.15,56.0,8.2,223,2026-09-19 18:10:00,PT5M,0.0,0.0,0.0,0.0,0.0
0,0,0,0,30,0.15,56.4,8.2,223,2026-09-19 18:15:00,PT5M,0.0,0.0,0.0,0.0,0.0
0,0,0,0,30,0.15,56.8,8.1,223,2026-09-19 18:20:00,PT5M,0.0,0.0,0.0,0.0,0.0
0,0,0,0,29,0.15,57.2,8.1,223,2026-09-19 18:25:00,PT5M,0.0,0.0,0.0,0.0,0.0
0,0,0,0,29,0.15,57.6,8.1,222,2026-09-19 18:30:00,PT5M,0.0,0.0,0.0,0.0,0.0
0,0,0,0,29,0.15,58.0,8.1,222,2026-09-19 18:35:00,PT5M,0.0,0.0,0.0,0.0,0.0
0,0,0,0,29,0.15,58.4,8.0,222,2026-09-19 18:40:00,PT5M,0.0,0.0,0.0,0.0,0.0
0,0,0,0,29,0.15,58.8,8.0,222,2026-09-19 18:45:00,PT5M,0.0,0.0,0.0,0.0,0.0
0,0,0,0,29,0.15,59.3,8.0,222,2026-09-19 18:50:00,PT5M,0.0,0.0,0.0,0.0,0.0
0,0,0,0,29,0.15,59.7,7.9,221,2026-09-19 18:55:00,PT5M,0.0,0.0,0.0,0.0,0.0
0,0,0,0,29,0.15,60.1,7.9,221,2026-09-19 19:00:00,PT5M,0.0,0.0,0.0,0.0,0.0
0,0,0,0,29,0.15,60.5,7.9,221,2026-09-19 19:05:00,PT5M,0.0,0.0,0.0,0.0,0.0
0,0,0,0,29,0.15,60.9,7.9,221,2026-09-19 19:10:00,PT5M,0.0,0.0,0.0,0.0,0.0
0,0,0,0,29,0.15,61.4,7.8,221,2026-09-19 19:15:00,PT5M,0.0,0.0,0.0,0.0,0.0
0,0,0,0,28,0.15,61.8,7.8,220,2026-09-19 19:20:00,PT5M,0.0,0.0,0.0,0.0,0.0
0,0,0,0,28,0.15,62.2,7.8,220,2026-09-19 19:25:00,PT5M,0.0,0.0,0.0,0.0,0.0
0,0,0,0,28,0.15,62.7,7.8,220,2026-09-19 19:30:00,PT5M,0.0,0.0,0.0,0.0,0.0
0,0,0,0,28,0.15,63.1,7.7,220,2026-09-19 19:35:00,PT5M,0.0,0.0,0.0,0.0,0.0
0,0,0,0,28,0.15,63.6,7.7,220,2026-09-19 19:40:00,PT5M,0.0,0.0,0.0,0.0,0.0
0,0,0,0,28,0.15,64.0,7.7,219,2026-09-19 19:45:00,PT5M,0.0,0.0,0.0,0.0,0.0
0,0,0,0,28,0.15,64.5,7.6,219,2026-09-19 19:50:00,PT5M,0.0,0.0,0.0,0.0,0.0
0,0,0,0,28,0.15,64.9,7.6,219,2026-09-19 19:55:00,PT5M,0.0,0.0,0.0,0.0,0.0
0,0,0,0,28,0.15,65.4,7.6,219,2026-09-19 20:00:00,PT5M,0.0,0.0,0.0,0.0,0.0
0,0,0,0,28,0.15,65.9,7.6,219,2026-09-19 20:05:00,PT5M,0.0,0.0,0.0,0.0,0.0
0,0,0,0,28,0.15,66.3,7.5,218,2026-09-19 20:10:00,PT5M,0.0,0.0,0.0,0.0,0.0
0,0,0,0,27,0.15,66.8,7.5,218,2026-09-19 20:15:00,PT5M,0.0,0.0,0.0,0.0,0.0
0,0,0,0,27,0.15,67.3,7.5,218,2026-09-19 20:20:00,PT5M,0.0,0.0,0.0,0.0,0.0
0,0,0,0,27,0.15,67.8,7.5,218,2026-09-19 20:25:00,PT5M,0.0,0.0,0.0,0.0,0.0
0,0,0,0,27,0.15,68.2,7.4,217,2026-09-19 20:30:00,PT5M,0.0,0.0,0.0,0.0,0.0
0,0,0,0,27,0.15,68.5,7.4,217,2026-09-19 20:35:00,PT5M,0.0,0.0,0.0,0.0,0.0
0,0,0,0,27,0.15,68.7,7.4,218,2026-09-19 20:40:00,PT5M,0.0,0.0,0.0,0.0,0.0
0,0,0,0,27,0.15,68.8,7.3,218,2026-09-19 20:45:00,PT5M,0.0,0.0,0.0,0.0,0.0
0,0,0,0,27,0.15,68.9,7.3,218,2026-09-19 20:50:00,PT5M,0.0,0.0,0.0,0.0,0.0
0,0,0,0,27,0.15,69.0,7.3,218,2026-09-19 20:55:00,PT5M,0.0,0.0,0.0,0.0,0.0
0,0,0,0,27,0.15,69.2,7.3,218,2026-09-19 21:00:00,PT5M,0.0,0.0,0.0,0.0,0.0
0,0,0,0,27,0.15,69.3,7.2,218,2026-09-19 21:05:00,PT5M,0.0,0.0,0.0,0.0,0.0
0,0,0,0,27,0.15,69.4,7.2,218,2026-09-19 21:10:00,PT5M,0.0,0.0,0.0,0.0,0.0
0,0,0,0,27,0.15,69.6,7.2,218,2026-09-19 21:15:00,PT5M,0.0,0.0,0.0,0.0,0.0
0,0,0,0,27,0.15,69.7,7.1,219,2026-09-19 21:20:00,PT5M,0.0,0.0,0.0,0.0,0.0
0,0,0,0,27,0.15,69.8,7.1,219,2026-09-19 21:25:00,PT5M,0.0,0.0,0.0,0.0,0.0
0,0,0,0,27,0.15,69.9,7.1,219,2026-09-19 21:30:00,PT5M,0.0,0.0,0.0,0.0,0.0
0,0,0,0,27,0.15,70.1,7.0,219,2026-09-19 21:35:00,PT5M,0.0,0.0,0.0,0.0,0.0
0,0,0,0,27,0.15,70.2,7.0,219,2026-09-19 21:40:00,PT5M,0.0,0.0,0.0,0.0,0.0
0,0,0,0,27,0.15,70.3,7.0,219,2026-09-19 21:45:00,PT5M,0.0,0.0,0.0,0.0,0.0
0,0,0,0,27,0.15,70.4,7.0,219,2026-09-19 21:50:00,PT5M,0.0,0.0,0.0,0.0,0.0
0,0,0,0,27,0.15,70.6,6.9,219,2026-09-19 21:55:00,PT5M,0.0,0.0,0.0,0.0,0.0
0,0,0,0,27,0.15,70.7,6.9,220,2026-09-19 22:00:00,PT5M,0.0,0.0,0.0,0.0,0.0
0,0,0,0,27,0.15,70.8,6.9,220,2026-09-19 22:05:00,PT5M,0.0,0.0,0.0,0.0,0.0
0,0,0,0,27,0.15,71.0,6.8,220,2026-09-19 22:10:00,PT5M,0.0,0.0,0.0,0.0,0.0
0,0,0,0,27,0.15,71.1,6.8,220,2026-09-19 22:15:00,PT5M,0.0,0.0,0.0,0.0,0.0
0,0,0,0,27,0.15,71.2,6.8,220,2026-09-19 22:20:00,PT5M,0.0,0.0,0.0,0.0,0.0
0,0,0,0,27,0.15,71.4,6.8,220,2026-09-19 22:25:00,PT5M,0.0,0.0,0.0,0.0,0.0
0,0,0,0,27,0.15,71.5,6.7,220,2026-09-19 22:30:00,PT5M,0.0,0.0,0.0,0.0,0.0
0,0,0,0,27,0.15,71.6,6.7,221,2026-09-19 22:35:00,PT5M,0.0,0.0,0.0,0.0,0.0
0,0,0,0,27,0.15,71.7,6.7,221,2026-09-19 22:40:00,PT5M,0.0,0.0,0.0,0.0,0.0
0,0,0,0,27,0.15,71.9,6.6,221,2026-09-19 22:45:00,PT5M,0.0,0.0,0.0,0.0,0.0
0,0,0,0,27,0.15,72.0,6.6,221,2026-09-19 22:50:00,PT5M,0.0,0.0,0.0,0.0,0.0
0,0,0,0,27,0.15,72.1,6.6,221,2026-09-19 22:55:00,PT5M,0.0,0.0,0.0,0.0,0.0
0,0,0,0,27,0.15,72.3,6.6,221,2026-09-19 23:00:00,PT5M,0.0,0.0,0.0,0.0,0.0
0,0,0,0,27,0.15,72.4,6.5,222,2026-09-19 23:05:00,PT5M,0.0,0.0,0.0,0.0,0.0
0,0,0,0,27,0.15,72.5,6.5,222,2026-09-19 23:10:00,PT5M,0.0,0.0,0.0,0.0,0.0
0,0,0,0,27,0.15,72.7,6.5,222,2026-09-19 23:15:00,PT5M,0.0,0.0,0.0,0.0,0.0
0,0,0,0,26,0.15,72.8,6.4,222,2026-09-19 23:20:00,PT5M,0.0,0.0,0.0,0.0,0.0
0,0,0,0,26,0.15,72.9,6.4,222,2026-09-19 23:25:00,PT5M,0.0,0.0,0.0,0.0,0.0
0,0,0,0,26,0.15,73.1,6.4,222,2026-09-19 23:30:00,PT5M,0.0,0.0,0.0,0.0,0.0
0,0,0,0,26,0.15,73.1,6.4,222,2026-09-19 23:35:00,PT5M,0.0,0.0,0.0,0.0,0.0
0,0,0,0,26,0.15,73.1,6.4,222,2026-09-19 23:40:00,PT5M,0.0,0.0,0.0,0.0,0.0
0,0,0,0,26,0.15,73.0,6.4,222,2026-09-19 23:45:00,PT5M,0.0,0.0,0.0,0.0,0.0
0,0,0,0,26,0.15,73.0,6.3,223,2026-09-19 23:50:00,PT5M,0.0,0.0,0.0,0.0,0.0
0,0,0,0,26,0.15,72.9,6.3,223,2026-09-19 23:55:00,PT5M,0.0,0.0,0.0,0.0,0.0
0,0,0,0,26,0.15,72.9,6.3,223,2026-09-20 00:00:00,PT5M,0.0,0.0,0.0,0.0,0.0
0,0,0,0,26,0.15,72.8,6.3,223,2026-09-20 00:05:00,PT5M,0.0,0.0,0.0,0.0,0.0
0,0,0,0,26,0.15,72.8,6.3,223,2026-09-20 00:10:00,PT5M,0.0,0.0,0.0,0.0,0.0
0,0,0,0,26,0.15,72.7,6.3,223,2026-09-20 00:15:00,PT5M,0.0,0.0,0.0,0.0,0.0
0,0,0,0,26,0.15,72.7,6.3,223,2026-09-20 00:20:00,PT5M,0.0,0.0,0.0,0.0,0.0
0,0,0,0,26,0.15,72.6,6.3,223,2026-09-20 00:25:00,PT5M,0.0,0.0,0.0,0.0,0.0
0,0,0,0,26,0.15,72.6,6.3,223,2026-09-20 00:30:00,PT5M,0.0,0.0,0.0,0.0,0.0
0,0,0,0,26,0.15,72.5,6.3,223,2026-09-20 00:35:00,PT5M,0.0,0.0,0.0,0.0,0.0
0,0,0,0,26,0.15,72.5,6.3,223,2026-09-20 00:40:00,PT5M,0.0,0.0,0.0,0.0,0.0
0,0,0,0,26,0.15,72.4,6.3,223,2026-09-20 00:45:00,PT5M,0.0,0.0,0.0,0.0,0.0
0,0,0,0,26,0.15,72.4,6.3,223,2026-09-20 00:50:00,PT5M,0.0,0.0,0.0,0.0,0.0
0,0,0,0,26,0.15,72.3,6.3,223,2026-09-20 00:55:00,PT5M,0.0,0.0,0.0,0.0,0.0
0,0,0,0,26,0.15,72.3,6.3,223,2026-09-20 01:00:00,PT5M,0.0,0.0,0.0,0.0,0.0
0,0,0,0,26,0.15,72.2,6.3,223,2026-09-20 01:05:00,PT5M,0.0,0.0,0.0,0.0,0.0
0,0,0,0,26,0.15,72.2,6.3,223,2026-09-20 01:10:00,PT5M,0.0,0.0,0.0,0.0,0.0
0,0,0,0,26,0.15,72.1,6.2,223,2026-09-20 01:15:00,PT5M,0.0,0.0,0.0,0.0,0.0
0,0,0,0,26,0.15,72.1,6.2,223,2026-09-20 01:20:00,PT5M,0.0,0.0,0.0,0.0,0.0
0,0,0,0,26,0.15,72.0,6.2,223,2026-09-20 01:25:00,PT5M,0.0,0.0,0.0,0.0,0.0
0,0,0,0,26,0.15,72.0,6.2,223,2026-09-20 01:30:00,PT5M,0.0,0.0,0.0,0.0,0.0
0,0,0,0,26,0.15,71.9,6.2,223,2026-09-20 01:35:00,PT5M,0.0,0.0,0.0,0.0,0.0
0,0,0,0,26,0.15,71.9,6.2,223,2026-09-20 01:40:00,PT5M,0.0,0.0,0.0,0.0,0.0
0,0,0,0,26,0.15,71.8,6.2,223,2026-09-20 01:45:00,PT5M,0.0,0.0,0.0,0.0,0.0
0,0,0,0,26,0.15,71.8,6.2,223,2026-09-20 01:50:00,PT5M,0.0,0.0,0.0,0.0,0.0
0,0,0,0,26,0.15,71.7,6.2,223,2026-09-20 01:55:00,PT5M,0.0,0.0,0.0,0.0,0.0
0,0,0,0,26,0.15,71.7,6.2,223,2026-09-20 02:00:00,PT5M,0.0,0.0,0.0,0.0,0.0
0,0,0,0,26,0.15,71.6,6.2,223,2026-09-20 02:05:00,PT5M,0.0,0.0,0.0,0.0,0.0
0,0,0,0,26,0.15,71.6,6.2,223,2026-09-20 02:10:00,PT5M,0.0,0.0,0.0,0.0,0.0
0,0,0,0,26,0.15,71.5,6.2,223,2026-09-20 02:15:00,PT5M,0.0,0.0,0.0,0.0,0.0
0,0,0,0,26,0.15,71.5,6.2,223,2026-09-20 02:20:00,PT5M,0.0,0.0,0.0,0.0,0.0
0,0,0,0,26,0.15,71.4,6.2,223,2026-09-20 02:25:00,PT5M,0.0,0.0,0.0,0.0,0.0
0,0,0,0,26,0.15,71.4,6.2,223,2026-09-20 02:30:00,PT5M,0.0,0.0,0.0,0.0,0.0
0,0,0,0,26,0.15,71.4,6.2,223,2026-09-20 02:35:00,PT5M,0.0,0.0,0.0,0.0,0.0
0,0,0,0,26,0.15,71.5,6.2,223,2026-09-20 02:40:00,PT5M,0.0,0.0,0.0,0.0,0.0
0,0,0,0,26,0.15,71.5,6.2,223,2026-09-20 02:45:00,PT5M,0.0,0.0,0.0,0.0,0.0
0,0,0,0,26,0.15,71.6,6.2,223,2026-09-20 02:50:00,PT5M,0.0,0.0,0.0,0.0,0.0
0,0,0,0,26,0.15,71.7,6.2,223,2026-09-20 02:55:00,PT5M,0.0,0.0,0.0,0.0,0.0
0,0,0,0,26,0.15,71.8,6.2,223,2026-09-20 03:00:00,PT5M,0.0,0.0,0.0,0.0,0.0
0,0,0,0,26,0.15,71.8,6.2,223,2026-09-20 03:05:00,PT5M,0.0,0.0,0.0,0.0,0.0
0,0,0,0,26,0.15,71.9,6.2,223,2026-09-20 03:10:00,PT5M,0.0,0.0,0.0,0.0,0.0
0,0,0,0,26,0.15,72.0,6.3,223,2026-09-20 03:15:00,PT5M,0.0,0.0,0.0,0.0,0.0
0,0,0,0,26,0.15,72.0,6.3,223,2026-09-20 03:20:00,PT5M,0.0,0.0,0.0,0.0,0.0
0,0,0,0,26,0.15,72.1,6.3,223,2026-09-20 03:25:00,PT5M,0.0,0.0,0.0,0.0,0.0
0,0,0,0,26,0.15,72.2,6.3,223,2026-09-20 03:30:00,PT5M,0.0,0.0,0.0,0.0,0.0
0,0,0,0,26,0.15,72.3,6.3,223,2026-09-20 03:35:00,PT5M,0.0,0.0,0.0,0.0,0.0
0,0,0,0,26,0.15,72.3,6.3,223,2026-09-20 03:40:00,PT5M,0.0,0.0,0.0,0.0,0.0
0,0,0,0,26,0.15,72.4,6.3,223,2026-09-20 03:45:00,PT5M,0.0,0.0,0.0,0.0,0.0
0,0,0,0,26,0.15,72.5,6.3,223,2026-09-20 03:50:00,PT5M,0.0,0.0,0.0,0.0,0.0
0,0,0,0,26,0.15,72.6,6.4,223,2026-09-20 03:55:00,PT5M,0.0,0.0,0.0,0.0,0.0
0,0,0,0,26,0.15,72.6,6.4,222,2026-09-20 04:00:00,PT5M,0.0,0.0,0.0,0.0,0.0
0,0,0,0,26,0.15,72.7,6.4,222,2026-09-20 04:05:00,PT5M,0.0,0.0,0.0,0.0,0.0
0,0,0,0,26,0.15,72.8,6.4,222,2026-09-20 04:10:00,PT5M,0.0,0.0,0.0,0.0,0.0
0,0,0,0,26,0.15,72.9,6.4,222,2026-09-20 04:15:00,PT5M,0.0,0.0,0.0,0.0,0.0
0,0,0,0,26,0.15,72.9,6.4,222,2026-09-20 04:20:00,PT5M,0.0,0.0,0.0,0.0,0.0
0,0,0,0,26,0.15,73.0,6.4,222,2026-09-20 04:25:00,PT5M,0.0,0.0,0.0,0.0,0.0
0,0,0,0,26,0.15,73.1,6.4,222,2026-09-20 04:30:00,PT5M,0.0,0.0,0.0,0.0,0.0
0,0,0,0,26,0.15,73.1,6.4,222,2026-09-20 04:35:00,PT5M,0.0,0.0,0.0,0.0,0.0
0,0,0,0,26,0.15,73.2,6.5,222,2026-09-20 04:40:00,PT5M,0.0,0.0,0.0,0.0,0.0
0,0,0,0,26,0.15,73.3,6.5,222,2026-09-20 04:45:00,PT5M,0.0,0.0,0.0,0.0,0.0
0,0,0,0,26,0.15,73.4,6.5,222,2026-09-20 04:50:00,PT5M,0.0,0.0,0.0,0.0,0.0
0,0,0,0,26,0.15,73.4,6.5,222,2026-09-20 04:55:00,PT5M,0.0,0.0,0.0,0.0,0.0
0,0,0,0,26,0.15,73.5,6.5,222,2026-09-20 05:00:00,PT5M,0.0,0.0,0.0,0.0,0.0
0,0,0,0,26,0.15,73.6,6.5,222,2026-09-20 05:05:00,PT5M,0.0,0.0,0.0,0.0,0.0
0,0,0,0,26,0.15,73.7,6.5,222,2026-09-20 05:10:00,PT5M,0.0,0.0,0.0,0.0,0.0
0,0,0,0,26,0.15,73.7,6.5,222,2026-09-20 05:15:00,PT5M,0.0,0.0,0.0,0.0,0.0
0,0,0,0,26,0.15,73.8,6.6,222,2026-09-20 05:20:00,PT5M,0.0,0.0,0.0,0.0,0.0
0,0,0,0,26,0.15,73.9,6.6,222,2026-09-20 05:25:00,PT5M,0.0,0.0,0.0,0.0,0.0
0,0,0,0,26,0.15,74.0,6.6,222,2026-09-20 05:30:00,PT5M,0.0,0.0,0.0,0.0,0.0
0,0,0,0,26,0.15,73.8,6.6,222,2026-09-20 05:35:00,PT5M,0.0,0.0,0.0,0.0,0.0
0,0,0,0,26,0.15,73.5,6.6,222,2026-09-20 05:40:00,PT5M,0.0,0.0,0.0,0.0,0.0
0,0,0,0,26,0.15,73.2,6.6,222,2026-09-20 05:45:00,PT5M,0.0,0.0,0.0,0.0,0.0
0,0,0,0,27,0.15,72.8,6.7,222,2026-09-20 05:50:00,PT5M,0.0,0.0,0.0,0.0,0.0
0,0,0,0,27,0.15,72.5,6.7,222,2026-09-20 05:55:00,PT5M,0.0,0.0,0.0,0.0,0.0
0,0,0,0,27,0.15,72.2,6.7,222,2026-09-20 06:00:00,PT5M,0.0,0.0,0.0,0.0,0.0
3,3,0,3,27,0.15,71.8,6.8,222,2026-09-20 06:05:00,PT5M,0.0,0.1825,0.0961,0.0,0.0
7,7,0,7,27,0.15,71.5,6.8,222,2026-09-20 06:10:00,PT5M,0.284,1.0675,0.6964,0.0,0.0
12,12,0,12,27,0.15,71.2,6.8,222,2026-09-20 06:15:00,PT5M,0.908,2.402,1.6943,0.1217,0.0
18,18,0,18,27,0.15,70.8,6.8,222,2026-09-20 06:20:00,PT5M,1.617,4.147,2.9486,0.2854,0.0
24,24,0,24,27,0.15,70.5,6.9,222,2026-09-20 06:25:00,PT5M,2.416,6.214,4.4149,0.4171,0.0
31,32,0,32,27,0.15,70.2,6.9,222,2026-09-20 06:30:00,PT5M,3.392,8.748,6.2109,0.5731,0.0
40,40,0,40,27,0.15,69.9,6.9,222,2026-09-20 06:35:00,PT5M,4.486,12.9355,8.933,0.039,0.0
49,49,0,49,27,0.15,69.6,6.9,222,2026-09-20 06:40:00,PT5M,5.614,16.0555,11.1094,0.1186,0.0
59,59,0,59,27,0.15,69.2,7.0,222,2026-09-20 06:45:00,PT5M,6.881,19.34,13.4383,0.3237,0.0
70,70,0,70,27,0.15,68.9,7.0,222,2026-09-20 06:50:00,PT5M,8.333,22.828,15.9618,0.7042,0.0
82,82,0,82,27,0.15,68.6,7.0,222,2026-09-20 06:55:00,PT5M,9.767,26.318,18.4779,1.0561,0.0
95,95,0,95,28,0.15,68.3,7.0,222,2026-09-20 07:00:00,PT5M,11.285,30.012,21.1412,1.4288,0.0
107,107,0,107,28,0.15,68.0,7.1,222,2026-09-20 07:05:00,PT5M,12.807,33.7245,23.816,1.798,0.0
120,120,0,120,28,0.15,67.7,7.1,222,2026-09-20 07:10:00,PT5M,14.382,37.4955,26.5468,2.2172,0.0
133,134,0,134,28,0.15,67.4,7.1,222,2026-09-20 07:15:00,PT5M,16.0,41.318,29.325,2.675,0.0
147,148,11,144,28,0.15,67.1,7.1,222,2026-09-20 07:20:00,PT5M,18.353,45.868,32.8343,3.8717,0.0
162,162,25,153,28,0.15,66.8,7.2,223,2026-09-20 07:25:00,PT5M,20.964,50.658,36.5922,5.3358,0.0
177,177,39,162,28,0.15,66.4,7.2,223,2026-09-20 07:30:00,PT5M,23.55,55.424,40.3255,6.7745,0.0
192,193,54,171,28,0.15,66.1,7.2,223,2026-09-20 07:35:00,PT5M,26.461,60.526,44.3897,8.5323,0.0
208,209,69,180,28,0.15,65.8,7.2,223,2026-09-20 07:40:00,PT5M,29.498,65.807,48.6077,10.3883,0.0
225,225,85,188,28,0.15,65.5,7.3,223,2026-09-20 07:45:00,PT5M,32.591,70.3495,52.4636,12.7184,0.0
242,243,101,196,28,0.15,65.3,7.3,223,2026-09-20 07:50:00,PT5M,35.708,74.1085,55.9185,15.4975,0.0
259,260,118,203,28,0.15,65.0,7.3,223,2026-09-20 07:55:00,PT5M,38.618,77.596,59.1324,18.1036,0.0
277,278,136,210,28,0.15,64.7,7.3,223,2026-09-20 08:00:00,PT5M,41.761,81.246,62.5422,20.9798,2.276
296,296,154,216,28,0.15,64.4,7.4,223,2026-09-20 08:05:00,PT5M,44.9,84.8085,65.9041,23.8959,4.9915
315,315,173,222,29,0.15,64.1,7.4,223,2026-09-20 08:10:00,PT5M,48.021,88.2465,69.192,26.85,7.7955
334,334,192,228,29,0.15,63.8,7.4,223,2026-09-20 08:15:00,PT5M,51.109,91.5525,72.3947,29.8233,10.6655
353,354,212,232,29,0.15,63.5,7.4,223,2026-09-20 08:20:00,PT5M,54.154,94.7125,75.5002,32.8078,13.5955
373,374,232,236,29,0.15,63.2,7.5,223,2026-09-20 08:25:00,PT5M,57.09,97.635,78.4291,35.7509,16.545
393,394,253,240,29,0.15,62.9,7.5,223,2026-09-20 08:30:00,PT5M,60.036,100.0,81.332,38.74,19.573
410,410,264,245,29,0.15,62.8,7.5,223,2026-09-20 08:35:00,PT5M,61.857,100.0,83.2009,40.5131,21.303
421,421,264,252,29,0.15,62.8,7.5,223,2026-09-20 08:40:00,PT5M,62.562,100.0,83.9932,41.1308,21.842
432,432,263,259,29,0.15,62.9,7.5,224,2026-09-20 08:45:00,PT5M,63.223,100.0,84.7326,41.7134,22.354
443,443,262,266,29,0.15,62.9,7.5,224,2026-09-20 08:50:00,PT5M,63.847,100.0,85.4285,42.2655,22.8415
453,453,261,273,29,0.15,62.9,7.5,225,2026-09-20 08:55:00,PT5M,64.442,100.0,86.0877,42.7963,23.3145
463,464,260,280,29,0.15,63.0,7.5,225,2026-09-20 09:00:00,PT5M,65.009,100.0,86.7044,43.3136,23.787
474,474,260,287,29,0.15,63.0,7.5,225,2026-09-20 09:05:00,PT5M,65.642,100.0,87.2282,44.0558,24.6275
484,484,259,293,29,0.15,63.0,7.5,226,2026-09-20 09:10:00,PT5M,66.258,100.0,87.7408,44.7752,25.44
493,493,259,300,29,0.15,63.1,7.5,226,2026-09-20 09:15:00,PT5M,66.848,100.0,88.2308,45.4652,26.22
503,503,258,306,29,0.15,63.1,7.6,227,2026-09-20 09:20:00,PT5M,67.411,100.0,88.6978,46.1242,26.9655
512,512,257,312,29,0.15,63.1,7.6,227,2026-09-20 09:25:00,PT5M,67.95,100.0,89.1441,46.7559,27.6805
520,520,256,318,29,0.15,63.1,7.6,227,2026-09-20 09:30:00,PT5M,68.465,100.0,89.5704,47.3596,28.364
529,529,255,324,29,0.15,63.2,7.6,228,2026-09-20 09:35:00,PT5M,69.02,100.0,90.0328,48.0072,29.095
538,538,256,329,29,0.15,63.2,7.6,228,2026-09-20 09:40:00,PT5M,69.613,100.0,90.5284,48.6976,29.873
546,546,255,334,29,0.15,63.2,7.6,229,2026-09-20 09:45:00,PT5M,70.143,100.0,90.9669,49.3191,30.577
554,554,254,340,29,0.15,63.3,7.6,229,2026-09-20 09:50:00,PT5M,70.639,100.0,91.375,49.903,31.24
561,561,254,345,29,0.15,63.3,7.6,229,2026-09-20 09:55:00,PT5M,71.112,100.0,91.7638,50.4602,31.873
568,568,253,350,29,0.15,63.3,7.6,230,2026-09-20 10:00:00,PT5M,71.559,100.0,92.1313,50.9867,32.471
575,575,252,355,29,0.15,63.4,7.6,230,2026-09-20 10:05:00,PT5M,71.978,100.0,92.4753,51.4807,33.0325
581,581,251,359,29,0.15,63.4,7.6,231,2026-09-20 10:10:00,PT5M,72.37,100.0,92.7962,51.9438,33.5595
587,587,250,364,29,0.15,63.4,7.7,231,2026-09-20 10:15:00,PT5M,72.738,100.0,93.0971,52.3789,34.055
593,593,248,368,29,0.15,63.5,7.7,231,2026-09-20 10:20:00,PT5M,73.081,100.0,93.3767,52.7853,34.5185
598,598,247,372,29,0.15,63.5,7.7,232,2026-09-20 10:25:00,PT5M,73.403,100.0,93.6385,53.1675,34.955
603,603,246,377,29,0.15,63.5,7.7,232,2026-09-20 10:30:00,PT5M,73.702,100.0,93.8804,53.5236,35.3625
608,608,245,380,29,0.15,63.6,7.7,233,2026-09-20 10:35:00,PT5M,73.978,100.0,94.1119,53.8441,35.723
612,612,243,384,29,0.15,63.6,7.7,233,2026-09-20 10:40:00,PT5M,74.23,100.0,94.332,54.128,36.0355
616,616,242,388,29,0.15,63.6,7.7,233,2026-09-20 10:45:00,PT5M,74.456,100.0,94.5301,54.3819,36.3145
619,619,240,391,29,0.15,63.7,7.7,234,2026-09-20 10:50:00,PT5M,74.651,100.0,94.7022,54.5998,36.553
622,622,238,394,29,0.15,63.7,7.8,234,2026-09-20 10:55:00,PT5M,74.811,100.0,94.8451,54.7769,36.7455
625,625,237,397,29,0.15,63.7,7.8,234,2026-09-20 11:00:00,PT5M,74.909,100.0,94.941,54.877,36.8475
628,627,235,400,29,0.15,63.8,7.8,235,2026-09-20 11:05:00,PT5M,75.0,100.0,95.0265,54.9735,36.949
629,629,232,403,29,0.15,63.8,7.8,235,2026-09-20 11:10:00,PT5M,75.084,100.0,95.1018,55.0662,37.0495
631,631,230,406,29,0.15,63.8,7.8,236,2026-09-20 11:15:00,PT5M,75.135,100.0,95.1494,55.1206,37.107
632,632,228,408,29,0.15,63.8,7.8,236,2026-09-20 11:20:00,PT5M,75.141,100.0,95.1617,55.1203,37.101
633,633,226,411,29,0.15,63.9,7.9,236,2026-09-20 11:25:00,PT5M,75.117,100.0,95.148,55.086,37.0575
633,633,223,413,29,0.15,63.9,7.9,237,2026-09-20 11:30:00,PT5M,75.064,100.0,95.1097,55.0183,36.9765
633,632,219,415,29,0.15,63.9,7.9,237,2026-09-20 11:35:00,PT5M,74.872,100.0,94.9554,54.7886,36.713
630,630,214,418,29,0.15,63.8,7.9,237,2026-09-20 11:40:00,PT5M,74.54,100.0,94.6849,54.3951,36.264
628,628,209,420,29,0.15,63.7,7.8,236,2026-09-20 11:45:00,PT5M,74.269,100.0,94.4795,54.0585,35.8685
624,624,204,422,29,0.15,63.6,7.8,236,2026-09-20 11:50:00,PT5M,73.889,100.0,94.1687,53.6093,35.357
621,621,198,424,29,0.15,63.5,7.8,236,2026-09-20 11:55:00,PT5M,73.476,100.0,93.8291,53.1229,34.8045
617,617,193,425,29,0.15,63.5,7.8,236,2026-09-20 12:00:00,PT5M,73.027,100.0,93.4572,52.5968,34.209
613,613,188,426,29,0.15,63.4,7.8,235,2026-09-20 12:05:00,PT5M,72.593,100.0,93.1037,52.0823,33.622
608,609,182,427,29,0.15,63.3,7.8,235,2026-09-20 12:10:00,PT5M,72.127,100.0,92.7214,51.5326,32.997
604,604,177,428,29,0.15,63.2,7.7,235,2026-09-20 12:15:00,PT5M,71.626,100.0,92.3072,50.9448,32.331
598,598,172,428,29,0.15,63.1,7.7,234,2026-09-20 12:20:00,PT5M,71.092,100.0,91.863,50.321,31.6265
593,593,167,428,29,0.15,63.0,7.7,234,2026-09-20 12:25:00,PT5M,70.524,100.0,91.3876,49.6604,30.8825
587,587,162,428,29,0.15,62.9,7.7,234,2026-09-20 12:30:00,PT5M,69.923,100.0,90.8819,48.9641,30.1005
580,580,156,427,29,0.15,62.9,7.7,234,2026-09-20 12:35:00,PT5M,69.239,100.0,90.2947,48.1833,29.2325
573,573,149,427,29,0.15,62.8,7.7,233,2026-09-20 12:40:00,PT5M,68.469,100.0,89.6239,47.3141,28.274
565,566,143,426,29,0.15,62.7,7.6,233,2026-09-20 12:45:00,PT5M,67.666,100.0,88.9222,46.4098,27.2785
557,558,137,424,29,0.15,62.6,7.6,233,2026-09-20 12:50:00,PT5M,66.807,100.0,88.1709,45.4431,26.215
549,550,131,423,29,0.15,62.5,7.6,233,2026-09-20 12:55:00,PT5M,65.909,100.0,87.3831,44.4349,25.1075
541,541,125,421,29,0.15,62.4,7.6,232,2026-09-20 13:00:00,PT5M,65.015,100.0,86.5946,43.4354,24.013
532,533,119,419,29,0.15,62.3,7.6,232,2026-09-20 13:05:00,PT5M,64.127,100.0,85.8074,42.4466,22.9335
523,524,113,417,29,0.15,62.3,7.6,232,2026-09-20 13:10:00,PT5M,63.158,100.0,84.9484,41.3676,21.7555
515,515,107,414,29,0.15,62.2,7.6,232,2026-09-20 13:15:00,PT5M,62.149,100.0,84.0521,40.2459,20.5325
505,506,101,411,29,0.15,62.1,7.5,231,2026-09-20 13:20:00,PT5M,61.104,100.0,83.1213,39.0867,19.2705
496,497,96,408,29,0.15,62.0,7.5,231,2026-09-20 13:25:00,PT5M,60.048,100.0,82.1797,37.9163,17.997
487,487,90,404,29,0.15,61.9,7.5,231,2026-09-20 13:30:00,PT5M,58.952,100.0,81.1985,36.7055,16.683
477,478,85,401,29,0.15,61.8,7.5,230,2026-09-20 13:35:00,PT5M,57.884,100.0,80.2452,35.5228,15.397
468,469,81,396,29,0.15,61.8,7.5,230,2026-09-20 13:40:00,PT5M,56.843,99.5475,79.3187,34.3673,14.1385
459,460,76,392,29,0.15,61.7,7.5,230,2026-09-20 13:45:00,PT5M,55.779,98.7015,78.3694,33.1886,12.8565
450,451,72,388,29,0.15,61.6,7.5,230,2026-09-20 13:50:00,PT5M,54.687,97.827,77.3919,31.9821,11.547
441,442,67,383,29,0.15,61.5,7.4,229,2026-09-20 13:55:00,PT5M,53.566,96.924,76.3856,30.7464,10.208
431,432,63,378,29,0.15,61.4,7.4,229,2026-09-20 14:00:00,PT5M,52.417,95.993,75.3514,29.4826,8.841
422,422,58,373,29,0.15,61.3,7.4,229,2026-09-20 14:05:00,PT5M,51.227,95.0225,74.2769,28.1771,7.4315
412,413,54,368,29,0.15,61.3,7.4,228,2026-09-20 14:10:00,PT5M,49.996,94.012,73.1619,26.8301,5.98
402,403,49,362,29,0.15,61.2,7.4,228,2026-09-20 14:15:00,PT5M,48.738,92.973,72.0192,25.4568,4.503
392,393,44,356,29,0.15,61.1,7.4,228,2026-09-20 14:20:00,PT5M,47.447,91.9005,70.8432,24.0508,2.9935
381,382,39,350,29,0.15,61.0,7.4,228,2026-09-20 14:25:00,PT5M,46.106,90.7895,69.6232,22.5888,1.4225
371,372,35,344,29,0.15,60.9,7.4,227,2026-09-20 14:30:00,PT5M,44.74,89.657,68.3801,21.0999,0.0
362,363,32,338,29,0.15,61.1,7.3,227,2026-09-20 14:35:00,PT5M,43.655,88.7295,67.378,19.932,0.0
356,356,32,332,29,0.15,61.4,7.3,227,2026-09-20 14:40:00,PT5M,42.847,88.0105,66.6169,19.0771,0.0
349,349,31,326,29,0.15,61.8,7.3,227,2026-09-20 14:45:00,PT5M,42.01,87.267,65.8291,18.1909,0.0
341,342,30,320,29,0.15,62.1,7.3,227,2026-09-20 14:50:00,PT5M,41.142,86.496,65.0121,17.2719,0.0
334,335,29,314,28,0.15,62.5,7.3,227,2026-09-20 14:55:00,PT5M,40.647,86.0925,64.5653,16.7287,0.0
326,327,28,307,28,0.15,62.8,7.2,227,2026-09-20 15:00:00,PT5M,39.724,84.947,63.5252,15.9228,0.0
319,320,28,301,28,0.15,63.2,7.2,227,2026-09-20 15:05:00,PT5M,38.797,83.7625,62.4627,15.1313,0.0
311,312,26,294,28,0.15,63.5,7.2,227,2026-09-20 15:10:00,PT5M,37.81,82.426,61.2917,14.3283,0.0
303,304,25,287,28,0.15,63.9,7.2,227,2026-09-20 15:15:00,PT5M,36.785,81.083,60.0994,13.4706,0.0
294,295,23,280,28,0.15,64.3,7.2,227,2026-09-20 15:20:00,PT5M,35.712,79.668,58.8464,12.5776,0.0
286,287,21,273,28,0.15,64.6,7.1,226,2026-09-20 15:25:00,PT5M,34.587,78.173,57.5266,11.6474,0.0
277,278,19,266,28,0.15,65.0,7.1,226,2026-09-20 15:30:00,PT5M,33.419,76.6,56.1455,10.6925,0.0
268,269,17,258,28,0.15,65.4,7.1,226,2026-09-20 15:35:00,PT5M,32.206,74.924,54.6888,9.7232,0.0
259,260,15,251,28,0.15,65.8,7.1,226,2026-09-20 15:40:00,PT5M,30.954,73.142,53.1578,8.7502,0.0
249,250,13,243,28,0.15,66.1,7.0,226,2026-09-20 15:45:00,PT5M,29.708,71.2645,51.5795,7.8365,0.0
240,240,10,235,28,0.15,66.5,7.0,226,2026-09-20 15:50:00,PT5M,28.419,69.259,49.9134,6.9246,0.0
230,231,7,227,27,0.15,66.9,7.0,226,2026-09-20 15:55:00,PT5M,27.085,67.1255,48.1586,6.0114,0.0
220,221,4,219,27,0.15,67.3,7.0,226,2026-09-20 16:00:00,PT5M,25.699,64.866,46.3129,5.0851,0.0
210,211,1,210,27,0.15,67.7,7.0,226,2026-09-20 16:05:00,PT5M,24.334,62.6175,44.4829,4.1851,0.0
200,201,0,201,27,0.15,68.1,6.9,226,2026-09-20 16:10:00,PT5M,23.089,60.492,42.7745,3.4035,0.0
190,191,0,191,27,0.15,68.4,6.9,226,2026-09-20 16:15:00,PT5M,21.916,58.394,41.1146,2.7174,0.0
180,181,0,181,27,0.15,68.8,6.9,226,2026-09-20 16:20:00,PT5M,20.947,55.765,39.272,2.622,0.0
170,170,0,170,27,0.15,69.2,6.9,226,2026-09-20 16:25:00,PT5M,20.024,52.466,37.0985,2.9495,0.0
160,160,0,160,27,0.15,69.6,6.8,225,2026-09-20 16:30:00,PT5M,18.975,49.1,34.83,3.12,0.0
150,150,0,150,27,0.15,70.0,6.8,225,2026-09-20 16:35:00,PT5M,17.873,45.671,32.5033,3.2427,0.0
139,140,0,140,27,0.15,70.4,6.8,225,2026-09-20 16:40:00,PT5M,16.739,42.2955,30.1896,3.2884,0.0
129,130,0,130,27,0.15,70.9,6.8,225,2026-09-20 16:45:00,PT5M,15.552,38.875,27.8271,3.2769,0.0
119,119,0,119,27,0.15,71.3,6.8,225,2026-09-20 16:50:00,PT5M,14.319,35.4295,25.4296,3.2084,0.0
109,109,0,109,26,0.15,71.7,6.7,225,2026-09-20 16:55:00,PT5M,13.067,32.0005,23.0318,3.1022,0.0
98,99,0,99,26,0.15,72.1,6.7,225,2026-09-20 17:00:00,PT5M,11.815,28.6315,20.6656,2.9644,0.0
88,88,0,88,26,0.15,72.5,6.7,225,2026-09-20 17:05:00,PT5M,10.508,25.298,18.2921,2.7239,0.0
77,77,0,77,26,0.15,72.9,6.7,225,2026-09-20 17:10:00,PT5M,9.218,22.0725,15.9834,2.4526,0.0
67,67,0,67,26,0.15,73.4,6.7,225,2026-09-20 17:15:00,PT5M,7.846,18.8125,13.6177,2.0743,0.0
57,57,0,57,26,0.15,73.8,6.6,225,2026-09-20 17:20:00,PT5M,6.611,15.7295,11.4101,1.8119,0.0
47,47,0,47,26,0.15,74.2,6.6,225,2026-09-20 17:25:00,PT5M,5.467,12.784,9.318,1.616,0.0
38,38,0,38,26,0.15,74.6,6.6,224,2026-09-20 17:30:00,PT5M,4.302,9.915,7.2562,1.3478,0.0
30,30,0,30,26,0.15,75.0,6.6,224,2026-09-20 17:35:00,PT5M,3.191,7.261,5.3331,1.0489,0.0
22,22,0,22,26,0.15,75.3,6.5,225,2026-09-20 17:40:00,PT5M,2.237,5.0695,3.7278,0.7462,0.0
15,15,0,15,26,0.15,75.6,6.5,225,2026-09-20 17:45:00,PT5M,1.373,3.0475,2.2543,0.4917,0.0
10,10,0,10,26,0.15,75.9,6.4,225,2026-09-20 17:50:00,PT5M,0.591,1.4235,1.0292,0.1528,0.0
4,4,0,4,26,0.15,76.2,6.4,225,2026-09-20 17:55:00,PT5M,0.0,0.1945,0.1024,0.0,0.0
0,0,0,0,26,0.15,76.4,6.3,225,2026-09-20 18:00:00,PT5M,0.0,0.0,0.0,0.0,0.0
0,0,0,0,26,0.15,76.7,6.3,225,2026-09-20 18:05:00,PT5M,0.0,0.0,0.0,0.0,0.0
0,0,0,0,26,0.15,77.0,6.2,225,2026-09-20 18:10:00,PT5M,0.0,0.0,0.0,0.0,0.0
0,0,0,0,25,0.15,77.3,6.2,225,2026-09-20 18:15:00,PT5M,0.0,0.0,0.0,0.0,0.0
0,0,0,0,25,0.15,77.6,6.1,225,2026-09-20 18:20:00,PT5M,0.0,0.0,0.0,0.0,0.0
0,0,0,0,25,0.15,77.9,6.1,225,2026-09-20 18:25:00,PT5M,0.0,0.0,0.0,0.0,0.0
0,0,0,0,25,0.15,78.2,6.0,225,2026-09-20 18:30:00,PT5M,0.0,0.0,0.0,0.0,0.0
0,0,0,0,25,0.15,78.5,6.0,226,2026-09-20 18:35:00,PT5M,0.0,0.0,0.0,0.0,0.0
0,0,0,0,25,0.15,78.8,5.9,226,2026-09-20 18:40:00,PT5M,0.0,0.0,0.0,0.0,0.0
0,0,0,0,25,0.15,79.1,5.9,226,2026-09-20 18:45:00,PT5M,0.0,0.0,0.0,0.0,0.0
0,0,0,0,25,0.15,79.4,5.8,226,2026-09-20 18:50:00,PT5M,0.0,0.0,0.0,0.0,0.0
0,0,0,0,25,0.15,79.7,5.8,226,2026-09-20 18:55:00,PT5M,0.0,0.0,0.0,0.0,0.0
0,0,0,0,25,0.15,80.0,5.7,226,2026-09-20 19:00:00,PT5M,0.0,0.0,0.0,0.0,0.0
0,0,0,0,25,0.15,80.4,5.7,226,2026-09-20 19:05:00,PT5M,0.0,0.0,0.0,0.0,0.0
0,0,0,0,25,0.15,80.7,5.6,226,2026-09-20 19:10:00,PT5M,0.0,0.0,0.0,0.0,0.0
0,0,0,0,25,0.15,81.0,5.6,226,2026-09-20 19:15:00,PT5M,0.0,0.0,0.0,0.0,0.0
0,0,0,0,25,0.15,81.3,5.5,226,2026-09-20 19:20:00,PT5M,0.0,0.0,0.0,0.0,0.0
0,0,0,0,25,0.15,81.6,5.5,227,2026-09-20 19:25:00,PT5M,0.0,0.0,0.0,0.0,0.0
0,0,0,0,25,0.15,81.9,5.4,227,2026-09-20 19:30:00,PT5M,0.0,0.0,0.0,0.0,0.0
0,0,0,0,25,0.15,82.2,5.4,227,2026-09-20 19:35:00,PT5M,0.0,0.0,0.0,0.0,0.0
0,0,0,0,25,0.15,82.5,5.3,227,2026-09-20 19:40:00,PT5M,0.0,0.0,0.0,0.0,0.0
0,0,0,0,25,0.15,82.9,5.3,227,2026-09-20 19:45:00,PT5M,0.0,0.0,0.0,0.0,0.0
0,0,0,0,25,0.15,83.2,5.2,227,2026-09-20 19:50:00,PT5M,0.0,0.0,0.0,0.0,0.0
0,0,0,0,25,0.15,83.5,5.2,227,2026-09-20 19:55:00,PT5M,0.0,0.0,0.0,0.0,0.0
0,0,0,0,25,0.15,83.8,5.1,227,2026-09-20 20:00:00,PT5M,0.0,0.0,0.0,0.0,0.0
0,0,0,0,24,0.15,84.2,5.1,228,2026-09-20 20:05:00,PT5M,0.0,0.0,0.0,0.0,0.0
0,0,0,0,24,0.15,84.5,5.0,228,2026-09-20 20:10:00,PT5M,0.0,0.0,0.0,0.0,0.0
0,0,0,0,24,0.15,84.8,5.0,228,2026-09-20 20:15:00,PT5M,0.0,0.0,0.0,0.0,0.0
0,0,0,0,24,0.15,85.1,4.9,228,2026-09-20 20:20:00,PT5M,0.0,0.0,0.0,0.0,0.0
0,0,0,0,24,0.15,85.5,4.9,228,2026-09-20 20:25:00,PT5M,0.0,0.0,0.0,0.0,0.0
0,0,0,0,24,0.15,85.8,4.8,228,2026-09-20 20:30:00,PT5M,0.0,0.0,0.0,0.0,0.0
0,0,0,0,24,0.15,85.9,4.8,228,2026-09-20 20:35:00,PT5M,0.0,0.0,0.0,0.0,0.0
0,0,0,0,24,0.15,85.9,4.7,228,2026-09-20 20:40:00,PT5M,0.0,0.0,0.0,0.0,0.0
0,0,0,0,24,0.15,85.9,4.7,228,2026-09-20 20:45:00,PT5M,0.0,0.0,0.0,0.0,0.0
0,0,0,0,24,0.15,85.9,4.7,228,2026-09-20 20:50:00,PT5M,0.0,0.0,0.0,0.0,0.0
0,0,0,0,24,0.15,85.8,4.6,228,2026-09-20 20:55:00,PT5M,0.0,0.0,0.0,0.0,0.0
0,0,0,0,24,0.15,85.8,4.6,228,2026-09-20 21:00:00,PT5M,0.0,0.0,0.0,0.0,0.0
0,0,0,0,24,0.15,85.8,4.5,228,2026-09-20 21:05:00,PT5M,0.0,0.0,0.0,0.0,0.0
0,0,0,0,24,0.15,85.7,4.5,228,2026-09-20 21:10:00,PT5M,0.0,0.0,0.0,0.0,0.0
0,0,0,0,24,0.15,85.7,4.4,228,2026-09-20 21:15:00,PT5M,0.0,0.0,0.0,0.0,0.0
0,0,0,0,24,0.15,85.7,4.4,228,2026-09-20 21:20:00,PT5M,0.0,0.0,0.0,0.0,0.0
0,0,0,0,24,0.15,85.7,4.3,228,2026-09-20 21:25:00,PT5M,0.0,0.0,0.0,0.0,0.0
0,0,0,0,24,0.15,85.6,4.3,228,2026-09-20 21:30:00,PT5M,0.0,0.0,0.0,0.0,0.0
0,0,0,0,24,0.15,85.6,4.3,228,2026-09-20 21:35:00,PT5M,0.0,0.0,0.0,0.0,0.0
0,0,0,0,24,0.15,85.6,4.2,228,2026-09-20 21:40:00,PT5M,0.0,0.0,0.0,0.0,0.0
0,0,0,0,24,0.15,85.5,4.2,229,2026-09-20 21:45:00,PT5M,0.0,0.0,0.0,0.0,0.0
0,0,0,0,24,0.15,85.5,4.1,229,2026-09-20 21:50:00,PT5M,0.0,0.0,0.0,0.0,0.0
0,0,0,0,24,0.15,85.5,4.1,229,2026-09-20 21:55:00,PT5M,0.0,0.0,0.0,0.0,0.0
0,0,0,0,24,0.15,85.5,4.0,229,2026-09-20 22:00:00,PT5M,0.0,0.0,0.0,0.0,0.0
0,0,0,0,24,0.15,85.4,4.0,229,2026-09-20 22:05:00,PT5M,0.0,0.0,0.0,0.0,0.0
0,0,0,0,24,0.15,85.4,3.9,229,2026-09-20 22:10:00,PT5M,0.0,0.0,0.0,0.0,0.0
0,0,0,0,24,0.15,85.4,3.9,229,2026-09-20 22:15:00,PT5M,0.0,0.0,0.0,0.0,0.0
0,0,0,0,24,0.15,85.3,3.8,229,2026-09-20 22:20:00,PT5M,0.0,0.0,0.0,0.0,0.0
0,0,0,0,24,0.15,85.3,3.8,229,2026-09-20 22:25:00,PT5M,0.0,0.0,0.0,0.0,0.0
0,0,0,0,24,0.15,85.3,3.8,229,2026-09-20 22:30:00,PT5M,0.0,0.0,0.0,0.0,0.0
0,0,0,0,24,0.15,85.3,3.7,229,2026-09-20 22:35:00,PT5M,0.0,0.0,0.0,0.0,0.0
0,0,0,0,24,0.15,85.2,3.7,229,2026-09-20 22:40:00,PT5M,0.0,0.0,0.0,0.0,0.0
0,0,0,0,24,0.15,85.2,3.6,229,2026-09-20 22:45:00,PT5M,0.0,0.0,0.0,0.0,0.0
0,0,0,0,24,0.15,85.2,3.6,229,2026-09-20 22:50:00,PT5M,0.0,0.0,0.0,0.0,0.0
0,0,0,0,24,0.15,85.1,3.5,229,2026-09-20 22:55:00,PT5M,0.0,0.0,0.0,0.0,0.0
0,0,0,0,24,0.15,85.1,3.5,229,2026-09-20 23:00:00,PT5M,0.0,0.0,0.0,0.0,0.0
0,0,0,0,24,0.15,85.1,3.4,229,2026-09-20 23:05:00,PT5M,0.0,0.0,0.0,0.0,0.0
0,0,0,0,24,0.15,85.1,3.4,229,2026-09-20 23:10:00,PT5M,0.0,0.0,0.0,0.0,0.0
0,0,0,0,24,0.15,85.0,3.3,229,2026-09-20 23:15:00,PT5M,0.0,0.0,0.0,0.0,0.0
0,0,0,0,24,0.15,85.0,3.3,229,2026-09-20 23:20:00,PT5M,0.0,0.0,0.0,0.0,0.0
0,0,0,0,24,0.15,85.0,3.3,229,2026-09-20 23:25:00,PT5M,0.0,0.0,0.0,0.0,0.0
0,0,0,0,24,0.15,84.9,3.2,229,2026-09-20 23:30:00,PT5M,0.0,0.0,0.0,0.0,0.0
0,0,0,0,24,0.15,84.9,3.2,229,2026-09-20 23:35:00,PT5M,0.0,0.0,0.0,0.0,0.0
0,0,0,0,24,0.15,84.7,3.2,228,2026-09-20 23:40:00,PT5M,0.0,0.0,0.0,0.0,0.0
0,0,0,0,24,0.15,84.5,3.3,228,2026-09-20 23:45:00,PT5M,0.0,0.0,0.0,0.0,0.0
0,0,0,0,24,0.15,84.4,3.3,228,2026-09-20 23:50:00,PT5M,0.0,0.0,0.0,0.0,0.0
0,0,0,0,24,0.15,84.2,3.4,228,2026-09-20 23:55:00,PT5M,0.0,0.0,0.0,0.0,0.0
0,0,0,0,24,0.15,84.1,3.4,227,2026-09-21 00:00:00,PT5M,0.0,0.0,0.0,0.0,0.0
0,0,0,0,25,0.15,83.9,3.5,227,2026-09-21 00:05:00,PT5M,0.0,0.0,0.0,0.0,0.0
0,0,0,0,25,0.15,83.8,3.5,227,2026-09-21 00:10:00,PT5M,0.0,0.0,0.0,0.0,0.0
0,0,0,0,25,0.15,83.6,3.5,227,2026-09-21 00:15:00,PT5M,0.0,0.0,0.0,0.0,0.0
0,0,0,0,25,0.15,83.4,3.6,226,2026-09-21 00:20:00,PT5M,0.0,0.0,0.0,0.0,0.0
0,0,0,0,25,0.15,83.3,3.6,226,2026-09-21 00:25:00,PT5M,0.0,0.0,0.0,0.0,0.0
0,0,0,0,25,0.15,83.1,3.7,226,2026-09-21 00:30:00,PT5M,0.0,0.0,0.0,0.0,0.0
0,0,0,0,25,0.14,83.0,3.7,226,2026-09-21 00:35:00,PT5M,0.0,0.0,0.0,0.0,0.0
0,0,0,0,25,0.14,82.8,3.7,225,2026-09-21 00:40:00,PT5M,0.0,0.0,0.0,0.0,0.0
0,0,0,0,25,0.14,82.7,3.8,225,2026-09-21 00:45:00,PT5M,0.0,0.0,0.0,0.0,0.0
0,0,0,0,25,0.14,82.5,3.8,225,2026-09-21 00:50:00,PT5M,0.0,0.0,0.0,0.0,0.0
0,0,0,0,25,0.14,82.4,3.9,225,2026-09-21 00:55:00,PT5M,0.0,0.0,0.0,0.0,0.0
0,0,0,0,25,0.14,82.2,3.9,225,2026-09-21 01:00:00,PT5M,0.0,0.0,0.0,0.0,0.0
0,0,0,0,25,0.14,82.1,3.9,224,2026-09-21 01:05:00,PT5M,0.0,0.0,0.0,0.0,0.0
0,0,0,0,25,0.14,81.9,4.0,224,2026-09-21 01:10:00,PT5M,0.0,0.0,0.0,0.0,0.0
0,0,0,0,25,0.14,81.8,4.0,224,2026-09-21 01:15:00,PT5M,0.0,0.0,0.0,0.0,0.0
0,0,0,0,25,0.14,81.6,4.1,224,2026-09-21 01:20:00,PT5M,0.0,0.0,0.0,0.0,0.0
0,0,0,0,25,0.14,81.4,4.1,224,2026-09-21 01:25:00,PT5M,0.0,0.0,0.0,0.0,0.0
0,0,0,0,25,0.14,81.3,4.2,223,2026-09-21 01:30:00,PT5M,0.0,0.0,0.0,0.0,0.0
0,0,0,0,25,0.14,81.1,4.2,223,2026-09-21 01:35:00,PT5M,0.0,0.0,0.0,0.0,0.0
0,0,0,0,25,0.14,81.0,4.2,223,2026-09-21 01:40:00,PT5M,0.0,0.0,0.0,0.0,0.0
0,0,0,0,25,0.14,80.8,4.3,223,2026-09-21 01:45:00,PT5M,0.0,0.0,0.0,0.0,0.0
0,0,0,0,25,0.14,80.7,4.3,223,2026-09-21 01:50:00,PT5M,0.0,0.0,0.0,0.0,0.0
0,0,0,0,25,0.14,80.5,4.4,223,2026-09-21 01:55:00,PT5M,0.0,0.0,0.0,0.0,0.0
0,0,0,0,25,0.14,80.4,4.4,222,2026-09-21 02:00:00,PT5M,0.0,0.0,0.0,0.0,0.0
0,0,0,0,25,0.14,80.2,4.4,222,2026-09-21 02:05:00,PT5M,0.0,0.0,0.0,0.0,0.0
0,0,0,0,25,0.14,80.1,4.5,222,2026-09-21 02:10:00,PT5M,0.0,0.0,0.0,0.0,0.0
0,0,0,0,25,0.14,79.9,4.5,222,2026-09-21 02:15:00,PT5M,0.0,0.0,0.0,0.0,0.0
0,0,0,0,25,0.14,79.8,4.6,222,2026-09-21 02:20:00,PT5M,0.0,0.0,0.0,0.0,0.0
0,0,0,0,25,0.14,79.6,4.6,222,2026-09-21 02:25:00,PT5M,0.0,0.0,0.0,0.0,0.0
0,0,0,0,25,0.14,79.5,4.7,222,2026-09-21 02:30:00,PT5M,0.0,0.0,0.0,0.0,0.0
0,0,0,0,25,0.14,79.4,4.7,222,2026-09-21 02:35:00,PT5M,0.0,0.0,0.0,0.0,0.0
0,0,0,0,25,0.14,79.4,4.6,222,2026-09-21 02:40:00,PT5M,0.0,0.0,0.0,0.0,0.0
0,0,0,0,25,0.14,79.4,4.6,222,2026-09-21 02:45:00,PT5M,0.0,0.0,0.0,0.0,0.0
0,0,0,0,25,0.14,79.3,4.6,222,2026-09-21 02:50:00,PT5M,0.0,0.0,0.0,0.0,0.0
0,0,0,0,25,0.14,79.3,4.6,222,2026-09-21 02:55:00,PT5M,0.0,0.0,0.0,0.0,0.0
0,0,0,0,25,0.14,79.3,4.6,222,2026-09-21 03:00:00,PT5M,0.0,0.0,0.0,0.0,0.0
0,0,0,0,25,0.14,79.3,4.6,223,2026-09-21 03:05:00,PT5M,0.0,0.0,0.0,0.0,0.0
0,0,0,0,25,0.14,79.2,4.5,223,2026-09-21 03:10:00,PT5M,0.0,0.0,0.0,0.0,0.0
0,0,0,0,25,0.14,79.2,4.5,223,2026-09-21 03:15:00,PT5M,0.0,0.0,0.0,0.0,0.0
0,0,0,0,25,0.14,79.2,4.5,223,2026-09-21 03:20:00,PT5M,0.0,0.0,0.0,0.0,0.0
0,0,0,0,25,0.14,79.1,4.5,223,2026-09-21 03:25:00,PT5M,0.0,0.0,0.0,0.0,0.0
0,0,0,0,25,0.14,79.1,4.5,223,2026-09-21 03:30:00,PT5M,0.0,0.0,0.0,0.0,0.0
0,0,0,0,25,0.14,79.1,4.4,224,2026-09-21 03:35:00,PT5M,0.0,0.0,0.0,0.0,0.0
0,0,0,0,25,0.14,79.1,4.4,224,2026-09-21 03:40:00,PT5M,0.0,0.0,0.0,0.0,0.0
0,0,0,0,25,0.14,79.0,4.4,224,2026-09-21 03:45:00,PT5M,0.0,0.0,0.0,0.0,0.0
0,0,0,0,25,0.14,79.0,4.4,224,2026-09-21 03:50:00,PT5M,0.0,0.0,0.0,0.0,0.0
0,0,0,0,25,0.14,79.0,4.4,224,2026-09-21 03:55:00,PT5M,0.0,0.0,0.0,0.0,0.0
0,0,0,0,25,0.14,79.0,4.4,224,2026-09-21 04:00:00,PT5M,0.0,0.0,0.0,0.0,0.0
0,0,0,0,25,0.14,78.9,4.3,225,2026-09-21 04:05:00,PT5M,0.0,0.0,0.0,0.0,0.0
0,0,0,0,25,0.14,78.9,4.3,225,2026-09-21 04:10:00,PT5M,0.0,0.0,0.0,0.0,0.0
0,0,0,0,25,0.14,78.9,4.3,225,2026-09-21 04:15:00,PT5M,0.0,0.0,0.0,0.0,0.0
0,0,0,0,25,0.14,78.9,4.3,225,2026-09-21 04:20:00,PT5M,0.0,0.0,0.0,0.0,0.0
0,0,0,0,25,0.14,78.8,4.3,225,2026-09-21 04:25:00,PT5M,0.0,0.0,0.0,0.0,0.0
0,0,0,0,25,0.14,78.8,4.3,226,2026-09-21 04:30:00,PT5M,0.0,0.0,0.0,0.0,0.0
0,0,0,0,25,0.14,78.8,4.2,226,2026-09-21 04:35:00,PT5M,0.0,0.0,0.0,0.0,0.0
0,0,0,0,25,0.14,78.7,4.2,226,2026-09-21 04:40:00,PT5M,0.0,0.0,0.0,0.0,0.0
0,0,0,0,25,0.14,78.7,4.2,226,2026-09-21 04:45:00,PT5M,0.0,0.0,0.0,0.0,0.0
0,0,0,0,25,0.14,78.7,4.2,226,2026-09-21 04:50:00,PT5M,0.0,0.0,0.0,0.0,0.0
0,0,0,0,25,0.14,78.7,4.2,226,2026-09-21 04:55:00,PT5M,0.0,0.0,0.0,0.0,0.0
0,0,0,0,25,0.14,78.6,4.1,227,2026-09-21 05:00:00,PT5M,0.0,0.0,0.0,0.0,0.0
0,0,0,0,25,0.14,78.6,4.1,227,2026-09-21 05:05:00,PT5M,0.0,0.0,0.0,0.0,0.0
0,0,0,0,25,0.14,78.6,4.1,227,2026-09-21 05:10:00,PT5M,0.0,0.0,0.0,0.0,0.0
0,0,0,0,25,0.14,78.6,4.1,227,2026-09-21 05:15:00,PT5M,0.0,0.0,0.0,0.0,0.0
0,0,0,0,25,0.14,78.5,4.1,227,2026-09-21 05:20:00,PT5M,0.0,0.0,0.0,0.0,0.0
0,0,0,0,25,0.14,78.5,4.1,228,2026-09-21 05:25:00,PT5M,0.0,0.0,0.0,0.0,0.0
0,0,0,0,25,0.14,78.5,4.0,228,2026-09-21 05:30:00,PT5M,0.0,0.0,0.0,0.0,0.0
0,0,0,0,25,0.14,78.1,4.1,228,2026-09-21 05:35:00,PT5M,0.0,0.0,0.0,0.0,0.0
0,0,0,0,25,0.14,77.5,4.1,228,2026-09-21 05:40:00,PT5M,0.0,0.0,0.0,0.0,0.0
0,0,0,0,25,0.14,76.8,4.1,228,2026-09-21 05:45:00,PT5M,0.0,0.0,0.0,0.0,0.0
0,0,0,0,25,0.14,76.2,4.2,228,2026-09-21 05:50:00,PT5M,0.0,0.0,0.0,0.0,0.0
0,0,0,0,25,0.14,75.5,4.2,228,2026-09-21 05:55:00,PT5M,0.0,0.0,0.0,0.0,0.0
1,1,0,1,26,0.14,74.9,4.2,228,2026-09-21 06:00:00,PT5M,0.0,0.0,0.0,0.0,0.0
4,4,0,4,26,0.14,74.3,4.3,228,2026-09-21 06:05:00,PT5M,0.0,0.2615,0.1376,0.0,0.0
9,9,0,9,26,0.14,73.6,4.3,228,2026-09-21 06:10:00,PT5M,0.572,1.5085,1.0649,0.0791,0.0
15,15,0,15,26,0.14,73.0,4.3,228,2026-09-21 06:15:00,PT5M,1.332,3.2415,2.337,0.327,0.0
22,22,0,22,26,0.14,72.4,4.4,228,2026-09-21 06:20:00,PT5M,2.168,5.523,3.9338,0.4022,0.0
29,29,0,29,26,0.14,71.8,4.4,228,2026-09-21 06:25:00,PT5M,3.089,7.8515,5.5955,0.5825,0.0
37,38,0,38,26,0.14,71.2,4.4,228,2026-09-21 06:30:00,PT5M,4.194,10.602,7.5666,0.8214,0.0
47,47,0,47,26,0.14,70.6,4.5,228,2026-09-21 06:35:00,PT5M,5.396,13.5895,9.7083,1.0837,0.0
57,57,0,57,26,0.14,70.0,4.5,228,2026-09-21 06:40:00,PT5M,6.609,16.642,11.8894,1.3286,0.0
68,68,0,68,27,0.14,69.4,4.5,228,2026-09-21 06:45:00,PT5M,7.951,19.821,14.1983,1.7037,0.0
79,79,0,79,27,0.14,68.8,4.6,228,2026-09-21 06:50:00,PT5M,9.467,23.1745,16.6814,2.2526,0.0
91,91,0,91,27,0.14,68.3,4.6,228,2026-09-21 06:55:00,PT5M,10.929,26.4935,19.1207,2.7373,0.0
104,104,0,104,27,0.14,67.7,4.6,228,2026-09-21 07:00:00,PT5M,12.46,29.96,21.6704,3.2496,0.0
117,117,0,117,27,0.14,67.1,4.7,228,2026-09-21 07:05:00,PT5M,13.999,33.551,24.2894,3.7086,0.0
130,130,6,128,27,0.14,66.6,4.7,228,2026-09-21 07:10:00,PT5M,15.951,37.6755,27.3848,4.5172,0.0
143,144,19,138,27,0.14,66.0,4.7,228,2026-09-21 07:15:00,PT5M,18.343,42.2155,30.9073,5.7787,0.0
157,158,32,147,27,0.14,65.5,4.8,228,2026-09-21 07:20:00,PT5M,20.691,46.715,34.3876,6.9944,0.0
172,172,44,156,28,0.14,64.9,4.8,228,2026-09-21 07:25:00,PT5M,23.283,51.4495,38.1072,8.4588,0.0
187,187,57,165,28,0.14,64.4,4.8,228,2026-09-21 07:30:00,PT5M,25.987,56.3155,41.9491,10.0249,0.0
202,202,71,174,28,0.14,63.8,4.9,228,2026-09-21 07:35:00,PT5M,28.841,61.3355,45.9431,11.7389,0.0
218,218,85,182,28,0.14,63.3,4.9,228,2026-09-21 07:40:00,PT5M,31.826,66.5335,50.0928,13.5592,0.0
234,234,99,190,28,0.14,62.8,4.9,228,2026-09-21 07:45:00,PT5M,34.769,70.8465,53.7568,15.7812,0.0
250,251,114,198,28,0.14,62.3,5.0,228,2026-09-21 07:50:00,PT5M,37.433,74.1205,56.7419,18.1241,0.7455
267,268,129,205,28,0.14,61.8,5.0,228,2026-09-21 07:55:00,PT5M,40.311,77.537,59.9033,20.7187,3.085
284,285,144,212,28,0.14,61.2,5.0,228,2026-09-21 08:00:00,PT5M,43.168,80.863,63.0071,23.3289,5.473
302,302,160,219,29,0.14,60.7,5.1,228,2026-09-21 08:05:00,PT5M,46.017,84.1155,66.0685,25.9655,7.9185
320,320,177,225,29,0.14,60.2,5.1,228,2026-09-21 08:10:00,PT5M,48.847,87.272,69.0704,28.6236,10.422
338,338,194,230,29,0.14,59.7,5.1,228,2026-09-21 08:15:00,PT5M,51.62,90.272,71.9628,31.2772,12.968
356,356,211,236,29,0.14,59.2,5.2,228,2026-09-21 08:20:00,PT5M,54.329,93.106,74.7376,33.9204,15.552
375,375,228,240,29,0.14,58.8,5.2,228,2026-09-21 08:25:00,PT5M,56.917,95.688,77.3225,36.5115,18.146
394,394,246,244,29,0.14,58.3,5.2,228,2026-09-21 08:30:00,PT5M,59.501,98.207,79.8722,39.1298,20.795
411,411,259,249,29,0.14,57.7,5.3,228,2026-09-21 08:35:00,PT5M,61.591,100.0,81.9501,41.2319,22.908
426,426,268,254,29,0.14,57.2,5.4,228,2026-09-21 08:40:00,PT5M,63.192,100.0,83.5548,42.8292,24.502
441,441,277,259,30,0.14,56.6,5.4,228,2026-09-21 08:45:00,PT5M,64.73,100.0,85.1128,44.3472,26.002
457,456,286,263,30,0.14,56.0,5.5,228,2026-09-21 08:50:00,PT5M,66.213,100.0,86.5708,45.8552,27.5325
472,471,295,268,30,0.14,55.5,5.6,228,2026-09-21 08:55:00,PT5M,67.648,100.0,87.9682,47.3278,29.039
486,486,303,272,30,0.14,54.9,5.7,228,2026-09-21 09:00:00,PT5M,69.036,100.0,89.3072,48.7648,30.52
502,501,313,276,30,0.14,54.4,5.7,228,2026-09-21 09:05:00,PT5M,70.464,100.0,90.6589,50.2691,32.093
517,516,322,279,30,0.14,53.8,5.8,228,2026-09-21 09:10:00,PT5M,71.841,100.0,91.8086,51.8734,33.902
532,531,331,283,30,0.14,53.3,5.9,228,2026-09-21 09:15:00,PT5M,73.178,100.0,92.9177,53.4383,35.672
547,546,341,286,31,0.14,52.7,6.0,228,2026-09-21 09:20:00,PT5M,74.474,100.0,93.9858,54.9622,37.401
561,561,350,288,31,0.14,52.2,6.0,228,2026-09-21 09:25:00,PT5M,75.73,100.0,95.0136,56.4464,39.0905
576,575,359,291,31,0.14,51.7,6.1,228,2026-09-21 09:30:00,PT5M,76.982,100.0,96.038,57.926,40.775
591,590,369,293,31,0.14,51.2,6.2,228,2026-09-21 09:35:00,PT5M,78.235,100.0,97.055,59.415,42.4765
606,605,380,294,31,0.14,50.7,6.3,228,2026-09-21 09:40:00,PT5M,79.518,100.0,98.0932,60.9428,44.2245
620,619,391,295,31,0.14,50.2,6.4,228,2026-09-21 09:45:00,PT5M,80.717,100.0,99.0512,62.3828,45.8815
635,633,401,296,31,0.14,49.7,6.4,228,2026-09-21 09:50:00,PT5M,81.869,100.0,99.9632,63.7748,47.4895
649,647,411,297,31,0.14,49.2,6.5,228,2026-09-21 09:55:00,PT5M,82.987,100.0,100.0,65.132,49.062
663,661,421,297,32,0.14,48.7,6.6,228,2026-09-21 10:00:00,PT5M,84.067,100.0,100.0,66.4483,50.591
676,675,432,298,32,0.14,48.2,6.7,228,2026-09-21 10:05:00,PT5M,85.11,100.0,100.0,67.725,52.078
690,688,442,297,32,0.14,47.7,6.7,228,2026-09-21 10:10:00,PT5M,86.116,100.0,100.0,68.9629,53.5245
703,701,452,297,32,0.14,47.3,6.8,228,2026-09-21 10:15:00,PT5M,87.088,100.0,100.0,70.1646,54.933
716,714,463,296,32,0.14,46.8,6.9,228,2026-09-21 10:20:00,PT5M,88.025,100.0,100.0,71.3295,56.303
728,727,473,295,32,0.14,46.3,7.0,228,2026-09-21 10:25:00,PT5M,88.932,100.0,100.0,72.4625,57.6395
741,739,484,293,32,0.14,45.9,7.0,228,2026-09-21 10:30:00,PT5M,89.809,100.0,100.0,73.564,58.943
752,750,493,292,33,0.14,45.4,7.1,228,2026-09-21 10:35:00,PT5M,90.593,100.0,100.0,74.5601,60.13
763,761,502,291,33,0.14,45.0,7.2,228,2026-09-21 10:40:00,PT5M,91.285,100.0,100.0,75.4505,61.199
773,771,510,290,33,0.14,44.5,7.3,228,2026-09-21 10:45:00,PT5M,91.946,100.0,100.0,76.3063,62.23
783,781,519,288,33,0.14,44.1,7.4,228,2026-09-21 10:50:00,PT5M,92.575,100.0,100.0,77.1247,63.219
793,791,527,287,33,0.14,43.6,7.4,228,2026-09-21 10:55:00,PT5M,93.171,100.0,100.0,77.9028,64.161
802,800,536,285,33,0.14,43.2,7.5,228,2026-09-21 11:00:00,PT5M,93.655,100.0,100.0,78.5466,64.9485
811,809,544,282,33,0.14,42.8,7.6,228,2026-09-21 11:05:00,PT5M,94.203,100.0,100.0,79.2651,65.8205
820,817,553,279,34,0.14,42.4,7.7,229,2026-09-21 11:10:00,PT5M,94.74,100.0,100.0,79.9802,66.696
828,826,562,276,34,0.14,42.0,7.7,229,2026-09-21 11:15:00,PT5M,95.249,100.0,100.0,80.6587,67.527
836,833,571,273,34,0.14,41.5,7.8,229,2026-09-21 11:20:00,PT5M,95.728,100.0,100.0,81.2935,68.302
843,841,580,270,34,0.14,41.1,7.9,229,2026-09-21 11:25:00,PT5M,96.183,100.0,100.0,81.8982,69.0415
850,848,589,266,34,0.14,40.7,8.0,229,2026-09-21 11:30:00,PT5M,96.613,100.0,100.0,82.4714,69.7435
853,851,590,266,34,0.14,40.5,8.0,229,2026-09-21 11:35:00,PT5M,96.692,100.0,100.0,82.6057,69.9275
852,850,585,269,34,0.14,40.6,8.0,228,2026-09-21 11:40:00,PT5M,96.421,100.0,100.0,82.2997,69.59
851,848,580,273,34,0.14,40.6,8.0,228,2026-09-21 11:45:00,PT5M,96.127,100.0,100.0,81.963,69.215
849,846,574,276,34,0.14,40.6,8.0,228,2026-09-21 11:50:00,PT5M,95.81,100.0,100.0,81.595,68.801
847,844,568,279,34,0.14,40.6,8.0,228,2026-09-21 11:55:00,PT5M,95.467,100.0,100.0,81.1933,68.3465
844,841,562,282,34,0.14,40.7,8.0,228,2026-09-21 12:00:00,PT5M,95.104,100.0,100.0,80.7629,67.8555
840,837,555,284,34,0.14,40.7,8.0,228,2026-09-21 12:05:00,PT5M,94.812,100.0,100.0,80.3954,67.42
836,833,549,287,34,0.14,40.7,8.0,228,2026-09-21 12:10:00,PT5M,94.492,100.0,100.0,79.9922,66.942
831,829,542,290,34,0.14,40.7,8.0,228,2026-09-21 12:15:00,PT5M,94.145,100.0,100.0,79.5545,66.4225
826,823,535,293,34,0.14,40.8,8.0,228,2026-09-21 12:20:00,PT5M,93.771,100.0,100.0,79.0826,65.8625
820,818,529,295,34,0.14,40.8,8.0,228,2026-09-21 12:25:00,PT5M,93.442,100.0,100.0,78.6488,65.3345
814,812,522,297,34,0.14,40.8,8.0,228,2026-09-21 12:30:00,PT5M,93.021,100.0,100.0,78.117,64.703
807,805,513,300,34,0.14,40.8,8.0,228,2026-09-21 12:35:00,PT5M,92.519,100.0,100.0,77.4871,63.958
799,797,504,303,34,0.14,40.9,8.0,228,2026-09-21 12:40:00,PT5M,91.934,100.0,100.0,76.7566,63.0965
791,789,495,305,34,0.14,40.9,8.0,228,2026-09-21 12:45:00,PT5M,91.323,100.0,100.0,75.994,62.1975
782,780,486,308,34,0.14,40.9,8.0,228,2026-09-21 12:50:00,PT5M,90.677,100.0,100.0,75.1828,61.2375
773,771,477,310,34,0.14,40.9,8.0,228,2026-09-21 12:55:00,PT5M,90.003,100.0,100.0,74.3375,60.238
763,761,468,312,34,0.14,41.0,8.0,228,2026-09-21 13:00:00,PT5M,89.314,100.0,100.0,73.4856,59.2395
754,752,458,314,34,0.14,41.0,8.0,228,2026-09-21 13:05:00,PT5M,88.603,100.0,100.0,72.6162,58.2275
743,741,449,316,34,0.14,41.0,8.0,227,2026-09-21 13:10:00,PT5M,87.836,100.0,100.0,71.6705,57.121
733,731,439,317,34,0.14,41.0,8.0,227,2026-09-21 13:15:00,PT5M,87.035,100.0,100.0,70.6842,55.968
722,720,430,318,34,0.14,41.1,8.0,227,2026-09-21 13:20:00,PT5M,86.199,100.0,100.0,69.6582,54.771
710,709,420,319,34,0.14,41.1,8.0,227,2026-09-21 13:25:00,PT5M,85.332,100.0,100.0,68.5986,53.538
699,697,411,320,34,0.14,41.1,8.0,227,2026-09-21 13:30:00,PT5M,84.434,100.0,100.0,67.5056,52.2695
688,686,402,320,34,0.14,41.1,8.0,227,2026-09-21 13:35:00,PT5M,83.565,100.0,100.0,66.45,51.046
676,675,394,319,34,0.14,41.2,8.0,227,2026-09-21 13:40:00,PT5M,82.73,100.0,100.0,65.4366,49.872
665,664,387,318,34,0.14,41.2,8.0,227,2026-09-21 13:45:00,PT5M,81.866,100.0,99.3404,64.3916,48.664
653,652,379,317,34,0.14,41.2,8.0,227,2026-09-21 13:50:00,PT5M,80.972,100.0,98.6307,63.3133,47.42
642,640,372,316,34,0.14,41.2,8.0,227,2026-09-21 13:55:00,PT5M,80.045,100.0,97.8908,62.1992,46.1375
629,628,364,314,34,0.14,41.3,8.0,227,2026-09-21 14:00:00,PT5M,79.085,100.0,97.1208,61.0492,44.8165
617,616,357,313,34,0.14,41.3,8.0,227,2026-09-21 14:05:00,PT5M,78.092,100.0,96.322,59.862,43.4545
604,603,349,310,34,0.14,41.3,8.0,227,2026-09-21 14:10:00,PT5M,77.018,100.0,95.4453,58.5907,42.0055
591,591,342,308,34,0.14,41.3,8.0,227,2026-09-21 14:15:00,PT5M,75.965,100.0,94.5918,57.3382,40.5735
578,577,334,306,34,0.14,41.4,8.0,227,2026-09-21 14:20:00,PT5M,74.863,100.0,93.6924,56.0336,39.0865
565,564,325,303,34,0.14,41.4,8.0,227,2026-09-21 14:25:00,PT5M,73.692,100.0,92.7283,54.6557,37.5225
551,550,317,300,34,0.14,41.4,8.0,227,2026-09-21 14:30:00,PT5M,72.487,100.0,91.7312,53.2428,35.9225
537,537,309,297,34,0.14,41.5,8.0,226,2026-09-21 14:35:00,PT5M,71.324,100.0,90.776,51.872,34.3645
524,523,303,293,34,0.14,41.7,8.0,226,2026-09-21 14:40:00,PT5M,70.202,100.0,89.8622,50.5418,32.847
510,510,296,289,33,0.14,42.0,7.9,226,2026-09-21 14:45:00,PT5M,69.045,100.0,88.9141,49.1759,31.293
497,496,289,284,33,0.14,42.2,7.9,226,2026-09-21 14:50:00,PT5M,67.852,100.0,87.9306,47.7734,29.702
483,483,282,280,33,0.14,42.4,7.9,226,2026-09-21 14:55:00,PT5M,66.623,100.0,86.865,46.381,28.1625
469,469,275,275,33,0.14,42.6,7.8,226,2026-09-21 15:00:00,PT5M,65.382,100.0,85.6851,45.0789,26.8055
455,455,269,270,33,0.14,42.8,7.8,226,2026-09-21 15:05:00,PT5M,64.164,100.0,84.5118,43.8162,25.5025
442,441,262,265,33,0.14,43.1,7.8,226,2026-09-21 15:10:00,PT5M,62.886,100.0,83.2646,42.5074,24.166
427,427,255,260,33,0.14,43.3,7.8,226,2026-09-21 15:15:00,PT5M,61.565,100.0,81.9633,41.1667,22.8075
413,413,248,254,33,0.14,43.5,7.7,226,2026-09-21 15:20:00,PT5M,60.192,98.967,80.5996,39.7844,21.417
399,399,241,249,33,0.14,43.7,7.7,226,2026-09-21 15:25:00,PT5M,58.763,97.529,79.1658,38.3602,19.997
385,385,234,243,33,0.14,44.0,7.7,226,2026-09-21 15:30:00,PT5M,57.278,96.0025,77.659,36.897,18.5535
370,370,226,237,33,0.14,44.2,7.6,226,2026-09-21 15:35:00,PT5M,55.664,94.233,75.9631,35.3649,17.095
355,355,217,231,32,0.14,44.4,7.6,226,2026-09-21 15:40:00,PT5M,53.973,92.39,74.1921,33.7539,15.556
339,339,207,225,32,0.14,44.6,7.6,226,2026-09-21 15:45:00,PT5M,52.147,90.304,72.2293,32.0647,13.99
324,324,198,218,32,0.14,44.9,7.6,226,2026-09-21 15:50:00,PT5M,50.237,88.0495,70.138,30.336,12.4245
309,309,188,212,32,0.14,45.1,7.5,226,2026-09-21 15:55:00,PT5M,48.246,85.632,67.9225,28.5695,10.86
293,294,178,205,32,0.14,45.3,7.5,226,2026-09-21 16:00:00,PT5M,46.18,83.0675,65.5942,26.7658,9.2925
278,279,169,198,32,0.14,45.6,7.5,226,2026-09-21 16:05:00,PT5M,44.075,80.4175,63.2023,24.9477,7.7325
263,263,159,190,32,0.14,45.8,7.5,225,2026-09-21 16:10:00,PT5M,41.941,77.7015,60.762,23.12,6.1805
248,248,149,183,32,0.14,46.1,7.4,225,2026-09-21 16:15:00,PT5M,39.752,74.883,58.2417,21.2623,4.621
233,234,139,175,32,0.14,46.3,7.4,225,2026-09-21 16:20:00,PT5M,37.238,70.752,54.8767,19.5993,3.724
218,219,129,167,32,0.14,46.5,7.4,225,2026-09-21 16:25:00,PT5M,34.488,65.7935,50.9643,18.0117,3.1825
204,204,119,159,32,0.14,46.8,7.3,225,2026-09-21 16:30:00,PT5M,31.743,60.9225,47.1004,16.3856,2.5635
189,190,108,151,31,0.14,47.0,7.3,225,2026-09-21 16:35:00,PT5M,29.025,56.102,43.2758,14.7742,1.948
175,175,97,142,31,0.14,47.3,7.3,225,2026-09-21 16:40:00,PT5M,26.346,51.3305,39.4955,13.1965,1.3615
161,161,86,134,31,0.14,47.5,7.3,225,2026-09-21 16:45:00,PT5M,23.811,46.7025,35.859,11.763,0.9195
147,147,74,125,31,0.14,47.8,7.2,225,2026-09-21 16:50:00,PT5M,21.206,42.016,32.1585,10.2535,0.396
133,133,62,116,31,0.14,48.0,7.2,225,2026-09-21 16:55:00,PT5M,18.683,37.433,28.5513,8.8147,0.0
119,120,49,107,31,0.14,48.3,7.2,225,2026-09-21 17:00:00,PT5M,16.257,32.9925,25.065,7.449,0.0
105,105,32,98,31,0.14,48.5,7.2,225,2026-09-21 17:05:00,PT5M,13.761,28.5535,21.5464,5.9756,0.0
92,92,15,89,31,0.14,48.8,7.1,225,2026-09-21 17:10:00,PT5M,11.48,24.4535,18.308,4.652,0.0
79,79,0,79,31,0.14,49.0,7.1,225,2026-09-21 17:15:00,PT5M,9.262,20.4415,15.1459,3.3781,0.0
67,67,0,67,31,0.14,49.3,7.1,225,2026-09-21 17:20:00,PT5M,7.784,17.154,12.7155,2.8525,0.0
55,55,0,55,31,0.14,49.6,7.0,225,2026-09-21 17:25:00,PT5M,6.406,13.9665,10.3851,2.4269,0.0
44,44,0,44,30,0.14,49.8,7.0,224,2026-09-21 17:30:00,PT5M,5.005,10.8285,8.0699,1.9401,0.0
34,35,0,35,30,0.14,50.0,7.0,224,2026-09-21 17:35:00,PT5M,3.726,7.9765,5.9631,1.4889,0.0
25,26,0,26,30,0.14,50.2,6.9,224,2026-09-21 17:40:00,PT5M,2.627,5.551,4.1659,1.0881,0.0
17,18,0,18,30,0.14,50.4,6.8,224,2026-09-21 17:45:00,PT5M,1.621,3.285,2.4968,0.7452,0.0
11,11,0,11,30,0.14,50.6,6.8,224,2026-09-21 17:50:00,PT5M,0.713,1.5175,1.1364,0.2896,0.0
5,5,0,5,30,0.14,50.8,6.7,224,2026-09-21 17:55:00,PT5M,0.0,0.1485,0.0782,0.0,0.0
0,0,0,0,30,0.14,51.0,6.6,224,2026-09-21 18:00:00,PT5M,0.0,0.0,0.0,0.0,0.0
0,0,0,0,30,0.14,51.2,6.6,224,2026-09-21 18:05:00,PT5M,0.0,0.0,0.0,0.0,0.0
0,0,0,0,30,0.14,51.3,6.5,224,2026-09-21 18:10:00,PT5M,0.0,0.0,0.0,0.0,0.0
0,0,0,0,30,0.14,51.5,6.4,224,2026-09-21 18:15:00,PT5M,0.0,0.0,0.0,0.0,0.0
0,0,0,0,30,0.14,51.7,6.4,224,2026-09-21 18:20:00,PT5M,0.0,0.0,0.0,0.0,0.0
0,0,0,0,30,0.14,51.9,6.3,224,2026-09-21 18:25:00,PT5M,0.0,0.0,0.0,0.0,0.0
0,0,0,0,30,0.14,52.1,6.2,224,2026-09-21 18:30:00,PT5M,0.0,0.0,0.0,0.0,0.0
0,0,0,0,30,0.14,52.3,6.2,223,2026-09-21 18:35:00,PT5M,0.0,0.0,0.0,0.0,0.0
0,0,0,0,30,0.14,52.5,6.1,223,2026-09-21 18:40:00,PT5M,0.0,0.0,0.0,0.0,0.0
0,0,0,0,30,0.14,52.7,6.0,223,2026-09-21 18:45:00,PT5M,0.0,0.0,0.0,0.0,0.0
0,0,0,0,29,0.14,52.9,6.0,223,2026-09-21 18:50:00,PT5M,0.0,0.0,0.0,0.0,0.0
0,0,0,0,29,0.14,53.1,5.9,223,2026-09-21 18:55:00,PT5M,0.0,0.0,0.0,0.0,0.0
0,0,0,0,29,0.14,53.3,5.8,223,2026-09-21 19:00:00,PT5M,0.0,0.0,0.0,0.0,0.0
0,0,0,0,29,0.14,53.5,5.8,223,2026-09-21 19:05:00,PT5M,0.0,0.0,0.0,0.0,0.0
0,0,0,0,29,0.14,53.7,5.7,223,2026-09-21 19:10:00,PT5M,0.0,0.0,0.0,0.0,0.0
0,0,0,0,29,0.14,53.9,5.6,223,2026-09-21 19:15:00,PT5M,0.0,0.0,0.0,0.0,0.0
0,0,0,0,29,0.14,54.1,5.6,223,2026-09-21 19:20:00,PT5M,0.0,0.0,0.0,0.0,0.0
0,0,0,0,29,0.14,54.3,5.5,222,2026-09-21 19:25:00,PT5M,0.0,0.0,0.0,0.0,0.0
0,0,0,0,29,0.14,54.5,5.4,222,2026-09-21 19:30:00,PT5M,0.0,0.0,0.0,0.0,0.0
0,0,0,0,29,0.14,54.7,5.4,222,2026-09-21 19:35:00,PT5M,0.0,0.0,0.0,0.0,0.0
0,0,0,0,29,0.14,54.9,5.3,222,2026-09-21 19:40:00,PT5M,0.0,0.0,0.0,0.0,0.0
0,0,0,0,29,0.14,55.1,5.2,222,2026-09-21 19:45:00,PT5M,0.0,0.0,0.0,0.0,0.0
0,0,0,0,29,0.14,55.3,5.2,222,2026-09-21 19:50:00,PT5M,0.0,0.0,0.0,0.0,0.0
0,0,0,0,29,0.14,55.5,5.1,222,2026-09-21 19:55:00,PT5M,0.0,0.0,0.0,0.0,0.0
0,0,0,0,29,0.14,55.7,5.0,222,2026-09-21 20:00:00,PT5M,0.0,0.0,0.0,0.0,0.0
0,0,0,0,29,0.14,55.9,5.0,221,2026-09-21 20:05:00,PT5M,0.0,0.0,0.0,0.0,0.0
0,0,0,0,28,0.14,56.1,4.9,221,2026-09-21 20:10:00,PT5M,0.0,0.0,0.0,0.0,0.0
0,0,0,0,28,0.14,56.3,4.8,221,2026-09-21 20:15:00,PT5M,0.0,0.0,0.0,0.0,0.0
0,0,0,0,28,0.14,56.5,4.8,221,2026-09-21 20:20:00,PT5M,0.0,0.0,0.0,0.0,0.0
0,0,0,0,28,0.14,56.7,4.7,221,2026-09-21 20:25:00,PT5M,0.0,0.0,0.0,0.0,0.0
0,0,0,0,28,0.14,57.0,4.6,221,2026-09-21 20:30:00,PT5M,0.0,0.0,0.0,0.0,0.0
0,0,0,0,28,0.14,57.1,4.6,221,2026-09-21 20:35:00,PT5M,0.0,0.0,0.0,0.0,0.0
0,0,0,0,28,0.14,57.2,4.6,221,2026-09-21 20:40:00,PT5M,0.0,0.0,0.0,0.0,0.0
0,0,0,0,28,0.14,57.3,4.5,221,2026-09-21 20:45:00,PT5M,0.0,0.0,0.0,0.0,0.0
0,0,0,0,28,0.14,57.4,4.5,222,2026-09-21 20:50:00,PT5M,0.0,0.0,0.0,0.0,0.0
0,0,0,0,28,0.14,57.5,4.5,222,2026-09-21 20:55:00,PT5M,0.0,0.0,0.0,0.0,0.0
0,0,0,0,28,0.14,57.6,4.4,223,2026-09-21 21:00:00,PT5M,0.0,0.0,0.0,0.0,0.0
0,0,0,0,28,0.14,57.7,4.4,223,2026-09-21 21:05:00,PT5M,0.0,0.0,0.0,0.0,0.0
0,0,0,0,28,0.14,57.8,4.4,223,2026-09-21 21:10:00,PT5M,0.0,0.0,0.0,0.0,0.0
0,0,0,0,28,0.14,57.9,4.3,224,2026-09-21 21:15:00,PT5M,0.0,0.0,0.0,0.0,0.0
0,0,0,0,28,0.14,58.0,4.3,224,2026-09-21 21:20:00,PT5M,0.0,0.0,0.0,0.0,0.0
0,0,0,0,28,0.14,58.1,4.3,224,2026-09-21 21:25:00,PT5M,0.0,0.0,0.0,0.0,0.0
0,0,0,0,28,0.14,58.3,4.3,225,2026-09-21 21:30:00,PT5M,0.0,0.0,0.0,0.0,0.0
0,0,0,0,28,0.14,58.4,4.2,225,2026-09-21 21:35:00,PT5M,0.0,0.0,0.0,0.0,0.0
0,0,0,0,28,0.14,58.5,4.2,226,2026-09-21 21:40:00,PT5M,0.0,0.0,0.0,0.0,0.0
0,0,0,0,28,0.14,58.6,4.2,226,2026-09-21 21:45:00,PT5M,0.0,0.0,0.0,0.0,0.0
0,0,0,0,28,0.14,58.7,4.1,226,2026-09-21 21:50:00,PT5M,0.0,0.0,0.0,0.0,0.0
0,0,0,0,28,0.14,58.8,4.1,227,2026-09-21 21:55:00,PT5M,0.0,0.0,0.0,0.0,0.0
0,0,0,0,28,0.14,58.9,4.1,227,2026-09-21 22:00:00,PT5M,0.0,0.0,0.0,0.0,0.0
0,0,0,0,28,0.14,59.0,4.1,228,2026-09-21 22:05:00,PT5M,0.0,0.0,0.0,0.0,0.0
0,0,0,0,28,0.14,59.1,4.0,228,2026-09-21 22:10:00,PT5M,0.0,0.0,0.0,0.0,0.0
0,0,0,0,28,0.14,59.2,4.0,229,2026-09-21 22:15:00,PT5M,0.0,0.0,0.0,0.0,0.0
0,0,0,0,28,0.14,59.3,4.0,229,2026-09-21 22:20:00,PT5M,0.0,0.0,0.0,0.0,0.0
0,0,0,0,28,0.14,59.4,3.9,229,2026-09-21 22:25:00,PT5M,0.0,0.0,0.0,0.0,0.0
0,0,0,0,28,0.14,59.5,3.9,230,2026-09-21 22:30:00,PT5M,0.0,0.0,0.0,0.0,0.0
0,0,0,0,28,0.14,59.6,3.9,230,2026-09-21 22:35:00,PT5M,0.0,0.0,0.0,0.0,0.0
0,0,0,0,28,0.14,59.7,3.9,231,2026-09-21 22:40:00,PT5M,0.0,0.0,0.0,0.0,0.0
0,0,0,0,27,0.14,59.9,3.8,231,2026-09-21 22:45:00,PT5M,0.0,0.0,0.0,0.0,0.0
0,0,0,0,27,0.14,60.0,3.8,232,2026-09-21 22:50:00,PT5M,0.0,0.0,0.0,0.0,0.0
0,0,0,0,27,0.14,60.1,3.8,232,2026-09-21 22:55:00,PT5M,0.0,0.0,0.0,0.0,0.0
0,0,0,0,27,0.14,60.2,3.8,233,2026-09-21 23:00:00,PT5M,0.0,0.0,0.0,0.0,0.0
0,0,0,0,27,0.14,60.3,3.7,233,2026-09-21 23:05:00,PT5M,0.0,0.0,0.0,0.0,0.0
0,0,0,0,27,0.14,60.4,3.7,234,2026-09-21 23:10:00,PT5M,0.0,0.0,0.0,0.0,0.0
0,0,0,0,27,0.14,60.5,3.7,234,2026-09-21 23:15:00,PT5M,0.0,0.0,0.0,0.0,0.0
0,0,0,0,27,0.14,60.6,3.7,235,2026-09-21 23:20:00,PT5M,0.0,0.0,0.0,0.0,0.0
0,0,0,0,27,0.14,60.7,3.6,235,2026-09-21 23:25:00,PT5M,0.0,0.0,0.0,0.0,0.0
0,0,0,0,27,0.14,60.8,3.6,236,2026-09-21 23:30:00,PT5M,0.0,0.0,0.0,0.0,0.0
0,0,0,0,27,0.14,61.0,3.6,236,2026-09-21 23:35:00,PT5M,0.0,0.0,0.0,0.0,0.0
0,0,0,0,27,0.14,61.1,3.6,236,2026-09-21 23:40:00,PT5M,0.0,0.0,0.0,0.0,0.0
0,0,0,0,27,0.14,61.2,3.6,235,2026-09-21 23:45:00,PT5M,0.0,0.0,0.0,0.0,0.0
0,0,0,0,27,0.14,61.3,3.6,235,2026-09-21 23:50:00,PT5M,0.0,0.0,0.0,0.0,0.0
0,0,0,0,27,0.14,61.4,3.6,234,2026-09-21 23:55:00,PT5M,0.0,0.0,0.0,0.0,0.0
0,0,0,0,27,0.14,61.5,3.6,234,2026-09-22 00:00:00,PT5M,0.0,0.0,0.0,0.0,0.0
0,0,0,0,27,0.14,61.6,3.6,233,2026-09-22 00:05:00,PT5M,0.0,0.0,0.0,0.0,0.0
0,0,0,0,27,0.14,61.7,3.6,233,2026-09-22 00:10:00,PT5M,0.0,0.0,0.0,0.0,0.0
0,0,0,0,27,0.14,61.9,3.6,232,2026-09-22 00:15:00,PT5M,0.0,0.0,0.0,0.0,0.0
0,0,0,0,27,0.14,62.0,3.6,232,2026-09-22 00:20:00,PT5M,0.0,0.0,0.0,0.0,0.0
0,0,0,0,27,0.14,62.1,3.6,231,2026-09-22 00:25:00,PT5M,0.0,0.0,0.0,0.0,0.0
0,0,0,0,27,0.14,62.2,3.6,231,2026-09-22 00:30:00,PT5M,0.0,0.0,0.0,0.0,0.0
0,0,0,0,27,0.14,62.3,3.6,230,2026-09-22 00:35:00,PT5M,0.0,0.0,0.0,0.0,0.0
0,0,0,0,27,0.14,62.4,3.6,230,2026-09-22 00:40:00,PT5M,0.0,0.0,0.0,0.0,0.0
0,0,0,0,27,0.14,62.5,3.6,229,2026-09-22 00:45:00,PT5M,0.0,0.0,0.0,0.0,0.0
0,0,0,0,27,0.14,62.7,3.6,229,2026-09-22 00:50:00,PT5M,0.0,0.0,0.0,0.0,0.0
0,0,0,0,27,0.14,62.8,3.6,228,2026-09-22 00:55:00,PT5M,0.0,0.0,0.0,0.0,0.0
0,0,0,0,27,0.14,62.9,3.6,228,2026-09-22 01:00:00,PT5M,0.0,0.0,0.0,0.0,0.0
0,0,0,0,27,0.14,63.0,3.6,228,2026-09-22 01:05:00,PT5M,0.0,0.0,0.0,0.0,0.0
0,0,0,0,27,0.14,63.1,3.7,227,2026-09-22 01:10:00,PT5M,0.0,0.0,0.0,0.0,0.0
0,0,0,0,27,0.14,63.2,3.7,227,2026-09-22 01:15:00,PT5M,0.0,0.0,0.0,0.0,0.0
0,0,0,0,27,0.14,63.3,3.7,226,2026-09-22 01:20:00,PT5M,0.0,0.0,0.0,0.0,0.0
0,0,0,0,27,0.14,63.5,3.7,226,2026-09-22 01:25:00,PT5M,0.0,0.0,0.0,0.0,0.0
0,0,0,0,27,0.14,63.6,3.7,225,2026-09-22 01:30:00,PT5M,0.0,0.0,0.0,0.0,0.0
0,0,0,0,27,0.14,63.7,3.7,225,2026-09-22 01:35:00,PT5M,0.0,0.0,0.0,0.0,0.0
0,0,0,0,27,0.14,63.8,3.7,224,2026-09-22 01:40:00,PT5M,0.0,0.0,0.0,0.0,0.0
0,0,0,0,27,0.14,63.9,3.7,224,2026-09-22 01:45:00,PT5M,0.0,0.0,0.0,0.0,0.0
0,0,0,0,27,0.14,64.0,3.7,223,2026-09-22 01:50:00,PT5M,0.0,0.0,0.0,0.0,0.0
0,0,0,0,27,0.14,64.2,3.7,223,2026-09-22 01:55:00,PT5M,0.0,0.0,0.0,0.0,0.0
0,0,0,0,27,0.14,64.3,3.7,222,2026-09-22 02:00:00,PT5M,0.0,0.0,0.0,0.0,0.0
0,0,0,0,27,0.14,64.4,3.7,222,2026-09-22 02:05:00,PT5M,0.0,0.0,0.0,0.0,0.0
0,0,0,0,27,0.14,64.5,3.7,222,2026-09-22 02:10:00,PT5M,0.0,0.0,0.0,0.0,0.0
0,0,0,0,27,0.14,64.6,3.7,221,2026-09-22 02:15:00,PT5M,0.0,0.0,0.0,0.0,0.0
0,0,0,0,27,0.14,64.8,3.7,221,2026-09-22 02:20:00,PT5M,0.0,0.0,0.0,0.0,0.0
0,0,0,0,27,0.14,64.9,3.8,220,2026-09-22 02:25:00,PT5M,0.0,0.0,0.0,0.0,0.0
0,0,0,0,27,0.14,65.0,3.8,220,2026-09-22 02:30:00,PT5M,0.0,0.0,0.0,0.0,0.0
0,0,0,0,27,0.14,65.2,3.8,220,2026-09-22 02:35:00,PT5M,0.0,0.0,0.0,0.0,0.0
0,0,0,0,27,0.14,65.5,3.8,220,2026-09-22 02:40:00,PT5M,0.0,0.0,0.0,0.0,0.0
0,0,0,0,26,0.14,65.9,3.8,220,2026-09-22 02:45:00,PT5M,0.0,0.0,0.0,0.0,0.0
0,0,0,0,26,0.14,66.2,3.8,220,2026-09-22 02:50:00,PT5M,0.0,0.0,0.0,0.0,0.0
0,0,0,0,26,0.14,66.5,3.8,221,2026-09-22 02:55:00,PT5M,0.0,0.0,0.0,0.0,0.0
0,0,0,0,26,0.14,66.8,3.8,221,2026-09-22 03:00:00,PT5M,0.0,0.0,0.0,0.0,0.0
0,0,0,0,26,0.14,67.2,3.8,221,2026-09-22 03:05:00,PT5M,0.0,0.0,0.0,0.0,0.0
0,0,0,0,26,0.14,67.5,3.8,221,2026-09-22 03:10:00,PT5M,0.0,0.0,0.0,0.0,0.0
0,0,0,0,26,0.14,67.8,3.9,222,2026-09-22 03:15:00,PT5M,0.0,0.0,0.0,0.0,0.0
0,0,0,0,26,0.14,68.2,3.9,222,2026-09-22 03:20:00,PT5M,0.0,0.0,0.0,0.0,0.0
0,0,0,0,26,0.14,68.5,3.9,222,2026-09-22 03:25:00,PT5M,0.0,0.0,0.0,0.0,0.0
0,0,0,0,26,0.14,68.8,3.9,222,2026-09-22 03:30:00,PT5M,0.0,0.0,0.0,0.0,0.0
0,0,0,0,26,0.14,69.2,3.9,223,2026-09-22 03:35:00,PT5M,0.0,0.0,0.0,0.0,0.0
0,0,0,0,26,0.14,69.5,3.9,223,2026-09-22 03:40:00,PT5M,0.0,0.0,0.0,0.0,0.0
0,0,0,0,26,0.14,69.9,3.9,223,2026-09-22 03:45:00,PT5M,0.0,0.0,0.0,0.0,0.0
0,0,0,0,26,0.14,70.2,3.9,223,2026-09-22 03:50:00,PT5M,0.0,0.0,0.0,0.0,0.0
0,0,0,0,26,0.14,70.5,3.9,224,2026-09-22 03:55:00,PT5M,0.0,0.0,0.0,0.0,0.0
0,0,0,0,26,0.14,70.9,4.0,224,2026-09-22 04:00:00,PT5M,0.0,0.0,0.0,0.0,0.0
0,0,0,0,26,0.14,71.2,4.0,224,2026-09-22 04:05:00,PT5M,0.0,0.0,0.0,0.0,0.0
0,0,0,0,26,0.14,71.6,4.0,224,2026-09-22 04:10:00,PT5M,0.0,0.0,0.0,0.0,0.0
0,0,0,0,26,0.14,71.9,4.0,225,2026-09-22 04:15:00,PT5M,0.0,0.0,0.0,0.0,0.0
0,0,0,0,26,0.14,72.3,4.0,225,2026-09-22 04:20:00,PT5M,0.0,0.0,0.0,0.0,0.0
0,0,0,0,26,0.14,72.6,4.0,225,2026-09-22 04:25:00,PT5M,0.0,0.0,0.0,0.0,0.0
0,0,0,0,26,0.14,73.0,4.0,225,2026-09-22 04:30:00,PT5M,0.0,0.0,0.0,0.0,0.0
0,0,0,0,26,0.14,73.4,4.0,225,2026-09-22 04:35:00,PT5M,0.0,0.0,0.0,0.0,0.0
0,0,0,0,26,0.14,73.7,4.0,226,2026-09-22 04:40:00,PT5M,0.0,0.0,0.0,0.0,0.0
0,0,0,0,26,0.14,74.1,4.1,226,2026-09-22 04:45:00,PT5M,0.0,0.0,0.0,0.0,0.0
0,0,0,0,26,0.14,74.4,4.1,226,2026-09-22 04:50:00,PT5M,0.0,0.0,0.0,0.0,0.0
0,0,0,0,26,0.14,74.8,4.1,226,2026-09-22 04:55:00,PT5M,0.0,0.0,0.0,0.0,0.0
0,0,0,0,26,0.14,75.2,4.1,227,2026-09-22 05:00:00,PT5M,0.0,0.0,0.0,0.0,0.0
0,0,0,0,26,0.14,75.5,4.1,227,2026-09-22 05:05:00,PT5M,0.0,0.0,0.0,0.0,0.0
0,0,0,0,26,0.14,75.9,4.1,227,2026-09-22 05:10:00,PT5M,0.0,0.0,0.0,0.0,0.0
0,0,0,0,26,0.14,76.3,4.1,227,2026-09-22 05:15:00,PT5M,0.0,0.0,0.0,0.0,0.0
0,0,0,0,26,0.14,76.7,4.1,227,2026-09-22 05:20:00,PT5M,0.0,0.0,0.0,0.0,0.0
0,0,0,0,25,0.14,77.0,4.2,228,2026-09-22 05:25:00,PT5M,0.0,0.0,0.0,0.0,0.0
0,0,0,0,25,0.14,77.4,4.2,228,2026-09-22 05:30:00,PT5M,0.0,0.0,0.0,0.0,0.0
0,0,0,0,26,0.14,77.2,4.2,228,2026-09-22 05:35:00,PT5M,0.0,0.0,0.0,0.0,0.0
0,0,0,0,26,0.14,76.4,4.2,228,2026-09-22 05:40:00,PT5M,0.0,0.0,0.0,0.0,0.0
0,0,0,0,26,0.14,75.7,4.2,228,2026-09-22 05:45:00,PT5M,0.0,0.0,0.0,0.0,0.0
0,0,0,0,26,0.14,74.9,4.3,229,2026-09-22 05:50:00,PT5M,0.0,0.0,0.0,0.0,0.0
0,0,0,0,26,0.14,74.2,4.3,229,2026-09-22 05:55:00,PT5M,0.0,0.0,0.0,0.0,0.0
1,1,0,1,26,0.14,73.5,4.3,229,2026-09-22 06:00:00,PT5M,0.0,0.0,0.0,0.0,0.0
5,5,0,5,26,0.14,72.7,4.3,229,2026-09-22 06:05:00,PT5M,0.0,0.278,0.1463,0.0,0.0
10,10,0,10,26,0.14,72.0,4.4,229,2026-09-22 06:10:00,PT5M,0.689,1.641,1.19,0.188,0.0
17,17,0,17,27,0.14,71.3,4.4,230,2026-09-22 06:15:00,PT5M,1.525,3.4455,2.5358,0.5142,0.0
24,24,0,24,27,0.14,70.6,4.4,230,2026-09-22 06:20:00,PT5M,2.463,5.791,4.2146,0.7114,0.0
33,33,0,33,27,0.14,69.9,4.4,230,2026-09-22 06:25:00,PT5M,3.515,8.277,6.0213,1.0087,0.0
42,42,0,42,27,0.14,69.2,4.5,230,2026-09-22 06:30:00,PT5M,4.791,11.2495,8.1902,1.3918,0.0
53,53,0,53,27,0.14,68.6,4.5,230,2026-09-22 06:35:00,PT5M,6.191,14.5005,10.5643,1.8177,0.0
65,65,0,65,27,0.14,67.9,4.5,230,2026-09-22 06:40:00,PT5M,7.632,17.854,13.0119,2.2521,0.0
78,78,0,78,27,0.14,67.2,4.5,231,2026-09-22 06:45:00,PT5M,9.237,21.3735,15.6245,2.8495,0.0
92,92,4,91,28,0.14,66.6,4.6,231,2026-09-22 06:50:00,PT5M,11.189,25.2355,18.5818,3.7962,0.0
107,107,27,101,28,0.14,65.9,4.6,231,2026-09-22 06:55:00,PT5M,13.868,29.847,22.2779,5.4581,0.0
122,123,50,110,28,0.14,65.3,4.6,231,2026-09-22 07:00:00,PT5M,16.896,34.9215,26.3829,7.4091,0.0
138,138,71,118,28,0.14,64.6,4.6,231,2026-09-22 07:05:00,PT5M,20.007,40.1175,30.5913,9.4227,0.0
154,155,93,126,28,0.14,64.0,4.7,231,2026-09-22 07:10:00,PT5M,23.281,45.5045,34.9774,11.5846,1.0575
171,172,115,134,28,0.14,63.4,4.7,232,2026-09-22 07:15:00,PT5M,26.888,51.23,39.6994,14.0766,2.546
189,189,137,142,28,0.14,62.7,4.7,232,2026-09-22 07:20:00,PT5M,30.713,57.1665,44.6357,16.7903,4.2595
207,207,160,149,29,0.14,62.1,4.7,232,2026-09-22 07:25:00,PT5M,34.753,63.2995,49.7772,19.7288,6.2065
226,226,184,155,29,0.14,61.5,4.8,232,2026-09-22 07:30:00,PT5M,39.016,69.657,55.1426,22.8894,8.375
