gti,ghi,dni,dhi,air_temp,albedo,relative_humidity,wind_speed_10m,wind_direction_10m,period_end,period,power,power_p10,power_p25,power_p75,power_p90
66,67,0,67,31,0.15,59.1,3.4,105,2026-09-14 14:20:00,PT5M,7.603,11.878,9.853,5.353,3.328
78,79,0,79,31,0.15,59.5,3.6,104,2026-09-14 14:25:00,PT5M,9.083,16.1395,12.7969,5.3691,2.0265
77,77,0,77,31,0.15,60.0,3.7,103,2026-09-14 14:30:00,PT5M,8.853,16.6825,12.9737,4.7323,1.0235
84,84,0,84,31,0.15,60.6,3.7,101,2026-09-14 14:35:00,PT5M,9.708,18.395,14.28,5.136,1.021
96,96,0,96,31,0.15,61.3,3.7,100,2026-09-14 14:40:00,PT5M,11.104,20.056,15.8155,6.3925,2.152
117,117,0,117,31,0.15,61.9,3.6,98,2026-09-14 14:45:00,PT5M,13.685,25.016,19.6486,7.7214,2.354
123,124,0,124,30,0.15,62.6,3.5,96,2026-09-14 14:50:00,PT5M,14.47,27.3345,21.2407,7.6993,1.6055
130,130,0,130,30,0.15,63.3,3.4,95,2026-09-14 14:55:00,PT5M,15.22,28.3165,22.1128,8.3272,2.1235
141,141,0,141,30,0.15,64.0,3.3,93,2026-09-14 15:00:00,PT5M,16.543,29.586,23.4076,9.6784,3.5
142,142,0,142,30,0.15,64.8,3.3,91,2026-09-14 15:05:00,PT5M,16.61,28.733,22.9904,10.2296,4.487
147,148,0,148,30,0.15,65.5,3.2,89,2026-09-14 15:10:00,PT5M,17.256,29.027,23.4512,11.0608,5.485
147,148,0,148,30,0.15,66.2,3.1,86,2026-09-14 15:15:00,PT5M,17.257,28.1525,22.9914,11.5226,6.3615
152,152,0,152,30,0.15,67.0,3.1,84,2026-09-14 15:20:00,PT5M,17.801,27.574,22.9446,12.6574,8.028
156,157,0,157,29,0.15,67.7,3.0,82,2026-09-14 15:25:00,PT5M,18.246,30.1185,24.4946,11.9974,6.3735
155,156,0,156,29,0.15,68.5,3.0,80,2026-09-14 15:30:00,PT5M,18.086,29.4845,24.0851,12.0869,6.6875
154,154,0,154,29,0.15,69.2,2.9,79,2026-09-14 15:35:00,PT5M,17.885,27.3575,22.8704,12.8996,8.4125
152,153,0,153,29,0.15,69.8,2.8,80,2026-09-14 15:40:00,PT5M,17.641,25.0,21.5141,13.7679,10.282
150,151,0,151,29,0.15,70.4,2.6,82,2026-09-14 15:45:00,PT5M,17.372,23.0525,20.3617,14.3823,11.6915
144,144,0,144,29,0.15,71.0,2.5,84,2026-09-14 15:50:00,PT5M,16.615,22.029,19.4644,13.7656,11.201
137,138,0,138,29,0.15,71.6,2.4,85,2026-09-14 15:55:00,PT5M,15.856,20.3635,18.2283,13.4837,11.3485
127,128,0,128,28,0.15,72.3,2.3,88,2026-09-14 16:00:00,PT5M,14.67,19.401,17.16,12.18,9.939
121,121,0,121,28,0.15,72.9,2.1,90,2026-09-14 16:05:00,PT5M,13.923,19.255,16.7293,11.1167,8.591
115,116,0,116,28,0.15,73.5,2.0,92,2026-09-14 16:10:00,PT5M,13.276,18.1525,15.8425,10.7095,8.3995
113,113,0,113,28,0.15,74.2,1.9,95,2026-09-14 16:15:00,PT5M,12.964,18.3185,15.7821,10.1459,7.6095
110,110,0,110,28,0.15,74.8,1.8,99,2026-09-14 16:20:00,PT5M,12.589,17.9285,15.3992,9.7788,7.2495
106,106,0,106,28,0.15,75.5,1.7,102,2026-09-14 16:25:00,PT5M,12.34,17.7015,15.1618,9.5182,6.9785
102,102,0,102,28,0.15,76.2,1.6,106,2026-09-14 16:30:00,PT5M,11.976,16.8085,14.5194,9.4326,7.1435
98,98,0,98,28,0.15,76.6,1.6,110,2026-09-14 16:35:00,PT5M,11.546,16.7685,14.2946,8.7974,6.3235
92,92,0,92,27,0.15,76.8,1.6,112,2026-09-14 16:40:00,PT5M,10.898,15.976,13.5706,8.2254,5.82
89,89,0,89,27,0.15,77.0,1.6,114,2026-09-14 16:45:00,PT5M,10.54,15.392,13.0936,7.9864,5.688
83,83,0,83,27,0.15,77.2,1.6,117,2026-09-14 16:50:00,PT5M,9.804,14.685,12.3729,7.2351,4.923
77,78,0,78,27,0.15,77.3,1.7,119,2026-09-14 16:55:00,PT5M,9.16,14.064,11.741,6.579,4.256
72,72,0,72,27,0.15,77.5,1.7,121,2026-09-14 17:00:00,PT5M,8.471,13.049,10.8804,6.0616,3.893
66,66,0,66,27,0.15,77.7,1.7,123,2026-09-14 17:05:00,PT5M,7.737,12.1575,10.0635,5.4105,3.3165
60,60,0,60,27,0.15,77.9,1.8,125,2026-09-14 17:10:00,PT5M,6.953,10.907,9.034,4.872,2.999
53,53,0,53,27,0.15,78.1,1.8,127,2026-09-14 17:15:00,PT5M,6.114,9.626,7.9624,4.2656,2.602
47,47,0,47,27,0.15,78.3,1.8,129,2026-09-14 17:20:00,PT5M,5.291,8.315,6.8826,3.6994,2.267
40,40,0,40,27,0.15,78.5,1.9,130,2026-09-14 17:25:00,PT5M,4.489,7.116,5.8716,3.1064,1.862
34,34,0,34,27,0.15,78.7,1.9,132,2026-09-14 17:30:00,PT5M,3.706,5.948,4.886,2.526,1.464
28,28,0,28,27,0.15,78.9,1.9,132,2026-09-14 17:35:00,PT5M,2.862,4.683,3.8204,1.9036,1.041
21,21,0,21,27,0.15,79.2,1.9,131,2026-09-14 17:40:00,PT5M,2.037,3.44,2.7754,1.2986,0.634
15,15,0,15,27,0.15,79.5,1.8,130,2026-09-14 17:45:00,PT5M,1.336,2.3825,1.8868,0.7852,0.2895
10,10,0,10,27,0.15,79.7,1.8,129,2026-09-14 17:50:00,PT5M,0.693,1.414,1.0725,0.3135,0.0
6,6,0,6,27,0.15,80.0,1.8,128,2026-09-14 17:55:00,PT5M,0.105,0.392,0.2561,0.0,0.0
2,2,0,2,27,0.15,80.3,1.7,126,2026-09-14 18:00:00,PT5M,0.0,0.0,0.0,0.0,0.0
0,0,0,0,27,0.15,80.6,1.7,125,2026-09-14 18:05:00,PT5M,0.0,0.0,0.0,0.0,0.0
0,0,0,0,27,0.15,80.8,1.7,123,2026-09-14 18:10:00,PT5M,0.0,0.0,0.0,0.0,0.0
0,0,0,0,27,0.15,81.1,1.7,122,2026-09-14 18:15:00,PT5M,0.0,0.0,0.0,0.0,0.0
0,0,0,0,26,0.15,81.4,1.6,121,2026-09-14 18:20:00,PT5M,0.0,0.0,0.0,0.0,0.0
0,0,0,0,26,0.15,81.7,1.6,119,2026-09-14 18:25:00,PT5M,0.0,0.0,0.0,0.0,0.0
0,0,0,0,26,0.15,82.0,1.6,117,2026-09-14 18:30:00,PT5M,0.0,0.0,0.0,0.0,0.0
0,0,0,0,26,0.15,82.1,1.5,118,2026-09-14 18:35:00,PT5M,0.0,0.0,0.0,0.0,0.0
0,0,0,0,26,0.15,82.0,1.4,120,2026-09-14 18:40:00,PT5M,0.0,0.0,0.0,0.0,0.0
0,0,0,0,26,0.15,82.0,1.4,122,2026-09-14 18:45:00,PT5M,0.0,0.0,0.0,0.0,0.0
0,0,0,0,26,0.15,82.0,1.3,125,2026-09-14 18:50:00,PT5M,0.0,0.0,0.0,0.0,0.0
0,0,0,0,26,0.15,81.9,1.2,128,2026-09-14 18:55:00,PT5M,0.0,0.0,0.0,0.0,0.0
0,0,0,0,26,0.15,81.9,1.1,131,2026-09-14 19:00:00,PT5M,0.0,0.0,0.0,0.0,0.0
0,0,0,0,26,0.15,81.8,1.1,135,2026-09-14 19:05:00,PT5M,0.0,0.0,0.0,0.0,0.0
0,0,0,0,26,0.15,81.8,1.0,140,2026-09-14 19:10:00,PT5M,0.0,0.0,0.0,0.0,0.0
0,0,0,0,26,0.15,81.8,0.9,144,2026-09-14 19:15:00,PT5M,0.0,0.0,0.0,0.0,0.0
0,0,0,0,26,0.15,81.7,0.9,150,2026-09-14 19:20:00,PT5M,0.0,0.0,0.0,0.0,0.0
0,0,0,0,26,0.15,81.7,0.9,156,2026-09-14 19:25:00,PT5M,0.0,0.0,0.0,0.0,0.0
0,0,0,0,26,0.15,81.6,0.8,163,2026-09-14 19:30:00,PT5M,0.0,0.0,0.0,0.0,0.0
0,0,0,0,26,0.15,81.7,0.8,165,2026-09-14 19:35:00,PT5M,0.0,0.0,0.0,0.0,0.0
0,0,0,0,26,0.15,81.7,0.7,164,2026-09-14 19:40:00,PT5M,0.0,0.0,0.0,0.0,0.0
0,0,0,0,26,0.15,81.8,0.6,162,2026-09-14 19:45:00,PT5M,0.0,0.0,0.0,0.0,0.0
0,0,0,0,26,0.15,81.9,0.6,160,2026-09-14 19:50:00,PT5M,0.0,0.0,0.0,0.0,0.0
0,0,0,0,26,0.15,82.0,0.5,157,2026-09-14 19:55:00,PT5M,0.0,0.0,0.0,0.0,0.0
0,0,0,0,26,0.15,82.1,0.4,153,2026-09-14 20:00:00,PT5M,0.0,0.0,0.0,0.0,0.0
0,0,0,0,26,0.15,82.1,0.4,147,2026-09-14 20:05:00,PT5M,0.0,0.0,0.0,0.0,0.0
0,0,0,0,26,0.15,82.2,0.3,140,2026-09-14 20:10:00,PT5M,0.0,0.0,0.0,0.0,0.0
0,0,0,0,26,0.15,82.3,0.3,129,2026-09-14 20:15:00,PT5M,0.0,0.0,0.0,0.0,0.0
0,0,0,0,26,0.15,82.4,0.2,114,2026-09-14 20:20:00,PT5M,0.0,0.0,0.0,0.0,0.0
0,0,0,0,26,0.15,82.5,0.2,94,2026-09-14 20:25:00,PT5M,0.0,0.0,0.0,0.0,0.0
0,0,0,0,26,0.15,82.6,0.2,73,2026-09-14 20:30:00,PT5M,0.0,0.0,0.0,0.0,0.0
0,0,0,0,26,0.15,82.6,0.2,60,2026-09-14 20:35:00,PT5M,0.0,0.0,0.0,0.0,0.0
0,0,0,0,26,0.15,82.7,0.2,52,2026-09-14 20:40:00,PT5M,0.0,0.0,0.0,0.0,0.0
0,0,0,0,26,0.15,82.8,0.2,44,2026-09-14 20:45:00,PT5M,0.0,0.0,0.0,0.0,0.0
0,0,0,0,26,0.15,82.9,0.2,35,2026-09-14 20:50:00,PT5M,0.0,0.0,0.0,0.0,0.0
0,0,0,0,26,0.15,83.0,0.2,27,2026-09-14 20:55:00,PT5M,0.0,0.0,0.0,0.0,0.0
0,0,0,0,26,0.15,83.0,0.2,18,2026-09-14 21:00:00,PT5M,0.0,0.0,0.0,0.0,0.0
0,0,0,0,26,0.15,83.1,0.2,10,2026-09-14 21:05:00,PT5M,0.0,0.0,0.0,0.0,0.0
0,0,0,0,26,0.15,83.2,0.2,3,2026-09-14 21:10:00,PT5M,0.0,0.0,0.0,0.0,0.0
0,0,0,0,26,0.15,83.3,0.2,357,2026-09-14 21:15:00,PT5M,0.0,0.0,0.0,0.0,0.0
0,0,0,0,26,0.15,83.4,0.3,352,2026-09-14 21:20:00,PT5M,0.0,0.0,0.0,0.0,0.0
0,0,0,0,26,0.15,83.4,0.3,347,2026-09-14 21:25:00,PT5M,0.0,0.0,0.0,0.0,0.0
0,0,0,0,26,0.15,83.5,0.3,343,2026-09-14 21:30:00,PT5M,0.0,0.0,0.0,0.0,0.0
0,0,0,0,26,0.15,83.6,0.3,343,2026-09-14 21:35:00,PT5M,0.0,0.0,0.0,0.0,0.0
0,0,0,0,26,0.15,83.7,0.4,346,2026-09-14 21:40:00,PT5M,0.0,0.0,0.0,0.0,0.0
0,0,0,0,26,0.15,83.8,0.4,349,2026-09-14 21:45:00,PT5M,0.0,0.0,0.0,0.0,0.0
0,0,0,0,26,0.15,83.9,0.5,351,2026-09-14 21:50:00,PT5M,0.0,0.0,0.0,0.0,0.0
0,0,0,0,26,0.15,83.9,0.5,353,2026-09-14 21:55:00,PT5M,0.0,0.0,0.0,0.0,0.0
0,0,0,0,26,0.15,84.0,0.5,354,2026-09-14 22:00:00,PT5M,0.0,0.0,0.0,0.0,0.0
0,0,0,0,26,0.15,84.1,0.6,355,2026-09-14 22:05:00,PT5M,0.0,0.0,0.0,0.0,0.0
0,0,0,0,26,0.15,84.2,0.6,356,2026-09-14 22:10:00,PT5M,0.0,0.0,0.0,0.0,0.0
0,0,0,0,26,0.15,84.3,0.7,357,2026-09-14 22:15:00,PT5M,0.0,0.0,0.0,0.0,0.0
0,0,0,0,26,0.15,84.4,0.7,358,2026-09-14 22:20:00,PT5M,0.0,0.0,0.0,0.0,0.0
0,0,0,0,26,0.15,84.4,0.7,359,2026-09-14 22:25:00,PT5M,0.0,0.0,0.0,0.0,0.0
0,0,0,0,26,0.15,84.5,0.8,360,2026-09-14 22:30:00,PT5M,0.0,0.0,0.0,0.0,0.0
0,0,0,0,26,0.15,84.6,0.8,359,2026-09-14 22:35:00,PT5M,0.0,0.0,0.0,0.0,0.0
0,0,0,0,26,0.15,84.7,0.8,358,2026-09-14 22:40:00,PT5M,0.0,0.0,0.0,0.0,0.0
0,0,0,0,26,0.15,84.8,0.8,357,2026-09-14 22:45:00,PT5M,0.0,0.0,0.0,0.0,0.0
0,0,0,0,26,0.15,84.9,0.8,356,2026-09-14 22:50:00,PT5M,0.0,0.0,0.0,0.0,0.0
0,0,0,0,26,0.15,84.9,0.8,355,2026-09-14 22:55:00,PT5M,0.0,0.0,0.0,0.0,0.0
0,0,0,0,26,0.15,85.0,0.8,353,2026-09-14 23:00:00,PT5M,0.0,0.0,0.0,0.0,0.0
0,0,0,0,26,0.15,85.1,0.8,352,2026-09-14 23:05:00,PT5M,0.0,0.0,0.0,0.0,0.0
0,0,0,0,26,0.15,85.2,0.8,351,2026-09-14 23:10:00,PT5M,0.0,0.0,0.0,0.0,0.0
0,0,0,0,26,0.15,85.3,0.8,350,2026-09-14 23:15:00,PT5M,0.0,0.0,0.0,0.0,0.0
0,0,0,0,26,0.15,85.4,0.8,349,2026-09-14 23:20:00,PT5M,0.0,0.0,0.0,0.0,0.0
0,0,0,0,26,0.15,85.4,0.8,348,2026-09-14 23:25:00,PT5M,0.0,0.0,0.0,0.0,0.0
0,0,0,0,26,0.15,85.5,0.8,347,2026-09-14 23:30:00,PT5M,0.0,0.0,0.0,0.0,0.0
0,0,0,0,26,0.15,85.6,0.8,345,2026-09-14 23:35:00,PT5M,0.0,0.0,0.0,0.0,0.0
0,0,0,0,26,0.15,85.6,0.7,341,2026-09-14 23:40:00,PT5M,0.0,0.0,0.0,0.0,0.0
0,0,0,0,26,0.15,85.7,0.7,337,2026-09-14 23:45:00,PT5M,0.0,0.0,0.0,0.0,0.0
0,0,0,0,26,0.15,85.7,0.6,333,2026-09-14 23:50:00,PT5M,0.0,0.0,0.0,0.0,0.0
0,0,0,0,26,0.15,85.8,0.6,328,2026-09-14 23:55:00,PT5M,0.0,0.0,0.0,0.0,0.0
0,0,0,0,26,0.15,85.8,0.5,322,2026-09-15 00:00:00,PT5M,0.0,0.0,0.0,0.0,0.0
0,0,0,0,25,0.15,85.8,0.5,315,2026-09-15 00:05:00,PT5M,0.0,0.0,0.0,0.0,0.0
0,0,0,0,25,0.15,85.9,0.5,308,2026-09-15 00:10:00,PT5M,0.0,0.0,0.0,0.0,0.0
0,0,0,0,25,0.15,85.9,0.5,299,2026-09-15 00:15:00,PT5M,0.0,0.0,0.0,0.0,0.0
0,0,0,0,25,0.15,86.0,0.5,291,2026-09-15 00:20:00,PT5M,0.0,0.0,0.0,0.0,0.0
0,0,0,0,25,0.15,86.0,0.5,282,2026-09-15 00:25:00,PT5M,0.0,0.0,0.0,0.0,0.0
0,0,0,0,25,0.15,86.0,0.5,274,2026-09-15 00:30:00,PT5M,0.0,0.0,0.0,0.0,0.0
0,0,0,0,25,0.15,86.1,0.5,269,2026-09-15 00:35:00,PT5M,0.0,0.0,0.0,0.0,0.0
0,0,0,0,25,0.15,86.2,0.5,267,2026-09-15 00:40:00,PT5M,0.0,0.0,0.0,0.0,0.0
0,0,0,0,25,0.15,86.3,0.6,266,2026-09-15 00:45:00,PT5M,0.0,0.0,0.0,0.0,0.0
0,0,0,0,25,0.15,86.4,0.6,264,2026-09-15 00:50:00,PT5M,0.0,0.0,0.0,0.0,0.0
0,0,0,0,25,0.15,86.4,0.6,263,2026-09-15 00:55:00,PT5M,0.0,0.0,0.0,0.0,0.0
0,0,0,0,25,0.15,86.5,0.6,262,2026-09-15 01:00:00,PT5M,0.0,0.0,0.0,0.0,0.0
0,0,0,0,25,0.15,86.6,0.7,261,2026-09-15 01:05:00,PT5M,0.0,0.0,0.0,0.0,0.0
0,0,0,0,25,0.15,86.7,0.7,260,2026-09-15 01:10:00,PT5M,0.0,0.0,0.0,0.0,0.0
0,0,0,0,25,0.15,86.8,0.7,259,2026-09-15 01:15:00,PT5M,0.0,0.0,0.0,0.0,0.0
0,0,0,0,25,0.15,86.9,0.8,258,2026-09-15 01:20:00,PT5M,0.0,0.0,0.0,0.0,0.0
0,0,0,0,25,0.15,87.0,0.8,257,2026-09-15 01:25:00,PT5M,0.0,0.0,0.0,0.0,0.0
0,0,0,0,25,0.15,87.0,0.8,256,2026-09-15 01:30:00,PT5M,0.0,0.0,0.0,0.0,0.0
0,0,0,0,25,0.15,87.1,0.8,256,2026-09-15 01:35:00,PT5M,0.0,0.0,0.0,0.0,0.0
0,0,0,0,25,0.15,87.1,0.8,256,2026-09-15 01:40:00,PT5M,0.0,0.0,0.0,0.0,0.0
0,0,0,0,25,0.15,87.1,0.9,257,2026-09-15 01:45:00,PT5M,0.0,0.0,0.0,0.0,0.0
0,0,0,0,25,0.15,87.1,0.9,257,2026-09-15 01:50:00,PT5M,0.0,0.0,0.0,0.0,0.0
0,0,0,0,25,0.15,87.1,0.9,257,2026-09-15 01:55:00,PT5M,0.0,0.0,0.0,0.0,0.0
0,0,0,0,25,0.15,87.1,0.9,257,2026-09-15 02:00:00,PT5M,0.0,0.0,0.0,0.0,0.0
0,0,0,0,25,0.15,87.1,0.9,258,2026-09-15 02:05:00,PT5M,0.0,0.0,0.0,0.0,0.0
0,0,0,0,25,0.15,87.1,0.9,258,2026-09-15 02:10:00,PT5M,0.0,0.0,0.0,0.0,0.0
0,0,0,0,25,0.15,87.1,1.0,258,2026-09-15 02:15:00,PT5M,0.0,0.0,0.0,0.0,0.0
0,0,0,0,25,0.15,87.1,1.0,258,2026-09-15 02:20:00,PT5M,0.0,0.0,0.0,0.0,0.0
0,0,0,0,25,0.15,87.1,1.0,258,2026-09-15 02:25:00,PT5M,0.0,0.0,0.0,0.0,0.0
0,0,0,0,25,0.15,87.1,1.0,259,2026-09-15 02:30:00,PT5M,0.0,0.0,0.0,0.0,0.0
0,0,0,0,25,0.15,87.1,1.0,259,2026-09-15 02:35:00,PT5M,0.0,0.0,0.0,0.0,0.0
0,0,0,0,25,0.15,87.2,0.9,259,2026-09-15 02:40:00,PT5M,0.0,0.0,0.0,0.0,0.0
0,0,0,0,25,0.15,87.3,0.9,260,2026-09-15 02:45:00,PT5M,0.0,0.0,0.0,0.0,0.0
0,0,0,0,25,0.15,87.4,0.8,260,2026-09-15 02:50:00,PT5M,0.0,0.0,0.0,0.0,0.0
0,0,0,0,25,0.15,87.5,0.8,261,2026-09-15 02:55:00,PT5M,0.0,0.0,0.0,0.0,0.0
0,0,0,0,25,0.15,87.6,0.7,262,2026-09-15 03:00:00,PT5M,0.0,0.0,0.0,0.0,0.0
0,0,0,0,25,0.15,87.6,0.7,262,2026-09-15 03:05:00,PT5M,0.0,0.0,0.0,0.0,0.0
0,0,0,0,25,0.15,87.7,0.6,263,2026-09-15 03:10:00,PT5M,0.0,0.0,0.0,0.0,0.0
0,0,0,0,25,0.15,87.8,0.6,264,2026-09-15 03:15:00,PT5M,0.0,0.0,0.0,0.0,0.0
0,0,0,0,25,0.15,87.9,0.5,265,2026-09-15 03:20:00,PT5M,0.0,0.0,0.0,0.0,0.0
0,0,0,0,25,0.15,88.0,0.5,267,2026-09-15 03:25:00,PT5M,0.0,0.0,0.0,0.0,0.0
0,0,0,0,25,0.15,88.1,0.4,269,2026-09-15 03:30:00,PT5M,0.0,0.0,0.0,0.0,0.0
0,0,0,0,25,0.15,88.1,0.4,269,2026-09-15 03:35:00,PT5M,0.0,0.0,0.0,0.0,0.0
0,0,0,0,25,0.15,88.0,0.4,268,2026-09-15 03:40:00,PT5M,0.0,0.0,0.0,0.0,0.0
0,0,0,0,25,0.15,87.9,0.3,266,2026-09-15 03:45:00,PT5M,0.0,0.0,0.0,0.0,0.0
0,0,0,0,25,0.15,87.8,0.3,265,2026-09-15 03:50:00,PT5M,0.0,0.0,0.0,0.0,0.0
0,0,0,0,25,0.15,87.7,0.3,263,2026-09-15 03:55:00,PT5M,0.0,0.0,0.0,0.0,0.0
0,0,0,0,25,0.15,87.6,0.3,260,2026-09-15 04:00:00,PT5M,0.0,0.0,0.0,0.0,0.0
0,0,0,0,25,0.15,87.6,0.2,257,2026-09-15 04:05:00,PT5M,0.0,0.0,0.0,0.0,0.0
0,0,0,0,25,0.15,87.5,0.2,254,2026-09-15 04:10:00,PT5M,0.0,0.0,0.0,0.0,0.0
0,0,0,0,25,0.15,87.4,0.2,249,2026-09-15 04:15:00,PT5M,0.0,0.0,0.0,0.0,0.0
0,0,0,0,25,0.15,87.3,0.2,244,2026-09-15 04:20:00,PT5M,0.0,0.0,0.0,0.0,0.0
0,0,0,0,25,0.15,87.2,0.2,238,2026-09-15 04:25:00,PT5M,0.0,0.0,0.0,0.0,0.0
0,0,0,0,25,0.15,87.1,0.1,230,2026-09-15 04:30:00,PT5M,0.0,0.0,0.0,0.0,0.0
0,0,0,0,25,0.15,87.1,0.2,223,2026-09-15 04:35:00,PT5M,0.0,0.0,0.0,0.0,0.0
0,0,0,0,25,0.15,87.1,0.2,219,2026-09-15 04:40:00,PT5M,0.0,0.0,0.0,0.0,0.0
0,0,0,0,25,0.15,87.2,0.2,217,2026-09-15 04:45:00,PT5M,0.0,0.0,0.0,0.0,0.0
0,0,0,0,25,0.15,87.2,0.2,215,2026-09-15 04:50:00,PT5M,0.0,0.0,0.0,0.0,0.0
0,0,0,0,25,0.15,87.3,0.3,213,2026-09-15 04:55:00,PT5M,0.0,0.0,0.0,0.0,0.0
0,0,0,0,25,0.15,87.3,0.3,212,2026-09-15 05:00:00,PT5M,0.0,0.0,0.0,0.0,0.0
0,0,0,0,25,0.15,87.3,0.3,210,2026-09-15 05:05:00,PT5M,0.0,0.0,0.0,0.0,0.0
0,0,0,0,25,0.15,87.4,0.3,209,2026-09-15 05:10:00,PT5M,0.0,0.0,0.0,0.0,0.0
0,0,0,0,25,0.15,87.4,0.4,209,2026-09-15 05:15:00,PT5M,0.0,0.0,0.0,0.0,0.0
0,0,0,0,25,0.15,87.5,0.4,208,2026-09-15 05:20:00,PT5M,0.0,0.0,0.0,0.0,0.0
0,0,0,0,25,0.15,87.5,0.4,207,2026-09-15 05:25:00,PT5M,0.0,0.0,0.0,0.0,0.0
0,0,0,0,25,0.15,87.6,0.4,207,2026-09-15 05:30:00,PT5M,0.0,0.0,0.0,0.0,0.0
0,0,0,0,25,0.15,87.5,0.5,206,2026-09-15 05:35:00,PT5M,0.0,0.0,0.0,0.0,0.0
0,0,0,0,25,0.15,87.5,0.5,206,2026-09-15 05:40:00,PT5M,0.0,0.0,0.0,0.0,0.0
0,0,0,0,25,0.15,87.4,0.5,205,2026-09-15 05:45:00,PT5M,0.0,0.0,0.0,0.0,0.0
0,0,0,0,25,0.15,87.3,0.5,205,2026-09-15 05:50:00,PT5M,0.0,0.0,0.0,0.0,0.0
0,0,0,0,25,0.15,87.2,0.5,205,2026-09-15 05:55:00,PT5M,0.0,0.0,0.0,0.0,0.0
0,0,0,0,25,0.15,87.1,0.5,204,2026-09-15 06:00:00,PT5M,0.0,0.0,0.0,0.0,0.0
3,3,0,3,25,0.15,87.0,0.5,204,2026-09-15 06:05:00,PT5M,0.0,0.0,0.0,0.0,0.0
6,6,0,6,25,0.15,86.9,0.5,203,2026-09-15 06:10:00,PT5M,0.132,0.4945,0.3228,0.0,0.0
10,10,0,10,25,0.15,86.9,0.5,203,2026-09-15 06:15:00,PT5M,0.679,1.502,1.1122,0.2458,0.0
15,15,0,15,25,0.15,86.8,0.5,203,2026-09-15 06:20:00,PT5M,1.272,2.4885,1.9123,0.6317,0.0555
20,20,0,20,25,0.15,86.7,0.5,202,2026-09-15 06:25:00,PT5M,1.911,3.518,2.7568,1.0652,0.304
26,26,0,26,25,0.15,86.6,0.5,202,2026-09-15 06:30:00,PT5M,2.658,4.7205,3.7435,1.5725,0.5955
33,33,0,33,25,0.15,86.4,0.5,202,2026-09-15 06:35:00,PT5M,3.596,6.179,4.9555,2.2365,1.013
42,42,0,42,25,0.15,86.2,0.5,204,2026-09-15 06:40:00,PT5M,4.694,7.8055,6.3316,3.0564,1.5825
52,52,0,52,25,0.15,86.0,0.5,206,2026-09-15 06:45:00,PT5M,5.953,10.076,8.123,3.783,1.83
63,63,0,63,25,0.15,85.8,0.4,208,2026-09-15 06:50:00,PT5M,7.445,12.862,10.296,4.594,2.028
76,76,0,76,25,0.15,85.6,0.4,210,2026-09-15 06:55:00,PT5M,9.018,15.886,12.6327,5.4033,2.15
89,90,0,90,25,0.15,85.4,0.4,212,2026-09-15 07:00:00,PT5M,10.713,19.276,15.2198,6.2062,2.15
104,104,0,104,25,0.15,85.2,0.3,215,2026-09-15 07:05:00,PT5M,12.494,22.844,17.9413,7.0467,2.144
119,120,0,120,25,0.15,85.0,0.3,219,2026-09-15 07:10:00,PT5M,14.394,26.693,20.8671,7.9209,2.095
136,136,2,136,25,0.15,84.8,0.3,223,2026-09-15 07:15:00,PT5M,16.495,30.927,24.0907,8.8993,2.063
153,154,25,146,26,0.15,84.5,0.3,227,2026-09-15 07:20:00,PT5M,20.068,36.809,28.8789,11.2571,3.327
172,173,51,155,26,0.15,84.3,0.2,233,2026-09-15 07:25:00,PT5M,23.901,43.13,34.0214,13.7806,4.672
192,193,79,163,26,0.15,84.1,0.2,240,2026-09-15 07:30:00,PT5M,28.363,50.228,39.8707,16.8553,6.498
209,210,98,171,26,0.15,83.8,0.2,245,2026-09-15 07:35:00,PT5M,32.026,56.1805,44.7387,19.3133,7.8715
223,224,106,180,26,0.15,83.3,0.2,248,2026-09-15 07:40:00,PT5M,34.308,60.332,48.0046,20.6114,8.284
237,239,114,189,26,0.15,82.9,0.2,252,2026-09-15 07:45:00,PT5M,36.596,64.163,51.1047,22.0873,9.029
252,253,122,197,26,0.15,82.4,0.2,256,2026-09-15 07:50:00,PT5M,38.676,66.8755,53.5176,23.8344,10.4765
266,267,130,205,26,0.15,82.0,0.2,261,2026-09-15 07:55:00,PT5M,40.704,69.4915,55.8551,25.5529,11.9165
280,282,137,213,26,0.15,81.5,0.2,267,2026-09-15 08:00:00,PT5M,42.677,72.0065,58.1133,27.2407,13.3475
295,296,144,221,26,0.15,81.1,0.1,273,2026-09-15 08:05:00,PT5M,44.588,74.406,60.2814,28.8946,14.77
309,310,151,229,26,0.15,80.7,0.1,280,2026-09-15 08:10:00,PT5M,46.433,76.6775,62.3509,30.5151,16.1885
323,324,158,237,26,0.15,80.2,0.1,288,2026-09-15 08:15:00,PT5M,48.207,78.8085,64.3128,32.1012,17.6055
337,338,165,245,26,0.15,79.8,0.1,296,2026-09-15 08:20:00,PT5M,49.909,80.823,66.1793,33.6387,18.995
351,353,171,252,26,0.15,79.4,0.1,304,2026-09-15 08:25:00,PT5M,51.554,82.6365,67.9129,35.1951,20.4715
365,366,177,259,27,0.15,78.9,0.1,311,2026-09-15 08:30:00,PT5M,53.149,84.3395,69.5648,36.7332,21.9585
379,380,183,266,27,0.15,78.2,0.1,307,2026-09-15 08:35:00,PT5M,54.635,88.423,72.4179,36.8521,20.847
392,393,189,273,27,0.15,77.3,0.1,288,2026-09-15 08:40:00,PT5M,56.005,89.8265,73.8055,38.2045,22.1835
404,406,194,279,27,0.15,76.3,0.1,268,2026-09-15 08:45:00,PT5M,57.313,91.1415,75.1172,39.5088,23.4845
417,418,199,285,27,0.15,75.4,0.1,250,2026-09-15 08:50:00,PT5M,58.558,92.373,76.3551,40.7609,24.743
429,431,204,291,27,0.15,74.5,0.2,238,2026-09-15 08:55:00,PT5M,59.753,93.534,77.5322,41.9738,25.972
442,443,208,297,28,0.15,73.6,0.2,228,2026-09-15 09:00:00,PT5M,60.901,94.629,78.6523,43.1497,27.173
454,455,213,302,28,0.15,72.7,0.2,222,2026-09-15 09:05:00,PT5M,62.073,95.72,79.7817,44.3643,28.426
466,468,219,307,28,0.15,71.8,0.3,217,2026-09-15 09:10:00,PT5M,63.23,96.684,80.8371,45.6229,29.776
478,480,224,312,28,0.15,70.9,0.3,214,2026-09-15 09:15:00,PT5M,64.319,97.329,81.6924,46.9456,31.309
490,491,229,317,28,0.15,70.1,0.3,211,2026-09-15 09:20:00,PT5M,65.393,97.9665,82.5367,48.2493,32.8195
502,503,233,322,28,0.15,69.2,0.4,209,2026-09-15 09:25:00,PT5M,66.426,98.5715,83.3444,49.5076,34.2805
513,514,238,326,29,0.15,68.4,0.4,207,2026-09-15 09:30:00,PT5M,67.419,99.1455,84.1169,50.7211,35.6925
524,525,242,331,29,0.15,67.6,0.5,208,2026-09-15 09:35:00,PT5M,68.347,99.6675,84.8312,51.8628,37.0265
534,536,246,336,29,0.15,66.9,0.5,210,2026-09-15 09:40:00,PT5M,69.214,100.0,85.4914,52.9366,38.2865
544,546,249,340,29,0.15,66.2,0.6,211,2026-09-15 09:45:00,PT5M,70.017,100.0,86.0962,53.9378,39.466
554,555,251,345,29,0.15,65.5,0.6,212,2026-09-15 09:50:00,PT5M,70.77,100.0,86.6582,54.8818,40.582
564,565,254,349,30,0.15,64.8,0.7,213,2026-09-15 09:55:00,PT5M,71.494,100.0,87.1972,55.7908,41.6575
573,574,256,353,30,0.15,64.1,0.8,214,2026-09-15 10:00:00,PT5M,72.185,100.0,87.7095,56.6605,42.688
581,583,259,357,30,0.15,63.4,0.8,215,2026-09-15 10:05:00,PT5M,72.841,100.0,88.1952,57.4868,43.6675
590,591,261,361,30,0.15,62.8,0.9,216,2026-09-15 10:10:00,PT5M,73.466,100.0,88.6563,58.2757,44.604
598,599,263,364,30,0.15,62.1,0.9,216,2026-09-15 10:15:00,PT5M,74.06,100.0,89.0929,59.0271,45.497
606,607,266,367,30,0.15,61.4,1.0,217,2026-09-15 10:20:00,PT5M,74.623,100.0,89.5046,59.7414,46.3475
613,615,268,371,31,0.15,60.8,1.1,217,2026-09-15 10:25:00,PT5M,75.16,100.0,89.8961,60.4239,47.161
621,622,270,374,31,0.15,60.2,1.1,218,2026-09-15 10:30:00,PT5M,75.67,100.0,90.2661,61.0739,47.937
622,623,263,379,31,0.15,59.6,1.1,218,2026-09-15 10:35:00,PT5M,75.51,100.0,90.0966,60.9234,47.795
618,620,249,387,31,0.15,59.1,1.1,218,2026-09-15 10:40:00,PT5M,74.7,100.0,89.4105,59.9895,46.7495
614,615,235,394,31,0.15,58.6,1.1,219,2026-09-15 10:45:00,PT5M,73.883,100.0,88.727,59.039,45.679
609,610,221,400,31,0.15,58.1,1.1,219,2026-09-15 10:50:00,PT5M,73.056,100.0,88.0434,58.0686,44.5795
604,605,207,407,31,0.15,57.6,1.1,219,2026-09-15 10:55:00,PT5M,72.206,100.0,87.3484,57.0636,43.435
598,599,194,412,31,0.15,57.1,1.1,219,2026-09-15 11:00:00,PT5M,71.319,100.0,86.6382,55.9998,42.212
592,593,182,417,32,0.15,56.6,1.1,220,2026-09-15 11:05:00,PT5M,70.426,99.8795,85.9276,54.9244,40.9725
586,587,169,422,32,0.15,56.1,1.1,220,2026-09-15 11:10:00,PT5M,69.563,99.349,85.2396,53.8864,39.777
579,580,157,426,32,0.15,55.6,1.1,220,2026-09-15 11:15:00,PT5M,68.691,98.5605,84.4115,52.9705,38.8215
571,573,145,430,32,0.15,55.1,1.1,220,2026-09-15 11:20:00,PT5M,67.774,97.716,83.5327,52.0153,37.832
564,565,134,433,32,0.15,54.6,1.1,221,2026-09-15 11:25:00,PT5M,66.835,96.8575,82.6361,51.0339,36.8125
556,557,123,436,32,0.15,54.2,1.1,221,2026-09-15 11:30:00,PT5M,65.873,95.9805,81.7188,50.0272,35.7655
552,554,117,438,32,0.15,53.8,1.1,222,2026-09-15 11:35:00,PT5M,65.412,95.5605,81.2794,49.5446,35.2635
553,554,116,439,32,0.15,53.6,1.1,224,2026-09-15 11:40:00,PT5M,65.442,95.5875,81.3078,49.5762,35.2965
553,555,115,440,32,0.15,53.4,1.2,225,2026-09-15 11:45:00,PT5M,65.44,95.584,81.305,49.575,35.296
553,554,113,441,32,0.15,53.2,1.2,226,2026-09-15 11:50:00,PT5M,65.387,95.5215,81.247,49.527,35.2525
553,554,112,442,32,0.15,53.0,1.3,228,2026-09-15 11:55:00,PT5M,65.298,95.422,81.1525,49.4435,35.174
552,553,111,443,32,0.15,52.8,1.4,229,2026-09-15 12:00:00,PT5M,65.177,95.292,81.0267,49.3273,35.062
551,552,109,443,32,0.15,52.6,1.4,230,2026-09-15 12:05:00,PT5M,65.055,95.1965,80.9187,49.1913,34.9135
549,551,108,443,32,0.15,52.4,1.5,231,2026-09-15 12:10:00,PT5M,64.919,95.107,80.8072,49.0308,34.731
548,549,106,443,32,0.15,52.1,1.5,232,2026-09-15 12:15:00,PT5M,64.752,94.986,80.6644,48.8396,34.518
546,547,105,443,32,0.15,51.9,1.6,233,2026-09-15 12:20:00,PT5M,64.541,94.816,80.4749,48.6071,34.266
543,544,103,442,32,0.15,51.7,1.6,233,2026-09-15 12:25:00,PT5M,64.284,94.593,80.2358,48.3322,33.975
540,541,101,441,33,0.15,51.5,1.7,234,2026-09-15 12:30:00,PT5M,64.036,94.377,80.0047,48.0673,33.695
535,537,97,441,33,0.15,51.3,1.7,234,2026-09-15 12:35:00,PT5M,63.497,93.77,79.4299,47.5641,33.224
528,530,92,439,33,0.15,51.1,1.7,234,2026-09-15 12:40:00,PT5M,62.724,92.871,78.5906,46.8574,32.577
521,522,86,438,33,0.15,50.9,1.7,234,2026-09-15 12:45:00,PT5M,61.917,91.8955,77.6949,46.1391,31.9385
514,515,81,436,33,0.15,50.7,1.7,234,2026-09-15 12:50:00,PT5M,61.071,90.879,76.7592,45.3828,31.263
506,507,76,434,33,0.15,50.4,1.7,234,2026-09-15 12:55:00,PT5M,60.166,89.8065,75.766,44.566,30.5255
498,499,70,431,33,0.15,50.2,1.7,234,2026-09-15 13:00:00,PT5M,59.255,88.713,74.759,43.751,29.797
490,491,65,429,33,0.15,50.0,1.7,234,2026-09-15 13:05:00,PT5M,58.375,87.6255,73.7697,42.9803,29.1245
482,483,60,426,33,0.15,49.8,1.7,234,2026-09-15 13:10:00,PT5M,57.437,86.48,72.7225,42.1515,28.394
474,475,55,422,33,0.15,49.6,1.7,234,2026-09-15 13:15:00,PT5M,56.44,85.2725,71.6148,41.2652,27.6075
465,466,50,419,33,0.15,49.3,1.7,234,2026-09-15 13:20:00,PT5M,55.407,84.02,70.4662,40.3478,26.794
456,458,45,415,33,0.15,49.1,1.7,234,2026-09-15 13:25:00,PT5M,54.344,82.7255,69.2814,39.4066,25.9625
447,449,41,411,33,0.15,48.9,1.7,234,2026-09-15 13:30:00,PT5M,53.257,81.3935,68.0654,38.4486,25.1205
439,440,37,407,33,0.15,48.9,1.7,234,2026-09-15 13:35:00,PT5M,52.252,80.195,66.9586,37.5454,24.309
432,433,33,403,33,0.15,49.2,1.6,232,2026-09-15 13:40:00,PT5M,51.327,79.127,65.9583,36.6957,23.527
424,425,30,398,33,0.15,49.5,1.4,230,2026-09-15 13:45:00,PT5M,50.377,78.023,64.9273,35.8267,22.731
416,417,26,394,33,0.15,49.8,1.3,228,2026-09-15 13:50:00,PT5M,49.737,77.216,64.1994,35.2746,22.258
408,409,23,389,33,0.15,50.0,1.2,226,2026-09-15 13:55:00,PT5M,48.742,76.0395,63.1089,34.3751,21.4445
400,401,20,384,32,0.15,50.3,1.1,223,2026-09-15 14:00:00,PT5M,47.717,74.796,61.9689,33.4651,20.638
391,392,16,378,32,0.15,50.6,1.0,219,2026-09-15 14:05:00,PT5M,46.661,73.5325,60.8037,32.5183,19.7895
383,384,13,373,32,0.15,50.9,0.9,215,2026-09-15 14:10:00,PT5M,45.565,72.216,59.5916,31.5384,18.914
374,375,9,367,32,0.15,51.2,0.8,210,2026-09-15 14:15:00,PT5M,44.441,70.8555,58.3431,30.5389,18.0265
365,366,6,361,32,0.15,51.5,0.7,203,2026-09-15 14:20:00,PT5M,43.289,69.451,57.0582,29.5198,17.127
356,357,3,355,32,0.15,51.8,0.7,195,2026-09-15 14:25:00,PT5M,42.093,67.9725,55.7136,28.4724,16.2135
347,348,0,348,32,0.15,52.1,0.6,185,2026-09-15 14:30:00,PT5M,40.892,66.462,54.3497,27.4343,15.322
338,339,0,339,32,0.15,52.6,0.5,172,2026-09-15 14:35:00,PT5M,39.831,65.0705,53.1147,26.5473,14.5915
330,331,0,331,32,0.15,53.3,0.4,147,2026-09-15 14:40:00,PT5M,38.824,63.712,51.9227,25.7253,13.936
322,323,0,323,31,0.15,54.0,0.4,116,2026-09-15 14:45:00,PT5M,37.802,62.32,50.706,24.898,13.284
313,314,0,314,31,0.15,54.8,0.5,92,2026-09-15 14:50:00,PT5M,36.765,60.893,49.4637,24.0663,12.637
305,306,0,306,31,0.15,55.5,0.7,77,2026-09-15 14:55:00,PT5M,35.715,59.433,48.198,23.232,11.997
296,297,0,297,31,0.15,56.3,0.9,69,2026-09-15 15:00:00,PT5M,34.652,57.938,46.9076,22.3964,11.366
287,288,0,288,31,0.15,57.0,1.1,64,2026-09-15 15:05:00,PT5M,33.597,56.456,45.6279,21.5661,10.738
279,280,0,280,31,0.15,57.8,1.3,60,2026-09-15 15:10:00,PT5M,32.545,54.9905,44.3582,20.7318,10.0995
270,271,0,271,30,0.15,58.6,1.5,57,2026-09-15 15:15:00,PT5M,31.481,53.509,43.0745,19.8875,9.453
261,262,0,262,30,0.15,59.4,1.7,55,2026-09-15 15:20:00,PT5M,30.405,51.9695,41.7546,19.0554,8.8405
252,253,0,253,30,0.15,60.2,2.0,54,2026-09-15 15:25:00,PT5M,29.302,50.3765,40.3937,18.2103,8.2275
243,244,0,244,30,0.15,61.1,2.2,53,2026-09-15 15:30:00,PT5M,28.188,48.7425,39.006,17.37,7.6335
234,235,0,235,30,0.15,62.3,2.3,51,2026-09-15 15:35:00,PT5M,27.054,47.0805,37.5941,16.5139,7.0275
224,225,0,225,29,0.15,64.0,2.3,47,2026-09-15 15:40:00,PT5M,25.907,45.3955,36.1639,15.6501,6.4185
215,216,0,216,29,0.15,65.7,2.3,44,2026-09-15 15:45:00,PT5M,24.79,43.696,34.7404,14.8396,5.884
205,206,0,206,29,0.15,67.4,2.4,41,2026-09-15 15:50:00,PT5M,23.698,41.9705,33.3149,14.0811,5.4255
196,196,0,196,28,0.15,69.2,2.4,38,2026-09-15 15:55:00,PT5M,22.607,40.2025,31.8676,13.3464,5.0115
186,187,0,187,28,0.15,71.1,2.5,36,2026-09-15 16:00:00,PT5M,21.515,38.3925,30.3977,12.6323,4.6375
176,177,0,177,28,0.15,73.0,2.5,33,2026-09-15 16:05:00,PT5M,20.418,36.5415,28.9039,11.9321,4.2945
167,167,0,167,27,0.15,75.0,2.6,30,2026-09-15 16:10:00,PT5M,19.316,34.6525,27.3877,11.2443,3.9795
157,158,0,158,27,0.15,77.0,2.6,28,2026-09-15 16:15:00,PT5M,18.209,32.7285,25.8507,10.5673,3.6895
148,148,0,148,27,0.15,79.1,2.7,26,2026-09-15 16:20:00,PT5M,17.1,30.774,24.2967,9.9033,3.426
138,139,0,139,26,0.15,81.2,2.8,23,2026-09-15 16:25:00,PT5M,16.274,28.928,22.9339,9.6141,3.62
129,130,0,130,26,0.15,83.4,2.8,21,2026-09-15 16:30:00,PT5M,15.325,26.8635,21.3978,9.2522,3.7865
120,121,0,121,26,0.15,85.0,2.8,20,2026-09-15 16:35:00,PT5M,14.358,24.857,19.8837,8.8323,3.859
112,112,0,112,26,0.15,85.8,2.7,19,2026-09-15 16:40:00,PT5M,13.395,22.94,18.4186,8.3714,3.85
103,104,0,104,26,0.15,86.7,2.5,18,2026-09-15 16:45:00,PT5M,12.411,21.028,16.9462,7.8758,3.794
95,95,0,95,25,0.15,87.6,2.4,17,2026-09-15 16:50:00,PT5M,11.388,19.088,15.4406,7.3354,3.688
86,87,0,87,25,0.15,88.4,2.2,15,2026-09-15 16:55:00,PT5M,10.356,17.1635,13.9388,6.7732,3.5485
78,78,0,78,25,0.15,89.3,2.1,14,2026-09-15 17:00:00,PT5M,9.327,15.276,12.458,6.196,3.378
70,70,0,70,25,0.15,90.2,1.9,12,2026-09-15 17:05:00,PT5M,8.294,13.4185,10.9911,5.5969,3.1695
62,62,0,62,25,0.15,91.1,1.8,10,2026-09-15 17:10:00,PT5M,7.265,11.5225,9.5058,5.0242,3.0075
53,54,0,54,25,0.15,92.0,1.7,8,2026-09-15 17:15:00,PT5M,6.212,9.8065,8.1038,4.3202,2.6175
46,46,0,46,25,0.15,92.9,1.5,5,2026-09-15 17:20:00,PT5M,5.194,8.2685,6.8121,3.5759,2.1195
38,39,0,39,24,0.15,93.9,1.4,2,2026-09-15 17:25:00,PT5M,4.298,6.905,5.6701,2.9259,1.691
32,32,0,32,24,0.15,94.8,1.3,358,2026-09-15 17:30:00,PT5M,3.442,5.599,4.5772,2.3068,1.285
25,25,0,25,24,0.15,95.2,1.1,355,2026-09-15 17:35:00,PT5M,2.572,4.2785,3.4701,1.6739,0.8655
19,19,0,19,24,0.15,95.0,1.0,353,2026-09-15 17:40:00,PT5M,1.82,3.141,2.5153,1.1247,0.499
14,14,0,14,24,0.15,94.8,0.8,352,2026-09-15 17:45:00,PT5M,1.166,2.1495,1.6836,0.6484,0.1825
9,9,0,9,24,0.15,94.6,0.7,349,2026-09-15 17:50:00,PT5M,0.561,1.2065,0.9007,0.2213,0.0
5,5,0,5,24,0.15,94.4,0.5,345,2026-09-15 17:55:00,PT5M,0.011,0.226,0.1242,0.0,0.0
2,2,0,2,24,0.15,94.3,0.4,339,2026-09-15 18:00:00,PT5M,0.0,0.0,0.0,0.0,0.0
0,0,0,0,24,0.15,94.1,0.3,326,2026-09-15 18:05:00,PT5M,0.0,0.0,0.0,0.0,0.0
0,0,0,0,25,0.15,93.9,0.2,295,2026-09-15 18:10:00,PT5M,0.0,0.0,0.0,0.0,0.0
0,0,0,0,25,0.15,93.7,0.2,246,2026-09-15 18:15:00,PT5M,0.0,0.0,0.0,0.0,0.0
0,0,0,0,25,0.15,93.5,0.3,219,2026-09-15 18:20:00,PT5M,0.0,0.0,0.0,0.0,0.0
0,0,0,0,25,0.15,93.3,0.4,207,2026-09-15 18:25:00,PT5M,0.0,0.0,0.0,0.0,0.0
0,0,0,0,25,0.15,93.1,0.6,200,2026-09-15 18:30:00,PT5M,0.0,0.0,0.0,0.0,0.0
0,0,0,0,25,0.15,93.0,0.7,200,2026-09-15 18:35:00,PT5M,0.0,0.0,0.0,0.0,0.0
0,0,0,0,25,0.15,92.8,0.7,203,2026-09-15 18:40:00,PT5M,0.0,0.0,0.0,0.0,0.0
0,0,0,0,25,0.15,92.6,0.8,205,2026-09-15 18:45:00,PT5M,0.0,0.0,0.0,0.0,0.0
0,0,0,0,25,0.15,92.4,0.8,207,2026-09-15 18:50:00,PT5M,0.0,0.0,0.0,0.0,0.0
0,0,0,0,25,0.15,92.2,0.9,208,2026-09-15 18:55:00,PT5M,0.0,0.0,0.0,0.0,0.0
0,0,0,0,25,0.15,92.0,1.0,210,2026-09-15 19:00:00,PT5M,0.0,0.0,0.0,0.0,0.0
0,0,0,0,25,0.15,91.8,1.0,211,2026-09-15 19:05:00,PT5M,0.0,0.0,0.0,0.0,0.0
0,0,0,0,25,0.15,91.7,1.1,212,2026-09-15 19:10:00,PT5M,0.0,0.0,0.0,0.0,0.0
0,0,0,0,25,0.15,91.5,1.1,213,2026-09-15 19:15:00,PT5M,0.0,0.0,0.0,0.0,0.0
0,0,0,0,25,0.15,91.3,1.2,214,2026-09-15 19:20:00,PT5M,0.0,0.0,0.0,0.0,0.0
0,0,0,0,25,0.15,91.1,1.3,215,2026-09-15 19:25:00,PT5M,0.0,0.0,0.0,0.0,0.0
0,0,0,0,25,0.15,90.9,1.3,216,2026-09-15 19:30:00,PT5M,0.0,0.0,0.0,0.0,0.0
0,0,0,0,25,0.15,90.8,1.4,217,2026-09-15 19:35:00,PT5M,0.0,0.0,0.0,0.0,0.0
0,0,0,0,25,0.15,90.8,1.5,219,2026-09-15 19:40:00,PT5M,0.0,0.0,0.0,0.0,0.0
0,0,0,0,25,0.15,90.7,1.5,221,2026-09-15 19:45:00,PT5M,0.0,0.0,0.0,0.0,0.0
0,0,0,0,25,0.15,90.7,1.6,223,2026-09-15 19:50:00,PT5M,0.0,0.0,0.0,0.0,0.0
0,0,0,0,25,0.15,90.6,1.7,225,2026-09-15 19:55:00,PT5M,0.0,0.0,0.0,0.0,0.0
0,0,0,0,25,0.15,90.6,1.7,227,2026-09-15 20:00:00,PT5M,0.0,0.0,0.0,0.0,0.0
0,0,0,0,25,0.15,90.5,1.8,228,2026-09-15 20:05:00,PT5M,0.0,0.0,0.0,0.0,0.0
0,0,0,0,25,0.15,90.5,1.9,229,2026-09-15 20:10:00,PT5M,0.0,0.0,0.0,0.0,0.0
0,0,0,0,25,0.15,90.4,2.0,231,2026-09-15 20:15:00,PT5M,0.0,0.0,0.0,0.0,0.0
0,0,0,0,25,0.15,90.4,2.0,232,2026-09-15 20:20:00,PT5M,0.0,0.0,0.0,0.0,0.0
0,0,0,0,25,0.15,90.3,2.1,233,2026-09-15 20:25:00,PT5M,0.0,0.0,0.0,0.0,0.0
0,0,0,0,25,0.15,90.3,2.2,234,2026-09-15 20:30:00,PT5M,0.0,0.0,0.0,0.0,0.0
0,0,0,0,25,0.15,90.3,2.2,235,2026-09-15 20:35:00,PT5M,0.0,0.0,0.0,0.0,0.0
0,0,0,0,25,0.15,90.3,2.2,236,2026-09-15 20:40:00,PT5M,0.0,0.0,0.0,0.0,0.0
0,0,0,0,24,0.15,90.3,2.2,237,2026-09-15 20:45:00,PT5M,0.0,0.0,0.0,0.0,0.0
0,0,0,0,24,0.15,90.3,2.3,238,2026-09-15 20:50:00,PT5M,0.0,0.0,0.0,0.0,0.0
0,0,0,0,24,0.15,90.3,2.3,239,2026-09-15 20:55:00,PT5M,0.0,0.0,0.0,0.0,0.0
0,0,0,0,24,0.15,90.3,2.3,241,2026-09-15 21:00:00,PT5M,0.0,0.0,0.0,0.0,0.0
0,0,0,0,24,0.15,90.3,2.3,242,2026-09-15 21:05:00,PT5M,0.0,0.0,0.0,0.0,0.0
0,0,0,0,24,0.15,90.3,2.3,243,2026-09-15 21:10:00,PT5M,0.0,0.0,0.0,0.0,0.0
0,0,0,0,24,0.15,90.3,2.3,244,2026-09-15 21:15:00,PT5M,0.0,0.0,0.0,0.0,0.0
0,0,0,0,24,0.15,90.3,2.3,245,2026-09-15 21:20:00,PT5M,0.0,0.0,0.0,0.0,0.0
0,0,0,0,24,0.15,90.2,2.4,246,2026-09-15 21:25:00,PT5M,0.0,0.0,0.0,0.0,0.0
0,0,0,0,24,0.15,90.2,2.4,247,2026-09-15 21:30:00,PT5M,0.0,0.0,0.0,0.0,0.0
0,0,0,0,24,0.15,90.2,2.3,248,2026-09-15 21:35:00,PT5M,0.0,0.0,0.0,0.0,0.0
0,0,0,0,24,0.15,90.1,2.3,248,2026-09-15 21:40:00,PT5M,0.0,0.0,0.0,0.0,0.0
0,0,0,0,24,0.15,90.0,2.2,247,2026-09-15 21:45:00,PT5M,0.0,0.0,0.0,0.0,0.0
0,0,0,0,24,0.15,89.9,2.2,247,2026-09-15 21:50:00,PT5M,0.0,0.0,0.0,0.0,0.0
0,0,0,0,24,0.15,89.8,2.1,247,2026-09-15 21:55:00,PT5M,0.0,0.0,0.0,0.0,0.0
0,0,0,0,24,0.15,89.7,2.0,247,2026-09-15 22:00:00,PT5M,0.0,0.0,0.0,0.0,0.0
0,0,0,0,24,0.15,89.7,2.0,247,2026-09-15 22:05:00,PT5M,0.0,0.0,0.0,0.0,0.0
0,0,0,0,24,0.15,89.6,1.9,246,2026-09-15 22:10:00,PT5M,0.0,0.0,0.0,0.0,0.0
0,0,0,0,24,0.15,89.5,1.9,246,2026-09-15 22:15:00,PT5M,0.0,0.0,0.0,0.0,0.0
0,0,0,0,24,0.15,89.4,1.8,246,2026-09-15 22:20:00,PT5M,0.0,0.0,0.0,0.0,0.0
0,0,0,0,24,0.15,89.3,1.7,245,2026-09-15 22:25:00,PT5M,0.0,0.0,0.0,0.0,0.0
0,0,0,0,24,0.15,89.2,1.7,245,2026-09-15 22:30:00,PT5M,0.0,0.0,0.0,0.0,0.0
0,0,0,0,24,0.15,89.1,1.6,244,2026-09-15 22:35:00,PT5M,0.0,0.0,0.0,0.0,0.0
0,0,0,0,24,0.15,89.1,1.6,243,2026-09-15 22:40:00,PT5M,0.0,0.0,0.0,0.0,0.0
0,0,0,0,24,0.15,89.1,1.6,242,2026-09-15 22:45:00,PT5M,0.0,0.0,0.0,0.0,0.0
0,0,0,0,24,0.15,89.0,1.6,241,2026-09-15 22:50:00,PT5M,0.0,0.0,0.0,0.0,0.0
0,0,0,0,24,0.15,89.0,1.6,240,2026-09-15 22:55:00,PT5M,0.0,0.0,0.0,0.0,0.0
0,0,0,0,24,0.15,88.9,1.5,239,2026-09-15 23:00:00,PT5M,0.0,0.0,0.0,0.0,0.0
0,0,0,0,24,0.15,88.9,1.5,238,2026-09-15 23:05:00,PT5M,0.0,0.0,0.0,0.0,0.0
0,0,0,0,24,0.15,88.8,1.5,237,2026-09-15 23:10:00,PT5M,0.0,0.0,0.0,0.0,0.0
0,0,0,0,24,0.15,88.8,1.5,235,2026-09-15 23:15:00,PT5M,0.0,0.0,0.0,0.0,0.0
0,0,0,0,25,0.15,88.7,1.5,234,2026-09-15 23:20:00,PT5M,0.0,0.0,0.0,0.0,0.0
0,0,0,0,25,0.15,88.7,1.4,233,2026-09-15 23:25:00,PT5M,0.0,0.0,0.0,0.0,0.0
0,0,0,0,25,0.15,88.7,1.4,231,2026-09-15 23:30:00,PT5M,0.0,0.0,0.0,0.0,0.0
0,0,0,0,25,0.15,88.6,1.4,231,2026-09-15 23:35:00,PT5M,0.0,0.0,0.0,0.0,0.0
0,0,0,0,25,0.15,88.6,1.4,231,2026-09-15 23:40:00,PT5M,0.0,0.0,0.0,0.0,0.0
0,0,0,0,25,0.15,88.5,1.3,231,2026-09-15 23:45:00,PT5M,0.0,0.0,0.0,0.0,0.0
0,0,0,0,25,0.15,88.5,1.3,230,2026-09-15 23:50:00,PT5M,0.0,0.0,0.0,0.0,0.0
0,0,0,0,25,0.15,88.4,1.2,230,2026-09-15 23:55:00,PT5M,0.0,0.0,0.0,0.0,0.0
0,0,0,0,25,0.15,88.4,1.2,230,2026-09-16 00:00:00,PT5M,0.0,0.0,0.0,0.0,0.0
0,0,0,0,25,0.15,88.3,1.2,230,2026-09-16 00:05:00,PT5M,0.0,0.0,0.0,0.0,0.0
0,0,0,0,25,0.15,88.3,1.1,230,2026-09-16 00:10:00,PT5M,0.0,0.0,0.0,0.0,0.0
0,0,0,0,25,0.15,88.3,1.1,230,2026-09-16 00:15:00,PT5M,0.0,0.0,0.0,0.0,0.0
0,0,0,0,25,0.15,88.2,1.0,230,2026-09-16 00:20:00,PT5M,0.0,0.0,0.0,0.0,0.0
0,0,0,0,25,0.15,88.2,1.0,230,2026-09-16 00:25:00,PT5M,0.0,0.0,0.0,0.0,0.0
0,0,0,0,25,0.15,88.1,0.9,229,2026-09-16 00:30:00,PT5M,0.0,0.0,0.0,0.0,0.0
0,0,0,0,25,0.15,88.1,0.9,229,2026-09-16 00:35:00,PT5M,0.0,0.0,0.0,0.0,0.0
0,0,0,0,25,0.15,88.2,0.9,227,2026-09-16 00:40:00,PT5M,0.0,0.0,0.0,0.0,0.0
0,0,0,0,25,0.15,88.2,0.9,226,2026-09-16 00:45:00,PT5M,0.0,0.0,0.0,0.0,0.0
0,0,0,0,25,0.15,88.3,0.9,224,2026-09-16 00:50:00,PT5M,0.0,0.0,0.0,0.0,0.0
0,0,0,0,25,0.15,88.3,0.9,223,2026-09-16 00:55:00,PT5M,0.0,0.0,0.0,0.0,0.0
0,0,0,0,25,0.15,88.3,0.9,221,2026-09-16 01:00:00,PT5M,0.0,0.0,0.0,0.0,0.0
0,0,0,0,25,0.15,88.4,0.8,219,2026-09-16 01:05:00,PT5M,0.0,0.0,0.0,0.0,0.0
0,0,0,0,25,0.15,88.4,0.8,218,2026-09-16 01:10:00,PT5M,0.0,0.0,0.0,0.0,0.0
0,0,0,0,25,0.15,88.5,0.8,216,2026-09-16 01:15:00,PT5M,0.0,0.0,0.0,0.0,0.0
0,0,0,0,25,0.15,88.5,0.8,214,2026-09-16 01:20:00,PT5M,0.0,0.0,0.0,0.0,0.0
0,0,0,0,25,0.15,88.6,0.8,212,2026-09-16 01:25:00,PT5M,0.0,0.0,0.0,0.0,0.0
0,0,0,0,25,0.15,88.6,0.8,211,2026-09-16 01:30:00,PT5M,0.0,0.0,0.0,0.0,0.0
0,0,0,0,25,0.15,88.6,0.8,210,2026-09-16 01:35:00,PT5M,0.0,0.0,0.0,0.0,0.0
0,0,0,0,25,0.15,88.6,0.9,210,2026-09-16 01:40:00,PT5M,0.0,0.0,0.0,0.0,0.0
0,0,0,0,25,0.15,88.5,0.9,210,2026-09-16 01:45:00,PT5M,0.0,0.0,0.0,0.0,0.0
0,0,0,0,25,0.15,88.5,0.9,210,2026-09-16 01:50:00,PT5M,0.0,0.0,0.0,0.0,0.0
0,0,0,0,25,0.15,88.4,0.9,210,2026-09-16 01:55:00,PT5M,0.0,0.0,0.0,0.0,0.0
0,0,0,0,25,0.15,88.4,1.0,210,2026-09-16 02:00:00,PT5M,0.0,0.0,0.0,0.0,0.0
0,0,0,0,24,0.15,88.3,1.0,211,2026-09-16 02:05:00,PT5M,0.0,0.0,0.0,0.0,0.0
0,0,0,0,24,0.15,88.3,1.0,211,2026-09-16 02:10:00,PT5M,0.0,0.0,0.0,0.0,0.0
0,0,0,0,24,0.15,88.3,1.1,211,2026-09-16 02:15:00,PT5M,0.0,0.0,0.0,0.0,0.0
0,0,0,0,24,0.15,88.2,1.1,211,2026-09-16 02:20:00,PT5M,0.0,0.0,0.0,0.0,0.0
0,0,0,0,24,0.15,88.2,1.1,211,2026-09-16 02:25:00,PT5M,0.0,0.0,0.0,0.0,0.0
0,0,0,0,24,0.15,88.1,1.2,211,2026-09-16 02:30:00,PT5M,0.0,0.0,0.0,0.0,0.0
0,0,0,0,24,0.15,88.2,1.2,210,2026-09-16 02:35:00,PT5M,0.0,0.0,0.0,0.0,0.0
0,0,0,0,24,0.15,88.3,1.2,207,2026-09-16 02:40:00,PT5M,0.0,0.0,0.0,0.0,0.0
0,0,0,0,24,0.15,88.4,1.2,204,2026-09-16 02:45:00,PT5M,0.0,0.0,0.0,0.0,0.0
0,0,0,0,24,0.15,88.6,1.2,201,2026-09-16 02:50:00,PT5M,0.0,0.0,0.0,0.0,0.0
0,0,0,0,24,0.15,88.7,1.2,199,2026-09-16 02:55:00,PT5M,0.0,0.0,0.0,0.0,0.0
0,0,0,0,24,0.15,88.8,1.2,196,2026-09-16 03:00:00,PT5M,0.0,0.0,0.0,0.0,0.0
0,0,0,0,24,0.15,89.0,1.2,193,2026-09-16 03:05:00,PT5M,0.0,0.0,0.0,0.0,0.0
0,0,0,0,24,0.15,89.1,1.2,191,2026-09-16 03:10:00,PT5M,0.0,0.0,0.0,0.0,0.0
0,0,0,0,24,0.15,89.2,1.2,188,2026-09-16 03:15:00,PT5M,0.0,0.0,0.0,0.0,0.0
0,0,0,0,24,0.15,89.4,1.2,186,2026-09-16 03:20:00,PT5M,0.0,0.0,0.0,0.0,0.0
0,0,0,0,24,0.15,89.5,1.3,183,2026-09-16 03:25:00,PT5M,0.0,0.0,0.0,0.0,0.0
0,0,0,0,24,0.15,89.6,1.3,181,2026-09-16 03:30:00,PT5M,0.0,0.0,0.0,0.0,0.0
0,0,0,0,24,0.15,89.7,1.3,180,2026-09-16 03:35:00,PT5M,0.0,0.0,0.0,0.0,0.0
0,0,0,0,24,0.15,89.8,1.4,181,2026-09-16 03:40:00,PT5M,0.0,0.0,0.0,0.0,0.0
0,0,0,0,24,0.15,89.9,1.4,181,2026-09-16 03:45:00,PT5M,0.0,0.0,0.0,0.0,0.0
0,0,0,0,24,0.15,90.0,1.4,181,2026-09-16 03:50:00,PT5M,0.0,0.0,0.0,0.0,0.0
0,0,0,0,24,0.15,90.1,1.5,181,2026-09-16 03:55:00,PT5M,0.0,0.0,0.0,0.0,0.0
0,0,0,0,24,0.15,90.2,1.5,182,2026-09-16 04:00:00,PT5M,0.0,0.0,0.0,0.0,0.0
0,0,0,0,24,0.15,90.3,1.6,182,2026-09-16 04:05:00,PT5M,0.0,0.0,0.0,0.0,0.0
0,0,0,0,24,0.15,90.4,1.6,182,2026-09-16 04:10:00,PT5M,0.0,0.0,0.0,0.0,0.0
0,0,0,0,24,0.15,90.5,1.7,182,2026-09-16 04:15:00,PT5M,0.0,0.0,0.0,0.0,0.0
0,0,0,0,24,0.15,90.6,1.7,183,2026-09-16 04:20:00,PT5M,0.0,0.0,0.0,0.0,0.0
0,0,0,0,24,0.15,90.6,1.7,183,2026-09-16 04:25:00,PT5M,0.0,0.0,0.0,0.0,0.0
0,0,0,0,24,0.15,90.7,1.8,183,2026-09-16 04:30:00,PT5M,0.0,0.0,0.0,0.0,0.0
0,0,0,0,24,0.15,90.8,1.8,184,2026-09-16 04:35:00,PT5M,0.0,0.0,0.0,0.0,0.0
0,0,0,0,24,0.15,90.9,1.8,186,2026-09-16 04:40:00,PT5M,0.0,0.0,0.0,0.0,0.0
0,0,0,0,24,0.15,91.0,1.8,187,2026-09-16 04:45:00,PT5M,0.0,0.0,0.0,0.0,0.0
0,0,0,0,24,0.15,91.1,1.8,189,2026-09-16 04:50:00,PT5M,0.0,0.0,0.0,0.0,0.0
0,0,0,0,24,0.15,91.2,1.8,191,2026-09-16 04:55:00,PT5M,0.0,0.0,0.0,0.0,0.0
0,0,0,0,24,0.15,91.3,1.7,192,2026-09-16 05:00:00,PT5M,0.0,0.0,0.0,0.0,0.0
0,0,0,0,24,0.15,91.4,1.7,194,2026-09-16 05:05:00,PT5M,0.0,0.0,0.0,0.0,0.0
0,0,0,0,24,0.15,91.5,1.7,196,2026-09-16 05:10:00,PT5M,0.0,0.0,0.0,0.0,0.0
0,0,0,0,24,0.15,91.6,1.7,198,2026-09-16 05:15:00,PT5M,0.0,0.0,0.0,0.0,0.0
0,0,0,0,24,0.15,91.6,1.7,199,2026-09-16 05:20:00,PT5M,0.0,0.0,0.0,0.0,0.0
0,0,0,0,24,0.15,91.7,1.7,201,2026-09-16 05:25:00,PT5M,0.0,0.0,0.0,0.0,0.0
0,0,0,0,24,0.15,91.8,1.7,203,2026-09-16 05:30:00,PT5M,0.0,0.0,0.0,0.0,0.0
0,0,0,0,24,0.15,91.9,1.8,205,2026-09-16 05:35:00,PT5M,0.0,0.0,0.0,0.0,0.0
0,0,0,0,24,0.15,91.8,1.8,207,2026-09-16 05:40:00,PT5M,0.0,0.0,0.0,0.0,0.0
0,0,0,0,24,0.15,91.8,1.8,208,2026-09-16 05:45:00,PT5M,0.0,0.0,0.0,0.0,0.0
0,0,0,0,24,0.15,91.7,1.9,210,2026-09-16 05:50:00,PT5M,0.0,0.0,0.0,0.0,0.0
0,0,0,0,24,0.15,91.7,1.9,212,2026-09-16 05:55:00,PT5M,0.0,0.0,0.0,0.0,0.0
0,0,0,0,24,0.15,91.6,1.9,214,2026-09-16 06:00:00,PT5M,0.0,0.0,0.0,0.0,0.0
3,3,0,3,24,0.15,91.6,2.0,215,2026-09-16 06:05:00,PT5M,0.0,0.0,0.0,0.0,0.0
6,6,0,6,24,0.15,91.5,2.0,217,2026-09-16 06:10:00,PT5M,0.085,0.415,0.2587,0.0,0.0
10,10,0,10,24,0.15,91.5,2.0,218,2026-09-16 06:15:00,PT5M,0.582,1.3405,0.9812,0.1828,0.0
14,14,0,14,24,0.15,91.4,2.1,220,2026-09-16 06:20:00,PT5M,1.113,2.2715,1.7227,0.5033,0.0
18,18,0,18,24,0.15,91.4,2.1,221,2026-09-16 06:25:00,PT5M,1.669,3.1925,2.4708,0.8672,0.1455
23,23,0,23,24,0.15,91.3,2.2,223,2026-09-16 06:30:00,PT5M,2.307,4.2535,3.3315,1.2825,0.3605
29,29,0,29,24,0.15,91.3,2.2,223,2026-09-16 06:35:00,PT5M,3.126,5.572,4.4133,1.8387,0.68
37,37,0,37,24,0.15,91.2,2.2,223,2026-09-16 06:40:00,PT5M,4.12,7.107,5.6921,2.5479,1.133
46,46,0,46,24,0.15,91.1,2.2,223,2026-09-16 06:45:00,PT5M,5.271,9.135,7.3047,3.2373,1.407
56,57,0,57,24,0.15,91.0,2.2,223,2026-09-16 06:50:00,PT5M,6.644,11.805,9.3603,3.9277,1.483
68,68,0,68,24,0.15,90.9,2.2,222,2026-09-16 06:55:00,PT5M,8.097,14.7495,11.5983,4.5957,1.4445
81,81,0,81,24,0.15,90.8,2.2,222,2026-09-16 07:00:00,PT5M,9.677,18.12,14.1206,5.2334,1.234
94,94,0,94,24,0.15,90.7,2.2,222,2026-09-16 07:05:00,PT5M,11.348,21.7485,16.8219,5.8741,0.9475
108,109,0,109,24,0.15,90.6,2.2,222,2026-09-16 07:10:00,PT5M,13.146,25.7485,19.7788,6.5132,0.5435
124,124,0,124,24,0.15,90.5,2.2,222,2026-09-16 07:15:00,PT5M,15.063,30.136,22.996,7.13,0.0
141,141,20,135,24,0.15,90.4,2.3,222,2026-09-16 07:20:00,PT5M,18.296,36.1185,27.6761,8.9159,0.4735
159,159,42,144,24,0.15,90.3,2.3,222,2026-09-16 07:25:00,PT5M,21.832,42.6465,32.7868,10.8772,1.0175
178,179,68,153,24,0.15,90.3,2.3,221,2026-09-16 07:30:00,PT5M,25.98,50.0365,38.6411,13.3189,1.9235
194,195,83,161,24,0.15,90.3,2.3,221,2026-09-16 07:35:00,PT5M,29.175,55.9095,43.2456,15.1044,2.4405
205,206,87,170,24,0.15,90.5,2.3,221,2026-09-16 07:40:00,PT5M,30.992,59.713,46.1081,15.8759,2.271
217,218,90,178,24,0.15,90.7,2.3,221,2026-09-16 07:45:00,PT5M,32.635,62.9405,48.585,16.685,2.3295
229,230,94,187,24,0.15,90.9,2.2,221,2026-09-16 07:50:00,PT5M,34.132,65.159,50.4617,17.8023,3.105
241,241,97,195,24,0.15,91.0,2.2,221,2026-09-16 07:55:00,PT5M,35.589,67.279,52.2677,18.9103,3.899
252,253,100,203,24,0.15,91.2,2.2,221,2026-09-16 08:00:00,PT5M,37.001,69.3205,54.011,19.991,4.6815
264,265,103,212,24,0.15,91.4,2.2,220,2026-09-16 08:05:00,PT5M,38.366,71.273,55.6852,21.0468,5.459
275,276,105,220,24,0.15,91.6,2.2,220,2026-09-16 08:10:00,PT5M,39.462,72.904,57.0628,21.8612,6.02
286,287,108,228,24,0.15,91.8,2.2,220,2026-09-16 08:15:00,PT5M,40.73,74.6445,58.5794,22.8806,6.8155
298,299,110,236,24,0.15,92.0,2.2,220,2026-09-16 08:20:00,PT5M,41.947,76.2665,60.0096,23.8844,7.6275
308,310,112,244,24,0.15,92.1,2.2,220,2026-09-16 08:25:00,PT5M,43.145,77.7675,61.3671,24.9229,8.5225
319,320,114,251,24,0.15,92.3,2.2,220,2026-09-16 08:30:00,PT5M,44.317,79.195,62.6735,25.9605,9.439
331,332,117,259,24,0.15,92.4,2.2,219,2026-09-16 08:35:00,PT5M,45.601,80.7175,64.0831,27.1189,10.4845
342,343,122,266,24,0.15,92.3,2.2,219,2026-09-16 08:40:00,PT5M,46.997,82.3385,65.5975,28.3965,11.6555
354,355,126,273,24,0.15,92.2,2.1,219,2026-09-16 08:45:00,PT5M,48.353,83.9015,67.0624,29.6436,12.8045
366,367,130,279,24,0.15,92.1,2.1,219,2026-09-16 08:50:00,PT5M,49.668,85.41,68.4793,30.8567,13.926
377,378,134,286,24,0.15,92.0,2.1,219,2026-09-16 08:55:00,PT5M,50.954,86.8745,69.8592,32.0488,15.0335
388,390,138,292,24,0.15,91.9,2.1,219,2026-09-16 09:00:00,PT5M,52.21,88.296,71.2023,33.2177,16.124
400,401,143,299,24,0.15,91.8,2.0,219,2026-09-16 09:05:00,PT5M,53.498,89.779,72.5929,34.4031,17.217
412,413,147,305,24,0.15,91.7,2.0,219,2026-09-16 09:10:00,PT5M,54.779,91.2575,73.9779,35.5801,18.3005
423,424,152,311,24,0.15,91.6,2.0,219,2026-09-16 09:15:00,PT5M,56.03,92.737,75.3492,36.7108,19.323
434,435,156,316,24,0.15,91.5,2.0,219,2026-09-16 09:20:00,PT5M,57.253,93.9825,76.584,37.922,20.5235
445,446,161,322,24,0.15,91.5,2.0,219,2026-09-16 09:25:00,PT5M,58.448,94.89,77.6277,39.2683,22.006
456,457,165,327,24,0.15,91.4,1.9,219,2026-09-16 09:30:00,PT5M,59.614,95.7765,78.6466,40.5814,23.4515
467,468,169,332,24,0.15,91.2,1.9,219,2026-09-16 09:35:00,PT5M,60.622,96.5305,79.5209,41.7231,24.7135
476,477,170,338,24,0.15,91.0,1.9,220,2026-09-16 09:40:00,PT5M,61.474,97.156,80.2537,42.6943,25.792
484,485,172,343,24,0.15,90.7,1.9,220,2026-09-16 09:45:00,PT5M,62.27,97.74,80.9381,43.6019,26.8
493,494,173,348,24,0.15,90.5,1.9,221,2026-09-16 09:50:00,PT5M,63.028,98.298,81.5909,44.4651,27.758
501,502,174,353,24,0.15,90.3,1.9,222,2026-09-16 09:55:00,PT5M,63.762,98.8425,82.2251,45.2989,28.6815
508,509,175,358,24,0.15,90.1,1.9,223,2026-09-16 10:00:00,PT5M,64.468,99.37,82.8372,46.0988,29.566
516,517,177,363,24,0.15,89.8,1.9,223,2026-09-16 10:05:00,PT5M,65.142,99.8795,83.4246,46.8594,30.4045
523,524,178,367,24,0.15,89.6,1.9,224,2026-09-16 10:10:00,PT5M,65.789,100.0,83.9908,47.5872,31.205
530,531,179,372,24,0.15,89.4,1.9,225,2026-09-16 10:15:00,PT5M,66.409,100.0,84.5355,48.2825,31.968
537,538,180,376,24,0.15,89.2,1.9,225,2026-09-16 10:20:00,PT5M,67.003,100.0,85.0595,48.9465,32.695
543,544,181,380,24,0.15,88.9,1.9,226,2026-09-16 10:25:00,PT5M,67.573,100.0,85.5645,49.5815,33.3885
549,550,181,384,24,0.15,88.7,1.9,227,2026-09-16 10:30:00,PT5M,68.121,100.0,86.052,50.19,34.0515
553,554,179,388,24,0.15,88.5,1.9,227,2026-09-16 10:35:00,PT5M,68.302,100.0,86.2501,50.3539,34.2
553,554,172,392,24,0.15,88.4,1.9,228,2026-09-16 10:40:00,PT5M,68.124,100.0,86.1677,50.0803,33.8405
553,554,166,397,24,0.15,88.3,1.9,228,2026-09-16 10:45:00,PT5M,67.927,100.0,86.073,49.781,33.449
552,553,160,401,24,0.15,88.1,1.9,229,2026-09-16 10:50:00,PT5M,67.706,100.0,85.9618,49.4502,33.0195
551,552,154,405,24,0.15,88.0,1.9,230,2026-09-16 10:55:00,PT5M,67.456,100.0,85.8299,49.0821,32.545
550,551,148,409,24,0.15,87.9,1.9,230,2026-09-16 11:00:00,PT5M,67.142,100.0,85.6509,48.6331,31.9745
548,549,142,412,24,0.15,87.8,1.9,231,2026-09-16 11:05:00,PT5M,66.818,100.0,85.464,48.172,31.39
546,547,136,415,24,0.15,87.6,1.9,231,2026-09-16 11:10:00,PT5M,66.513,100.0,85.2903,47.7357,30.8355
544,545,130,418,24,0.15,87.5,1.9,232,2026-09-16 11:15:00,PT5M,66.188,100.0,85.1008,47.2752,30.253
541,542,124,420,24,0.15,87.4,1.9,232,2026-09-16 11:20:00,PT5M,65.809,100.0,84.8692,46.7488,29.594
538,539,118,423,24,0.15,87.2,1.9,233,2026-09-16 11:25:00,PT5M,65.401,100.0,84.6138,46.1882,28.896
535,536,113,424,25,0.15,87.1,1.9,233,2026-09-16 11:30:00,PT5M,64.963,100.0,84.3332,45.5928,28.159
535,536,111,426,25,0.15,86.6,1.9,234,2026-09-16 11:35:00,PT5M,64.911,100.0,84.3196,45.5024,28.034
538,539,113,427,25,0.15,85.7,1.9,235,2026-09-16 11:40:00,PT5M,65.238,100.0,84.5664,45.9096,28.5135
541,542,115,428,25,0.15,84.9,1.9,235,2026-09-16 11:45:00,PT5M,65.531,100.0,84.7828,46.2792,28.952
544,545,117,428,25,0.15,84.0,1.9,236,2026-09-16 11:50:00,PT5M,65.779,100.0,84.9595,46.5985,29.3355
546,547,119,429,25,0.15,83.2,1.9,236,2026-09-16 11:55:00,PT5M,65.987,100.0,85.1006,46.8734,29.6705
548,549,121,429,25,0.15,82.4,1.9,236,2026-09-16 12:00:00,PT5M,66.163,100.0,85.214,47.112,29.9655
550,551,122,429,25,0.15,81.6,1.9,237,2026-09-16 12:05:00,PT5M,66.343,100.0,85.3358,47.3502,30.256
552,553,124,429,26,0.15,80.8,1.9,237,2026-09-16 12:10:00,PT5M,66.506,100.0,85.4446,47.5674,30.522
553,554,126,428,26,0.15,80.0,1.9,238,2026-09-16 12:15:00,PT5M,66.637,100.0,85.5262,47.7478,30.747
553,554,127,428,26,0.15,79.2,1.9,238,2026-09-16 12:20:00,PT5M,66.72,100.0,85.5657,47.8743,30.9125
554,555,129,427,26,0.15,78.4,2.0,239,2026-09-16 12:25:00,PT5M,66.766,100.0,85.5736,47.9584,31.031
554,555,130,426,26,0.15,77.6,2.0,239,2026-09-16 12:30:00,PT5M,66.779,100.0,85.5529,48.0051,31.108
553,554,132,424,26,0.15,76.8,2.0,239,2026-09-16 12:35:00,PT5M,66.77,100.0,85.535,48.005,31.116
553,554,134,422,26,0.15,76.0,2.0,238,2026-09-16 12:40:00,PT5M,66.738,100.0,85.5185,47.9575,31.0545
552,553,135,420,27,0.15,75.3,1.9,238,2026-09-16 12:45:00,PT5M,66.675,100.0,85.4763,47.8737,30.952
551,552,137,418,27,0.15,74.5,1.9,237,2026-09-16 12:50:00,PT5M,66.57,100.0,85.3994,47.7406,30.7935
549,550,139,416,27,0.15,73.7,1.9,236,2026-09-16 12:55:00,PT5M,66.415,100.0,85.2826,47.5474,30.566
548,549,141,413,27,0.15,72.9,1.9,235,2026-09-16 13:00:00,PT5M,66.255,100.0,85.1592,47.3508,30.3365
546,547,142,410,27,0.15,72.2,1.9,234,2026-09-16 13:05:00,PT5M,66.115,100.0,85.0481,47.1819,30.1415
543,544,144,407,27,0.15,71.4,1.9,233,2026-09-16 13:10:00,PT5M,65.915,100.0,84.8897,46.9403,29.8625
540,541,145,404,27,0.15,70.7,1.9,232,2026-09-16 13:15:00,PT5M,65.667,100.0,84.6925,46.6415,29.518
537,538,147,400,28,0.15,70.0,1.9,232,2026-09-16 13:20:00,PT5M,65.387,100.0,84.4688,46.3052,29.131
534,535,148,396,28,0.15,69.3,1.9,231,2026-09-16 13:25:00,PT5M,65.079,100.0,84.2218,45.9362,28.707
530,531,150,393,28,0.15,68.5,1.8,230,2026-09-16 13:30:00,PT5M,64.748,100.0,83.9553,45.5407,28.2535
524,525,148,389,28,0.15,68.2,1.9,228,2026-09-16 13:35:00,PT5M,64.123,100.0,83.4358,44.8102,27.428
515,516,144,386,28,0.15,68.1,1.9,226,2026-09-16 13:40:00,PT5M,63.2,100.0,82.6581,43.7419,26.229
506,507,140,382,28,0.15,68.0,2.0,224,2026-09-16 13:45:00,PT5M,62.254,99.5035,81.8587,42.6493,25.0045
497,498,135,378,28,0.15,68.0,2.0,221,2026-09-16 13:50:00,PT5M,61.279,98.8105,81.0321,41.5259,23.7475
488,489,131,374,28,0.15,67.9,2.1,219,2026-09-16 13:55:00,PT5M,60.275,98.092,80.1784,40.3716,22.458
479,480,127,370,28,0.15,67.8,2.1,218,2026-09-16 14:00:00,PT5M,59.242,97.348,79.2975,39.1865,21.136
469,470,122,365,28,0.15,67.8,2.2,216,2026-09-16 14:05:00,PT5M,58.179,96.578,78.3887,37.9693,19.78
460,461,118,361,28,0.15,67.7,2.3,214,2026-09-16 14:10:00,PT5M,57.08,95.778,77.447,36.713,18.382
450,451,114,356,28,0.15,67.6,2.3,212,2026-09-16 14:15:00,PT5M,55.954,94.953,76.4795,35.4285,16.955
440,441,109,351,28,0.15,67.6,2.4,211,2026-09-16 14:20:00,PT5M,54.802,94.104,75.4869,34.1171,15.5
429,430,105,345,28,0.15,67.5,2.5,210,2026-09-16 14:25:00,PT5M,53.595,93.2055,74.4423,32.7477,13.9845
419,420,100,340,28,0.15,67.4,2.6,208,2026-09-16 14:30:00,PT5M,52.504,92.4255,73.515,31.493,12.5825
408,409,96,334,28,0.15,67.7,2.6,207,2026-09-16 14:35:00,PT5M,51.322,91.523,72.4801,30.1639,11.121
398,399,93,328,28,0.15,68.3,2.7,206,2026-09-16 14:40:00,PT5M,50.191,90.642,71.4807,28.9013,9.74
388,389,89,322,28,0.15,69.0,2.8,205,2026-09-16 14:45:00,PT5M,49.034,89.7385,70.4571,27.6109,8.3295
378,379,86,315,27,0.15,69.6,2.9,204,2026-09-16 14:50:00,PT5M,47.851,88.812,69.4091,26.2929,6.89
368,369,82,309,27,0.15,70.3,3.0,203,2026-09-16 14:55:00,PT5M,46.641,87.8615,68.3356,24.9464,5.4205
357,358,79,302,27,0.15,70.9,3.0,202,2026-09-16 15:00:00,PT5M,45.406,86.9055,67.2475,23.5645,3.9065
347,348,76,295,27,0.15,71.6,3.1,202,2026-09-16 15:05:00,PT5M,44.19,85.9675,66.1778,22.2022,2.4125
336,337,73,288,27,0.15,72.3,3.2,201,2026-09-16 15:10:00,PT5M,42.972,85.026,65.1053,20.8387,0.918
326,327,69,281,27,0.15,72.9,3.3,200,2026-09-16 15:15:00,PT5M,41.727,84.0595,64.0069,19.4471,0.0
315,316,66,273,27,0.15,73.6,3.4,199,2026-09-16 15:20:00,PT5M,40.454,82.8225,62.7528,18.1552,0.0
305,306,63,266,26,0.15,74.3,3.4,199,2026-09-16 15:25:00,PT5M,39.139,81.4625,61.4142,16.8638,0.0
294,295,60,258,26,0.15,75.0,3.5,198,2026-09-16 15:30:00,PT5M,37.793,80.047,60.0316,15.5544,0.0
284,284,57,251,26,0.15,75.6,3.5,198,2026-09-16 15:35:00,PT5M,36.455,78.59,58.631,14.279,0.0
273,274,54,243,26,0.15,76.1,3.5,199,2026-09-16 15:40:00,PT5M,35.122,77.0805,57.2051,13.0389,0.0
263,263,50,235,26,0.15,76.6,3.4,199,2026-09-16 15:45:00,PT5M,33.787,75.4845,55.7327,11.8413,0.0
252,253,47,227,26,0.15,77.1,3.4,200,2026-09-16 15:50:00,PT5M,32.43,73.7725,54.1889,10.6711,0.0
241,242,44,219,26,0.15,77.6,3.3,200,2026-09-16 15:55:00,PT5M,31.034,71.9415,52.5639,9.5041,0.0
231,231,40,211,26,0.15,78.1,3.2,201,2026-09-16 16:00:00,PT5M,29.599,70.001,50.8629,8.3351,0.0
220,220,36,203,25,0.15,78.6,3.2,201,2026-09-16 16:05:00,PT5M,28.125,67.8945,49.056,7.194,0.0
209,210,32,194,25,0.15,79.1,3.1,202,2026-09-16 16:10:00,PT5M,26.611,65.7625,47.2167,6.0053,0.0
198,199,28,186,25,0.15,79.6,3.1,202,2026-09-16 16:15:00,PT5M,25.349,63.8385,45.6063,5.0917,0.0
187,188,24,177,25,0.15,80.1,3.0,203,2026-09-16 16:20:00,PT5M,23.767,61.485,43.6183,3.9157,0.0
176,177,20,169,25,0.15,80.6,2.9,204,2026-09-16 16:25:00,PT5M,22.369,57.6315,40.9279,3.8101,0.0
165,166,15,160,25,0.15,81.2,2.9,204,2026-09-16 16:30:00,PT5M,20.852,53.796,38.1907,3.5133,0.0
155,156,12,151,25,0.15,81.4,2.9,205,2026-09-16 16:35:00,PT5M,19.431,50.136,35.5913,3.2707,0.0
145,146,10,142,25,0.15,81.4,2.9,205,2026-09-16 16:40:00,PT5M,18.108,46.6475,33.1285,3.0875,0.0
135,135,7,133,25,0.15,81.4,2.9,206,2026-09-16 16:45:00,PT5M,16.754,43.1325,30.6372,2.8708,0.0
125,125,4,124,25,0.15,81.4,2.9,206,2026-09-16 16:50:00,PT5M,15.348,39.57,28.0962,2.5998,0.0
115,115,1,115,25,0.15,81.4,2.9,206,2026-09-16 16:55:00,PT5M,13.93,36.01,25.5509,2.3091,0.0
105,105,0,105,25,0.15,81.4,2.9,206,2026-09-16 17:00:00,PT5M,12.665,32.633,23.1743,2.1557,0.0
95,95,0,95,25,0.15,81.4,2.9,207,2026-09-16 17:05:00,PT5M,11.406,29.331,20.8401,1.9719,0.0
84,84,0,84,25,0.15,81.4,2.9,207,2026-09-16 17:10:00,PT5M,10.146,26.121,18.5538,1.7382,0.0
74,74,0,74,25,0.15,81.4,2.9,207,2026-09-16 17:15:00,PT5M,8.821,22.9045,16.2332,1.4088,0.0
64,64,0,64,25,0.15,81.4,2.9,208,2026-09-16 17:20:00,PT5M,7.543,19.7175,13.9505,1.1355,0.0
54,55,0,55,25,0.15,81.4,2.9,208,2026-09-16 17:25:00,PT5M,6.389,16.588,11.7568,1.0212,0.0
45,45,0,45,25,0.15,81.4,2.9,208,2026-09-16 17:30:00,PT5M,5.238,13.4475,9.5587,0.9173,0.0
36,36,0,36,25,0.15,81.4,3.0,209,2026-09-16 17:35:00,PT5M,3.998,9.139,6.7037,1.2923,0.0
27,27,0,27,25,0.15,81.5,3.0,210,2026-09-16 17:40:00,PT5M,2.89,6.4755,4.7771,1.0029,0.0
20,20,0,20,25,0.15,81.6,3.1,210,2026-09-16 17:45:00,PT5M,1.914,4.1275,3.079,0.749,0.0
13,13,0,13,25,0.15,81.7,3.1,211,2026-09-16 17:50:00,PT5M,1.023,2.2465,1.6669,0.3791,0.0
7,7,0,7,25,0.15,81.7,3.1,212,2026-09-16 17:55:00,PT5M,0.236,0.7395,0.501,0.0,0.0
2,2,0,2,24,0.15,81.8,3.2,213,2026-09-16 18:00:00,PT5M,0.0,0.0,0.0,0.0,0.0
0,0,0,0,24,0.15,81.9,3.2,213,2026-09-16 18:05:00,PT5M,0.0,0.0,0.0,0.0,0.0
0,0,0,0,24,0.15,82.0,3.3,214,2026-09-16 18:10:00,PT5M,0.0,0.0,0.0,0.0,0.0
0,0,0,0,24,0.15,82.1,3.3,215,2026-09-16 18:15:00,PT5M,0.0,0.0,0.0,0.0,0.0
0,0,0,0,24,0.15,82.1,3.4,215,2026-09-16 18:20:00,PT5M,0.0,0.0,0.0,0.0,0.0
0,0,0,0,24,0.15,82.2,3.4,216,2026-09-16 18:25:00,PT5M,0.0,0.0,0.0,0.0,0.0
0,0,0,0,24,0.15,82.3,3.5,217,2026-09-16 18:30:00,PT5M,0.0,0.0,0.0,0.0,0.0
0,0,0,0,24,0.15,82.4,3.5,217,2026-09-16 18:35:00,PT5M,0.0,0.0,0.0,0.0,0.0
0,0,0,0,24,0.15,82.7,3.4,217,2026-09-16 18:40:00,PT5M,0.0,0.0,0.0,0.0,0.0
0,0,0,0,24,0.15,82.9,3.3,217,2026-09-16 18:45:00,PT5M,0.0,0.0,0.0,0.0,0.0
0,0,0,0,24,0.15,83.1,3.3,217,2026-09-16 18:50:00,PT5M,0.0,0.0,0.0,0.0,0.0
0,0,0,0,24,0.15,83.3,3.2,217,2026-09-16 18:55:00,PT5M,0.0,0.0,0.0,0.0,0.0
0,0,0,0,24,0.15,83.5,3.1,217,2026-09-16 19:00:00,PT5M,0.0,0.0,0.0,0.0,0.0
0,0,0,0,24,0.15,83.7,3.1,216,2026-09-16 19:05:00,PT5M,0.0,0.0,0.0,0.0,0.0
0,0,0,0,24,0.15,83.9,3.0,216,2026-09-16 19:10:00,PT5M,0.0,0.0,0.0,0.0,0.0
0,0,0,0,24,0.15,84.1,2.9,216,2026-09-16 19:15:00,PT5M,0.0,0.0,0.0,0.0,0.0
0,0,0,0,24,0.15,84.3,2.9,216,2026-09-16 19:20:00,PT5M,0.0,0.0,0.0,0.0,0.0
0,0,0,0,24,0.15,84.5,2.8,216,2026-09-16 19:25:00,PT5M,0.0,0.0,0.0,0.0,0.0
0,0,0,0,24,0.15,84.8,2.8,216,2026-09-16 19:30:00,PT5M,0.0,0.0,0.0,0.0,0.0
0,0,0,0,24,0.15,85.0,2.7,216,2026-09-16 19:35:00,PT5M,0.0,0.0,0.0,0.0,0.0
0,0,0,0,24,0.15,85.3,2.7,215,2026-09-16 19:40:00,PT5M,0.0,0.0,0.0,0.0,0.0
0,0,0,0,24,0.15,85.5,2.6,215,2026-09-16 19:45:00,PT5M,0.0,0.0,0.0,0.0,0.0
0,0,0,0,24,0.15,85.8,2.6,215,2026-09-16 19:50:00,PT5M,0.0,0.0,0.0,0.0,0.0
0,0,0,0,24,0.15,86.0,2.6,214,2026-09-16 19:55:00,PT5M,0.0,0.0,0.0,0.0,0.0
0,0,0,0,24,0.15,86.3,2.5,214,2026-09-16 20:00:00,PT5M,0.0,0.0,0.0,0.0,0.0
0,0,0,0,24,0.15,86.6,2.5,213,2026-09-16 20:05:00,PT5M,0.0,0.0,0.0,0.0,0.0
0,0,0,0,24,0.15,86.8,2.5,213,2026-09-16 20:10:00,PT5M,0.0,0.0,0.0,0.0,0.0
0,0,0,0,24,0.15,87.1,2.4,213,2026-09-16 20:15:00,PT5M,0.0,0.0,0.0,0.0,0.0
0,0,0,0,24,0.15,87.4,2.4,212,2026-09-16 20:20:00,PT5M,0.0,0.0,0.0,0.0,0.0
0,0,0,0,24,0.15,87.6,2.4,212,2026-09-16 20:25:00,PT5M,0.0,0.0,0.0,0.0,0.0
0,0,0,0,24,0.15,87.9,2.3,211,2026-09-16 20:30:00,PT5M,0.0,0.0,0.0,0.0,0.0
0,0,0,0,24,0.15,88.1,2.3,211,2026-09-16 20:35:00,PT5M,0.0,0.0,0.0,0.0,0.0
0,0,0,0,24,0.15,88.2,2.2,211,2026-09-16 20:40:00,PT5M,0.0,0.0,0.0,0.0,0.0
0,0,0,0,24,0.15,88.4,2.1,211,2026-09-16 20:45:00,PT5M,0.0,0.0,0.0,0.0,0.0
0,0,0,0,24,0.15,88.5,2.0,211,2026-09-16 20:50:00,PT5M,0.0,0.0,0.0,0.0,0.0
0,0,0,0,24,0.15,88.6,1.9,210,2026-09-16 20:55:00,PT5M,0.0,0.0,0.0,0.0,0.0
0,0,0,0,24,0.15,88.8,1.8,210,2026-09-16 21:00:00,PT5M,0.0,0.0,0.0,0.0,0.0
0,0,0,0,23,0.15,88.9,1.7,210,2026-09-16 21:05:00,PT5M,0.0,0.0,0.0,0.0,0.0
0,0,0,0,23,0.15,89.0,1.7,210,2026-09-16 21:10:00,PT5M,0.0,0.0,0.0,0.0,0.0
0,0,0,0,23,0.15,89.2,1.6,210,2026-09-16 21:15:00,PT5M,0.0,0.0,0.0,0.0,0.0
0,0,0,0,23,0.15,89.3,1.5,209,2026-09-16 21:20:00,PT5M,0.0,0.0,0.0,0.0,0.0
0,0,0,0,23,0.15,89.4,1.4,209,2026-09-16 21:25:00,PT5M,0.0,0.0,0.0,0.0,0.0
0,0,0,0,23,0.15,89.6,1.3,209,2026-09-16 21:30:00,PT5M,0.0,0.0,0.0,0.0,0.0
0,0,0,0,23,0.15,89.7,1.2,209,2026-09-16 21:35:00,PT5M,0.0,0.0,0.0,0.0,0.0
0,0,0,0,23,0.15,89.7,1.1,211,2026-09-16 21:40:00,PT5M,0.0,0.0,0.0,0.0,0.0
0,0,0,0,23,0.15,89.8,1.0,212,2026-09-16 21:45:00,PT5M,0.0,0.0,0.0,0.0,0.0
0,0,0,0,23,0.15,89.8,0.9,214,2026-09-16 21:50:00,PT5M,0.0,0.0,0.0,0.0,0.0
0,0,0,0,23,0.15,89.8,0.8,217,2026-09-16 21:55:00,PT5M,0.0,0.0,0.0,0.0,0.0
0,0,0,0,23,0.15,89.9,0.7,220,2026-09-16 22:00:00,PT5M,0.0,0.0,0.0,0.0,0.0
0,0,0,0,23,0.15,89.9,0.6,224,2026-09-16 22:05:00,PT5M,0.0,0.0,0.0,0.0,0.0
0,0,0,0,23,0.15,90.0,0.5,230,2026-09-16 22:10:00,PT5M,0.0,0.0,0.0,0.0,0.0
0,0,0,0,23,0.15,90.0,0.5,237,2026-09-16 22:15:00,PT5M,0.0,0.0,0.0,0.0,0.0
0,0,0,0,23,0.15,90.1,0.4,248,2026-09-16 22:20:00,PT5M,0.0,0.0,0.0,0.0,0.0
0,0,0,0,23,0.15,90.1,0.3,262,2026-09-16 22:25:00,PT5M,0.0,0.0,0.0,0.0,0.0
0,0,0,0,23,0.15,90.2,0.3,279,2026-09-16 22:30:00,PT5M,0.0,0.0,0.0,0.0,0.0
0,0,0,0,23,0.15,90.2,0.4,284,2026-09-16 22:35:00,PT5M,0.0,0.0,0.0,0.0,0.0
0,0,0,0,23,0.15,90.1,0.4,278,2026-09-16 22:40:00,PT5M,0.0,0.0,0.0,0.0,0.0
0,0,0,0,23,0.15,90.1,0.5,274,2026-09-16 22:45:00,PT5M,0.0,0.0,0.0,0.0,0.0
0,0,0,0,23,0.15,90.0,0.6,271,2026-09-16 22:50:00,PT5M,0.0,0.0,0.0,0.0,0.0
0,0,0,0,23,0.15,90.0,0.7,269,2026-09-16 22:55:00,PT5M,0.0,0.0,0.0,0.0,0.0
0,0,0,0,23,0.15,89.9,0.8,267,2026-09-16 23:00:00,PT5M,0.0,0.0,0.0,0.0,0.0
0,0,0,0,23,0.15,89.9,0.8,266,2026-09-16 23:05:00,PT5M,0.0,0.0,0.0,0.0,0.0
0,0,0,0,23,0.15,89.8,0.9,265,2026-09-16 23:10:00,PT5M,0.0,0.0,0.0,0.0,0.0
0,0,0,0,23,0.15,89.8,1.0,264,2026-09-16 23:15:00,PT5M,0.0,0.0,0.0,0.0,0.0
0,0,0,0,23,0.15,89.8,1.1,263,2026-09-16 23:20:00,PT5M,0.0,0.0,0.0,0.0,0.0
0,0,0,0,23,0.15,89.7,1.2,262,2026-09-16 23:25:00,PT5M,0.0,0.0,0.0,0.0,0.0
0,0,0,0,23,0.15,89.7,1.3,262,2026-09-16 23:30:00,PT5M,0.0,0.0,0.0,0.0,0.0
0,0,0,0,23,0.15,89.8,1.4,259,2026-09-16 23:35:00,PT5M,0.0,0.0,0.0,0.0,0.0
0,0,0,0,23,0.15,90.0,1.5,255,2026-09-16 23:40:00,PT5M,0.0,0.0,0.0,0.0,0.0
0,0,0,0,23,0.15,90.2,1.6,251,2026-09-16 23:45:00,PT5M,0.0,0.0,0.0,0.0,0.0
0,0,0,0,23,0.15,90.4,1.7,248,2026-09-16 23:50:00,PT5M,0.0,0.0,0.0,0.0,0.0
0,0,0,0,23,0.15,90.7,1.8,246,2026-09-16 23:55:00,PT5M,0.0,0.0,0.0,0.0,0.0
0,0,0,0,23,0.15,90.9,2.0,243,2026-09-17 00:00:00,PT5M,0.0,0.0,0.0,0.0,0.0
0,0,0,0,23,0.15,91.1,2.1,241,2026-09-17 00:05:00,PT5M,0.0,0.0,0.0,0.0,0.0
0,0,0,0,23,0.15,91.3,2.2,239,2026-09-17 00:10:00,PT5M,0.0,0.0,0.0,0.0,0.0
0,0,0,0,23,0.15,91.6,2.4,238,2026-09-17 00:15:00,PT5M,0.0,0.0,0.0,0.0,0.0
0,0,0,0,23,0.15,91.8,2.5,236,2026-09-17 00:20:00,PT5M,0.0,0.0,0.0,0.0,0.0
0,0,0,0,23,0.15,92.0,2.6,235,2026-09-17 00:25:00,PT5M,0.0,0.0,0.0,0.0,0.0
0,0,0,0,23,0.15,92.3,2.8,234,2026-09-17 00:30:00,PT5M,0.0,0.0,0.0,0.0,0.0
0,0,0,0,23,0.15,92.4,2.9,233,2026-09-17 00:35:00,PT5M,0.0,0.0,0.0,0.0,0.0
0,0,0,0,23,0.15,92.5,2.9,233,2026-09-17 00:40:00,PT5M,0.0,0.0,0.0,0.0,0.0
0,0,0,0,23,0.15,92.5,3.0,233,2026-09-17 00:45:00,PT5M,0.0,0.0,0.0,0.0,0.0
0,0,0,0,23,0.15,92.5,3.0,233,2026-09-17 00:50:00,PT5M,0.0,0.0,0.0,0.0,0.0
0,0,0,0,23,0.15,92.6,3.0,233,2026-09-17 00:55:00,PT5M,0.0,0.0,0.0,0.0,0.0
0,0,0,0,23,0.15,92.6,3.1,232,2026-09-17 01:00:00,PT5M,0.0,0.0,0.0,0.0,0.0
0,0,0,0,23,0.15,92.7,3.1,232,2026-09-17 01:05:00,PT5M,0.0,0.0,0.0,0.0,0.0
0,0,0,0,23,0.15,92.7,3.2,232,2026-09-17 01:10:00,PT5M,0.0,0.0,0.0,0.0,0.0
0,0,0,0,23,0.15,92.8,3.2,232,2026-09-17 01:15:00,PT5M,0.0,0.0,0.0,0.0,0.0
0,0,0,0,23,0.15,92.8,3.2,232,2026-09-17 01:20:00,PT5M,0.0,0.0,0.0,0.0,0.0
0,0,0,0,22,0.15,92.9,3.3,231,2026-09-17 01:25:00,PT5M,0.0,0.0,0.0,0.0,0.0
0,0,0,0,22,0.15,92.9,3.3,231,2026-09-17 01:30:00,PT5M,0.0,0.0,0.0,0.0,0.0
0,0,0,0,22,0.15,93.0,3.3,231,2026-09-17 01:35:00,PT5M,0.0,0.0,0.0,0.0,0.0
0,0,0,0,22,0.15,93.1,3.2,230,2026-09-17 01:40:00,PT5M,0.0,0.0,0.0,0.0,0.0
0,0,0,0,22,0.15,93.2,3.2,230,2026-09-17 01:45:00,PT5M,0.0,0.0,0.0,0.0,0.0
0,0,0,0,22,0.15,93.3,3.1,229,2026-09-17 01:50:00,PT5M,0.0,0.0,0.0,0.0,0.0
0,0,0,0,22,0.15,93.4,3.1,229,2026-09-17 01:55:00,PT5M,0.0,0.0,0.0,0.0,0.0
0,0,0,0,22,0.15,93.5,3.0,228,2026-09-17 02:00:00,PT5M,0.0,0.0,0.0,0.0,0.0
0,0,0,0,22,0.15,93.5,2.9,227,2026-09-17 02:05:00,PT5M,0.0,0.0,0.0,0.0,0.0
0,0,0,0,22,0.15,93.6,2.9,227,2026-09-17 02:10:00,PT5M,0.0,0.0,0.0,0.0,0.0
0,0,0,0,22,0.15,93.7,2.8,226,2026-09-17 02:15:00,PT5M,0.0,0.0,0.0,0.0,0.0
0,0,0,0,22,0.15,93.8,2.8,225,2026-09-17 02:20:00,PT5M,0.0,0.0,0.0,0.0,0.0
0,0,0,0,22,0.15,93.9,2.7,225,2026-09-17 02:25:00,PT5M,0.0,0.0,0.0,0.0,0.0
0,0,0,0,22,0.15,94.0,2.6,224,2026-09-17 02:30:00,PT5M,0.0,0.0,0.0,0.0,0.0
0,0,0,0,22,0.15,94.0,2.6,223,2026-09-17 02:35:00,PT5M,0.0,0.0,0.0,0.0,0.0
0,0,0,0,22,0.15,93.9,2.6,222,2026-09-17 02:40:00,PT5M,0.0,0.0,0.0,0.0,0.0
0,0,0,0,22,0.15,93.8,2.6,222,2026-09-17 02:45:00,PT5M,0.0,0.0,0.0,0.0,0.0
0,0,0,0,22,0.15,93.7,2.6,221,2026-09-17 02:50:00,PT5M,0.0,0.0,0.0,0.0,0.0
0,0,0,0,22,0.15,93.6,2.6,221,2026-09-17 02:55:00,PT5M,0.0,0.0,0.0,0.0,0.0
0,0,0,0,22,0.15,93.5,2.6,220,2026-09-17 03:00:00,PT5M,0.0,0.0,0.0,0.0,0.0
0,0,0,0,22,0.15,93.5,2.6,219,2026-09-17 03:05:00,PT5M,0.0,0.0,0.0,0.0,0.0
0,0,0,0,22,0.15,93.4,2.6,219,2026-09-17 03:10:00,PT5M,0.0,0.0,0.0,0.0,0.0
0,0,0,0,22,0.15,93.3,2.6,218,2026-09-17 03:15:00,PT5M,0.0,0.0,0.0,0.0,0.0
0,0,0,0,22,0.15,93.2,2.6,217,2026-09-17 03:20:00,PT5M,0.0,0.0,0.0,0.0,0.0
0,0,0,0,22,0.15,93.1,2.6,217,2026-09-17 03:25:00,PT5M,0.0,0.0,0.0,0.0,0.0
0,0,0,0,22,0.15,93.0,2.6,216,2026-09-17 03:30:00,PT5M,0.0,0.0,0.0,0.0,0.0
0,0,0,0,22,0.15,92.9,2.6,216,2026-09-17 03:35:00,PT5M,0.0,0.0,0.0,0.0,0.0
0,0,0,0,22,0.15,92.9,2.5,216,2026-09-17 03:40:00,PT5M,0.0,0.0,0.0,0.0,0.0
0,0,0,0,22,0.15,92.8,2.5,217,2026-09-17 03:45:00,PT5M,0.0,0.0,0.0,0.0,0.0
0,0,0,0,22,0.15,92.8,2.5,218,2026-09-17 03:50:00,PT5M,0.0,0.0,0.0,0.0,0.0
0,0,0,0,22,0.15,92.7,2.4,218,2026-09-17 03:55:00,PT5M,0.0,0.0,0.0,0.0,0.0
0,0,0,0,22,0.15,92.7,2.4,219,2026-09-17 04:00:00,PT5M,0.0,0.0,0.0,0.0,0.0
0,0,0,0,23,0.15,92.6,2.4,219,2026-09-17 04:05:00,PT5M,0.0,0.0,0.0,0.0,0.0
0,0,0,0,23,0.15,92.6,2.3,220,2026-09-17 04:10:00,PT5M,0.0,0.0,0.0,0.0,0.0
0,0,0,0,23,0.15,92.5,2.3,221,2026-09-17 04:15:00,PT5M,0.0,0.0,0.0,0.0,0.0
0,0,0,0,23,0.15,92.5,2.3,221,2026-09-17 04:20:00,PT5M,0.0,0.0,0.0,0.0,0.0
0,0,0,0,23,0.15,92.4,2.2,222,2026-09-17 04:25:00,PT5M,0.0,0.0,0.0,0.0,0.0
0,0,0,0,23,0.15,92.4,2.2,223,2026-09-17 04:30:00,PT5M,0.0,0.0,0.0,0.0,0.0
0,0,0,0,23,0.15,92.4,2.2,223,2026-09-17 04:35:00,PT5M,0.0,0.0,0.0,0.0,0.0
0,0,0,0,23,0.15,92.5,2.2,223,2026-09-17 04:40:00,PT5M,0.0,0.0,0.0,0.0,0.0
0,0,0,0,23,0.15,92.6,2.2,224,2026-09-17 04:45:00,PT5M,0.0,0.0,0.0,0.0,0.0
0,0,0,0,23,0.15,92.7,2.2,224,2026-09-17 04:50:00,PT5M,0.0,0.0,0.0,0.0,0.0
0,0,0,0,23,0.15,92.8,2.2,224,2026-09-17 04:55:00,PT5M,0.0,0.0,0.0,0.0,0.0
0,0,0,0,23,0.15,92.9,2.2,224,2026-09-17 05:00:00,PT5M,0.0,0.0,0.0,0.0,0.0
0,0,0,0,23,0.15,93.0,2.2,224,2026-09-17 05:05:00,PT5M,0.0,0.0,0.0,0.0,0.0
0,0,0,0,23,0.15,93.1,2.2,224,2026-09-17 05:10:00,PT5M,0.0,0.0,0.0,0.0,0.0
0,0,0,0,23,0.15,93.2,2.2,224,2026-09-17 05:15:00,PT5M,0.0,0.0,0.0,0.0,0.0
0,0,0,0,23,0.15,93.3,2.2,225,2026-09-17 05:20:00,PT5M,0.0,0.0,0.0,0.0,0.0
0,0,0,0,23,0.15,93.4,2.3,225,2026-09-17 05:25:00,PT5M,0.0,0.0,0.0,0.0,0.0
0,0,0,0,23,0.15,93.5,2.3,225,2026-09-17 05:30:00,PT5M,0.0,0.0,0.0,0.0,0.0
0,0,0,0,23,0.15,93.4,2.3,225,2026-09-17 05:35:00,PT5M,0.0,0.0,0.0,0.0,0.0
0,0,0,0,23,0.15,93.2,2.3,224,2026-09-17 05:40:00,PT5M,0.0,0.0,0.0,0.0,0.0
0,0,0,0,23,0.15,93.0,2.4,224,2026-09-17 05:45:00,PT5M,0.0,0.0,0.0,0.0,0.0
0,0,0,0,23,0.15,92.8,2.4,224,2026-09-17 05:50:00,PT5M,0.0,0.0,0.0,0.0,0.0
0,0,0,0,23,0.15,92.7,2.4,223,2026-09-17 05:55:00,PT5M,0.0,0.0,0.0,0.0,0.0
0,0,0,0,23,0.15,92.5,2.5,223,2026-09-17 06:00:00,PT5M,0.0,0.0,0.0,0.0,0.0
4,4,0,4,23,0.15,92.3,2.5,222,2026-09-17 06:05:00,PT5M,0.0,0.1455,0.0766,0.0,0.0
8,8,0,8,23,0.15,92.1,2.6,222,2026-09-17 06:10:00,PT5M,0.404,1.1245,0.7832,0.0248,0.0
13,13,0,13,23,0.15,91.9,2.6,222,2026-09-17 06:15:00,PT5M,1.069,2.517,1.8311,0.3069,0.0
19,19,0,19,23,0.15,91.7,2.7,221,2026-09-17 06:20:00,PT5M,1.769,4.23,3.0642,0.4738,0.0
24,24,0,24,23,0.15,91.5,2.7,221,2026-09-17 06:25:00,PT5M,2.492,5.9365,4.3049,0.6791,0.0
31,31,0,31,23,0.15,91.4,2.7,221,2026-09-17 06:30:00,PT5M,3.314,7.896,5.7255,0.9025,0.0
38,39,0,39,23,0.15,91.0,2.8,221,2026-09-17 06:35:00,PT5M,4.365,10.3425,7.511,1.219,0.0
49,49,0,49,23,0.15,90.4,2.9,221,2026-09-17 06:40:00,PT5M,5.637,13.213,9.6243,1.6497,0.0
60,60,0,60,23,0.15,89.8,2.9,222,2026-09-17 06:45:00,PT5M,7.098,16.44,12.0148,2.1812,0.0
73,74,0,74,23,0.15,89.2,3.0,222,2026-09-17 06:50:00,PT5M,8.823,20.004,14.7076,2.9384,0.0
88,88,12,85,23,0.15,88.6,3.0,223,2026-09-17 06:55:00,PT5M,11.1,24.2485,18.0201,4.1799,0.0
104,104,37,95,23,0.15,88.0,3.1,223,2026-09-17 07:00:00,PT5M,14.173,29.4765,22.2273,6.1187,0.0
120,121,64,103,24,0.15,87.5,3.1,224,2026-09-17 07:05:00,PT5M,17.65,35.057,26.8114,8.4886,0.243
138,139,93,111,24,0.15,86.9,3.2,224,2026-09-17 07:10:00,PT5M,21.565,41.2125,31.9056,11.2244,1.9175
158,159,126,118,24,0.15,86.3,3.3,225,2026-09-17 07:15:00,PT5M,26.125,48.0675,37.6735,14.5765,4.1825
179,180,163,124,24,0.15,85.8,3.3,225,2026-09-17 07:20:00,PT5M,31.262,55.576,44.0586,18.4654,6.948
201,202,203,129,24,0.15,85.2,3.4,226,2026-09-17 07:25:00,PT5M,36.994,63.743,51.0722,22.9158,10.245
225,226,248,132,24,0.15,84.7,3.4,226,2026-09-17 07:30:00,PT5M,43.339,72.5805,58.729,27.949,14.0975
245,246,275,136,24,0.15,84.0,3.5,226,2026-09-17 07:35:00,PT5M,48.326,82.252,66.1815,30.4705,14.4
260,261,282,142,24,0.15,83.2,3.5,227,2026-09-17 07:40:00,PT5M,51.484,87.553,70.4674,32.5006,15.415
275,276,289,149,25,0.15,82.4,3.6,227,2026-09-17 07:45:00,PT5M,54.068,91.506,73.7719,34.3641,16.63
290,291,296,155,25,0.15,81.6,3.7,227,2026-09-17 07:50:00,PT5M,55.777,93.6455,75.7075,35.8465,17.9085
305,306,302,161,25,0.15,80.9,3.7,227,2026-09-17 07:55:00,PT5M,57.432,95.7045,77.5751,37.2889,19.1595
320,321,309,168,25,0.15,80.1,3.8,228,2026-09-17 08:00:00,PT5M,59.026,97.666,79.3625,38.6895,20.386
335,336,315,174,25,0.15,79.4,3.8,228,2026-09-17 08:05:00,PT5M,60.55,99.5085,81.0541,40.0459,21.5915
350,351,320,180,25,0.15,78.6,3.9,228,2026-09-17 08:10:00,PT5M,61.995,100.0,82.6323,41.3577,22.7835
364,366,326,185,26,0.15,77.9,3.9,228,2026-09-17 08:15:00,PT5M,63.35,100.0,84.0639,42.6361,23.993
379,380,331,191,26,0.15,77.1,4.0,228,2026-09-17 08:20:00,PT5M,64.614,100.0,85.3642,43.8638,25.188
393,395,336,197,26,0.15,76.4,4.0,229,2026-09-17 08:25:00,PT5M,65.772,100.0,86.3077,45.2363,26.7535
408,409,341,202,26,0.15,75.7,4.1,229,2026-09-17 08:30:00,PT5M,66.871,100.0,87.1899,46.5521,28.2645
421,422,344,208,26,0.15,74.9,4.2,229,2026-09-17 08:35:00,PT5M,67.829,100.0,87.9342,47.7238,29.6285
435,436,347,214,26,0.15,74.1,4.3,229,2026-09-17 08:40:00,PT5M,68.641,100.0,88.5362,48.7458,30.8395
448,449,349,220,27,0.15,73.3,4.4,229,2026-09-17 08:45:00,PT5M,69.437,100.0,89.1272,49.7468,32.025
460,461,351,226,27,0.15,72.4,4.5,229,2026-09-17 08:50:00,PT5M,70.201,100.0,89.6915,50.7105,33.1685
473,474,353,231,27,0.15,71.6,4.6,230,2026-09-17 08:55:00,PT5M,70.94,100.0,90.2342,51.6458,34.2805
485,486,354,237,27,0.15,70.8,4.7,230,2026-09-17 09:00:00,PT5M,71.654,100.0,90.7547,52.5533,35.362
498,499,357,242,27,0.15,70.0,4.8,230,2026-09-17 09:05:00,PT5M,72.431,100.0,91.3365,53.5255,36.51
510,511,360,247,28,0.15,69.3,4.9,230,2026-09-17 09:10:00,PT5M,73.206,100.0,91.9178,54.4942,37.653
523,523,363,252,28,0.15,68.5,5.0,230,2026-09-17 09:15:00,PT5M,73.957,100.0,92.4785,55.4355,38.7655
535,535,365,257,28,0.15,67.7,5.1,230,2026-09-17 09:20:00,PT5M,74.685,100.0,93.0197,56.3503,39.8485
546,547,368,261,28,0.15,67.0,5.2,230,2026-09-17 09:25:00,PT5M,75.388,100.0,93.5398,57.2362,40.899
558,558,371,266,28,0.15,66.2,5.3,230,2026-09-17 09:30:00,PT5M,76.069,100.0,94.0419,58.0961,41.92
569,569,373,270,28,0.15,65.6,5.3,230,2026-09-17 09:35:00,PT5M,76.748,100.0,94.5532,58.9428,42.9175
580,580,376,274,29,0.15,65.0,5.3,230,2026-09-17 09:40:00,PT5M,77.424,100.0,95.0737,59.7743,43.889
590,591,378,278,29,0.15,64.4,5.4,230,2026-09-17 09:45:00,PT5M,78.039,100.0,95.5416,60.5364,44.7835
600,601,380,281,29,0.15,63.8,5.4,229,2026-09-17 09:50:00,PT5M,78.616,100.0,95.9778,61.2542,45.628
610,611,382,285,29,0.15,63.3,5.4,229,2026-09-17 09:55:00,PT5M,79.172,100.0,96.3983,61.9457,46.4415
619,620,384,289,29,0.15,62.7,5.4,229,2026-09-17 10:00:00,PT5M,79.705,100.0,96.8024,62.6076,47.2195
629,629,386,292,29,0.15,62.2,5.4,228,2026-09-17 10:05:00,PT5M,80.214,100.0,97.1898,63.2382,47.9595
637,638,388,295,29,0.15,61.6,5.4,228,2026-09-17 10:10:00,PT5M,80.699,100.0,97.559,63.839,48.6645
646,646,389,298,29,0.15,61.1,5.5,228,2026-09-17 10:15:00,PT5M,81.161,100.0,97.911,64.411,49.3355
654,654,391,301,29,0.15,60.5,5.5,227,2026-09-17 10:20:00,PT5M,81.599,100.0,98.2448,64.9532,49.9715
662,662,392,304,29,0.15,60.0,5.5,227,2026-09-17 10:25:00,PT5M,82.018,100.0,98.5646,65.4714,50.579
669,669,394,307,30,0.15,59.5,5.5,227,2026-09-17 10:30:00,PT5M,82.415,100.0,98.8671,65.9629,51.1555
670,670,384,314,29,0.15,59.4,5.5,227,2026-09-17 10:35:00,PT5M,82.028,100.0,98.5296,65.5264,50.6745
664,664,363,324,29,0.15,59.9,5.5,227,2026-09-17 10:40:00,PT5M,80.877,100.0,97.5741,64.1799,49.152
657,657,342,334,29,0.15,60.3,5.4,227,2026-09-17 10:45:00,PT5M,79.729,100.0,96.6298,62.8282,47.617
650,650,323,344,29,0.15,60.8,5.4,227,2026-09-17 10:50:00,PT5M,78.528,100.0,95.6414,61.4146,46.012
642,643,303,353,29,0.15,61.3,5.4,227,2026-09-17 10:55:00,PT5M,77.383,100.0,94.7185,60.0475,44.445
634,635,285,361,29,0.15,61.8,5.3,227,2026-09-17 11:00:00,PT5M,76.206,100.0,93.7828,58.6292,42.8095
626,627,267,368,29,0.15,62.3,5.3,227,2026-09-17 11:05:00,PT5M,75.038,100.0,92.8564,57.2196,41.1825
617,618,249,375,29,0.15,62.7,5.3,228,2026-09-17 11:10:00,PT5M,73.891,100.0,91.9449,55.8371,39.588
608,609,232,381,29,0.15,63.2,5.2,228,2026-09-17 11:15:00,PT5M,72.738,100.0,91.0324,54.4436,37.978
599,599,216,387,28,0.15,63.7,5.2,228,2026-09-17 11:20:00,PT5M,71.555,100.0,90.1018,53.0082,36.3155
589,589,200,392,28,0.15,64.2,5.2,228,2026-09-17 11:25:00,PT5M,70.357,100.0,89.1609,51.5531,34.629
579,579,185,396,28,0.15,64.7,5.1,228,2026-09-17 11:30:00,PT5M,69.19,100.0,88.2547,50.1253,32.9665
574,575,177,399,28,0.15,64.8,5.1,228,2026-09-17 11:35:00,PT5M,68.597,100.0,87.7814,49.4126,32.146
575,575,177,400,28,0.15,64.4,5.1,229,2026-09-17 11:40:00,PT5M,68.601,100.0,87.7657,49.4363,32.1875
575,576,176,401,28,0.15,64.0,5.1,230,2026-09-17 11:45:00,PT5M,68.575,100.0,87.7242,49.4258,32.191
575,576,175,401,28,0.15,63.7,5.1,230,2026-09-17 11:50:00,PT5M,68.512,100.0,87.6506,49.3734,32.148
575,575,174,402,29,0.15,63.3,5.1,231,2026-09-17 11:55:00,PT5M,68.408,100.0,87.5416,49.2744,32.0535
574,574,173,402,29,0.15,62.9,5.2,231,2026-09-17 12:00:00,PT5M,68.276,100.0,87.4088,49.1432,31.923
573,573,171,402,29,0.15,62.6,5.2,232,2026-09-17 12:05:00,PT5M,68.154,100.0,87.2903,49.0177,31.7945
571,572,170,402,29,0.15,62.2,5.2,233,2026-09-17 12:10:00,PT5M,68.013,100.0,87.1569,48.8691,31.639
570,570,169,402,29,0.15,61.8,5.2,233,2026-09-17 12:15:00,PT5M,67.84,100.0,86.9963,48.6837,31.4425
567,568,168,402,29,0.15,61.5,5.2,234,2026-09-17 12:20:00,PT5M,67.622,100.0,86.7962,48.4478,31.1905
565,566,166,401,29,0.15,61.1,5.2,234,2026-09-17 12:25:00,PT5M,67.374,100.0,86.5705,48.1775,30.9
562,563,165,400,29,0.15,60.8,5.2,235,2026-09-17 12:30:00,PT5M,67.097,100.0,86.3201,47.8739,30.5725
560,561,164,399,29,0.15,60.6,5.2,235,2026-09-17 12:35:00,PT5M,66.908,100.0,86.1498,47.6662,30.348
558,559,164,397,29,0.15,60.7,5.3,235,2026-09-17 12:40:00,PT5M,66.805,100.0,86.0586,47.5514,30.2225
557,557,165,396,29,0.15,60.8,5.3,235,2026-09-17 12:45:00,PT5M,66.672,100.0,85.9422,47.4018,30.058
554,555,165,394,29,0.15,60.9,5.3,235,2026-09-17 12:50:00,PT5M,66.497,100.0,85.7917,47.2023,29.8365
552,553,165,392,29,0.15,61.0,5.3,235,2026-09-17 12:55:00,PT5M,66.278,100.0,85.6056,46.9504,29.555
549,550,166,390,29,0.15,61.1,5.3,235,2026-09-17 13:00:00,PT5M,66.056,100.0,85.4141,46.6979,29.275
546,547,166,388,29,0.15,61.2,5.3,235,2026-09-17 13:05:00,PT5M,65.853,100.0,85.2345,46.4715,29.0275
543,543,166,385,29,0.15,61.3,5.3,235,2026-09-17 13:10:00,PT5M,65.584,100.0,85.0029,46.1651,28.6875
539,540,166,382,29,0.15,61.4,5.3,236,2026-09-17 13:15:00,PT5M,65.273,100.0,84.7369,45.8091,28.291
535,536,166,380,29,0.15,61.5,5.3,236,2026-09-17 13:20:00,PT5M,64.93,100.0,84.4442,45.4158,27.8525
531,531,166,376,29,0.15,61.6,5.3,236,2026-09-17 13:25:00,PT5M,64.56,100.0,84.1284,44.9916,27.3795
526,527,166,373,29,0.15,61.7,5.3,236,2026-09-17 13:30:00,PT5M,64.165,100.0,83.7913,44.5387,26.8745
520,521,165,370,29,0.15,62.4,5.3,236,2026-09-17 13:35:00,PT5M,63.673,100.0,83.3756,43.9704,26.2375
513,514,163,366,29,0.15,63.8,5.3,235,2026-09-17 13:40:00,PT5M,63.081,100.0,82.8783,43.2837,25.4655
506,507,161,362,28,0.15,65.2,5.3,235,2026-09-17 13:45:00,PT5M,62.467,100.0,82.3614,42.5726,24.667
499,500,159,358,28,0.15,66.6,5.2,235,2026-09-17 13:50:00,PT5M,61.826,99.8165,81.8207,41.8313,23.8355
491,492,157,354,28,0.15,68.1,5.2,235,2026-09-17 13:55:00,PT5M,61.157,99.344,81.2551,41.0589,22.97
484,484,155,350,27,0.15,69.6,5.2,235,2026-09-17 14:00:00,PT5M,60.46,98.8495,80.6647,40.2553,22.0705
476,476,153,346,27,0.15,71.2,5.1,234,2026-09-17 14:05:00,PT5M,59.735,98.333,80.0494,39.4206,21.137
467,468,151,341,27,0.15,72.8,5.1,234,2026-09-17 14:10:00,PT5M,58.977,97.7925,79.4059,38.5481,20.1615
459,460,148,336,26,0.15,74.4,5.1,234,2026-09-17 14:15:00,PT5M,58.193,97.231,78.739,37.647,19.155
450,451,146,331,26,0.15,76.1,5.1,234,2026-09-17 14:20:00,PT5M,57.383,96.648,78.0485,36.7175,18.118
441,442,144,326,26,0.15,77.8,5.0,233,2026-09-17 14:25:00,PT5M,56.515,96.0165,77.3049,35.7251,17.0135
432,433,141,321,25,0.15,79.6,5.0,233,2026-09-17 14:30:00,PT5M,55.615,95.3575,76.5318,34.6982,15.8725
422,423,138,315,25,0.15,80.9,4.9,233,2026-09-17 14:35:00,PT5M,54.671,94.6475,75.7109,33.6311,14.6945
413,414,136,309,25,0.15,81.7,4.8,233,2026-09-17 14:40:00,PT5M,53.684,93.888,74.8437,32.5243,13.48
403,404,133,304,25,0.15,82.5,4.7,233,2026-09-17 14:45:00,PT5M,52.672,93.1075,73.9535,31.3905,12.2365
393,394,130,298,25,0.15,83.3,4.6,234,2026-09-17 14:50:00,PT5M,51.637,92.309,73.043,30.231,10.965
383,384,127,291,25,0.15,84.2,4.4,234,2026-09-17 14:55:00,PT5M,50.577,91.4895,72.1095,29.0445,9.6645
373,374,124,285,24,0.15,85.0,4.3,234,2026-09-17 15:00:00,PT5M,49.492,90.655,71.1564,27.8276,8.329
363,363,122,279,24,0.15,85.9,4.2,234,2026-09-17 15:05:00,PT5M,48.442,89.8645,70.243,26.641,7.0195
352,353,120,272,24,0.15,86.7,4.1,234,2026-09-17 15:10:00,PT5M,47.384,89.0665,69.3218,25.4462,5.7015
342,343,117,265,24,0.15,87.6,4.0,235,2026-09-17 15:15:00,PT5M,46.301,88.247,68.3775,24.2245,4.355
332,333,115,258,24,0.15,88.5,3.8,235,2026-09-17 15:20:00,PT5M,45.191,87.404,67.408,22.974,2.978
321,322,112,251,24,0.15,89.4,3.7,235,2026-09-17 15:25:00,PT5M,44.043,86.532,66.4053,21.6807,1.554
311,311,110,244,24,0.15,90.3,3.6,235,2026-09-17 15:30:00,PT5M,42.864,85.632,65.3731,20.3549,0.096
300,301,107,237,24,0.15,90.8,3.5,235,2026-09-17 15:35:00,PT5M,41.694,84.744,64.3515,19.0365,0.0
290,291,105,230,24,0.15,91.0,3.5,236,2026-09-17 15:40:00,PT5M,40.531,83.866,63.3385,17.7235,0.0
279,280,102,223,24,0.15,91.2,3.4,236,2026-09-17 15:45:00,PT5M,39.355,82.502,62.0636,16.6464,0.0
268,269,100,215,24,0.15,91.4,3.4,236,2026-09-17 15:50:00,PT5M,38.357,81.2,60.9056,15.8084,0.0
258,258,97,208,24,0.15,91.6,3.3,236,2026-09-17 15:55:00,PT5M,37.088,79.5495,59.4358,14.7402,0.0
247,247,94,200,23,0.15,91.8,3.3,236,2026-09-17 16:00:00,PT5M,35.771,77.7385,57.8588,13.6832,0.0
236,236,90,192,23,0.15,92.0,3.2,236,2026-09-17 16:05:00,PT5M,34.406,75.8185,56.2017,12.6103,0.0
224,225,87,184,23,0.15,92.1,3.2,237,2026-09-17 16:10:00,PT5M,32.995,73.8695,54.5075,11.4825,0.0
213,214,83,177,23,0.15,92.3,3.1,237,2026-09-17 16:15:00,PT5M,31.539,71.823,52.7408,10.3372,0.0
202,203,80,169,23,0.15,92.5,3.1,237,2026-09-17 16:20:00,PT5M,30.033,69.4055,50.755,9.311,0.0
191,192,76,161,23,0.15,92.7,3.0,237,2026-09-17 16:25:00,PT5M,28.333,65.228,47.7511,8.9149,0.0
180,180,71,152,23,0.15,92.9,3.0,237,2026-09-17 16:30:00,PT5M,26.55,61.0955,44.7315,8.3685,0.0
169,169,68,144,23,0.15,93.0,3.0,237,2026-09-17 16:35:00,PT5M,24.803,57.037,41.768,7.838,0.0
158,158,65,136,23,0.15,92.9,2.9,237,2026-09-17 16:40:00,PT5M,23.1,53.07,38.8734,7.3266,0.0
147,147,61,127,23,0.15,92.9,2.9,236,2026-09-17 16:45:00,PT5M,21.364,49.072,35.9469,6.7811,0.0
136,136,57,119,23,0.15,92.8,2.9,236,2026-09-17 16:50:00,PT5M,19.585,45.0375,32.9808,6.1892,0.0
125,125,53,110,23,0.15,92.8,2.9,236,2026-09-17 16:55:00,PT5M,17.798,41.0095,30.0144,5.5816,0.0
114,114,48,102,23,0.15,92.7,2.9,235,2026-09-17 17:00:00,PT5M,16.024,37.0265,27.0778,4.9702,0.0
103,103,41,93,23,0.15,92.7,2.9,235,2026-09-17 17:05:00,PT5M,14.159,33.028,24.0899,4.2281,0.0
91,92,32,84,23,0.15,92.6,2.8,234,2026-09-17 17:10:00,PT5M,12.306,29.136,21.1637,3.4483,0.0
80,80,22,76,23,0.15,92.6,2.8,234,2026-09-17 17:15:00,PT5M,10.429,25.277,18.2436,2.6144,0.0
69,70,12,67,23,0.15,92.5,2.8,233,2026-09-17 17:20:00,PT5M,8.656,21.4745,15.4025,1.9095,0.0
59,59,1,59,23,0.15,92.5,2.8,233,2026-09-17 17:25:00,PT5M,7.056,17.7695,12.6946,1.4174,0.0
49,49,0,49,23,0.15,92.4,2.8,233,2026-09-17 17:30:00,PT5M,5.748,14.342,10.2711,1.2249,0.0
39,39,0,39,23,0.15,92.4,2.8,232,2026-09-17 17:35:00,PT5M,4.432,9.9565,7.3396,1.5244,0.0
30,30,0,30,23,0.15,92.3,2.8,233,2026-09-17 17:40:00,PT5M,3.279,7.243,5.3653,1.1927,0.0
22,22,0,22,23,0.15,92.2,2.8,233,2026-09-17 17:45:00,PT5M,2.222,4.628,3.4883,0.9557,0.0
14,14,0,14,23,0.15,92.1,2.7,233,2026-09-17 17:50:00,PT5M,1.231,2.499,1.8984,0.5636,0.0
8,8,0,8,23,0.15,92.0,2.7,234,2026-09-17 17:55:00,PT5M,0.335,0.796,0.5776,0.0924,0.0
2,2,0,2,23,0.15,91.9,2.7,234,2026-09-17 18:00:00,PT5M,0.0,0.0,0.0,0.0,0.0
0,0,0,0,23,0.15,91.8,2.7,234,2026-09-17 18:05:00,PT5M,0.0,0.0,0.0,0.0,0.0
0,0,0,0,23,0.15,91.7,2.7,234,2026-09-17 18:10:00,PT5M,0.0,0.0,0.0,0.0,0.0
0,0,0,0,23,0.15,91.6,2.7,235,2026-09-17 18:15:00,PT5M,0.0,0.0,0.0,0.0,0.0
0,0,0,0,23,0.15,91.5,2.7,235,2026-09-17 18:20:00,PT5M,0.0,0.0,0.0,0.0,0.0
0,0,0,0,23,0.15,91.4,2.7,235,2026-09-17 18:25:00,PT5M,0.0,0.0,0.0,0.0,0.0
0,0,0,0,23,0.15,91.3,2.7,236,2026-09-17 18:30:00,PT5M,0.0,0.0,0.0,0.0,0.0
0,0,0,0,23,0.15,91.4,2.6,236,2026-09-17 18:35:00,PT5M,0.0,0.0,0.0,0.0,0.0
0,0,0,0,23,0.15,91.7,2.6,236,2026-09-17 18:40:00,PT5M,0.0,0.0,0.0,0.0,0.0
0,0,0,0,23,0.15,92.0,2.5,236,2026-09-17 18:45:00,PT5M,0.0,0.0,0.0,0.0,0.0
0,0,0,0,23,0.15,92.3,2.5,237,2026-09-17 18:50:00,PT5M,0.0,0.0,0.0,0.0,0.0
0,0,0,0,23,0.15,92.5,2.4,237,2026-09-17 18:55:00,PT5M,0.0,0.0,0.0,0.0,0.0
0,0,0,0,23,0.15,92.8,2.3,237,2026-09-17 19:00:00,PT5M,0.0,0.0,0.0,0.0,0.0
0,0,0,0,23,0.15,93.1,2.3,237,2026-09-17 19:05:00,PT5M,0.0,0.0,0.0,0.0,0.0
0,0,0,0,23,0.15,93.4,2.2,238,2026-09-17 19:10:00,PT5M,0.0,0.0,0.0,0.0,0.0
0,0,0,0,23,0.15,93.7,2.2,238,2026-09-17 19:15:00,PT5M,0.0,0.0,0.0,0.0,0.0
0,0,0,0,23,0.15,94.0,2.1,239,2026-09-17 19:20:00,PT5M,0.0,0.0,0.0,0.0,0.0
0,0,0,0,23,0.15,94.2,2.1,239,2026-09-17 19:25:00,PT5M,0.0,0.0,0.0,0.0,0.0
0,0,0,0,23,0.15,94.5,2.0,239,2026-09-17 19:30:00,PT5M,0.0,0.0,0.0,0.0,0.0
0,0,0,0,23,0.15,94.6,2.0,239,2026-09-17 19:35:00,PT5M,0.0,0.0,0.0,0.0,0.0
0,0,0,0,23,0.15,94.5,2.0,238,2026-09-17 19:40:00,PT5M,0.0,0.0,0.0,0.0,0.0
0,0,0,0,23,0.15,94.4,2.0,237,2026-09-17 19:45:00,PT5M,0.0,0.0,0.0,0.0,0.0
0,0,0,0,23,0.15,94.3,2.0,236,2026-09-17 19:50:00,PT5M,0.0,0.0,0.0,0.0,0.0
0,0,0,0,23,0.15,94.2,2.0,234,2026-09-17 19:55:00,PT5M,0.0,0.0,0.0,0.0,0.0
0,0,0,0,23,0.15,94.2,2.1,233,2026-09-17 20:00:00,PT5M,0.0,0.0,0.0,0.0,0.0
0,0,0,0,23,0.15,94.1,2.1,232,2026-09-17 20:05:00,PT5M,0.0,0.0,0.0,0.0,0.0
0,0,0,0,23,0.15,94.0,2.1,231,2026-09-17 20:10:00,PT5M,0.0,0.0,0.0,0.0,0.0
0,0,0,0,23,0.15,93.9,2.1,230,2026-09-17 20:15:00,PT5M,0.0,0.0,0.0,0.0,0.0
0,0,0,0,23,0.15,93.8,2.1,229,2026-09-17 20:20:00,PT5M,0.0,0.0,0.0,0.0,0.0
0,0,0,0,23,0.15,93.7,2.2,228,2026-09-17 20:25:00,PT5M,0.0,0.0,0.0,0.0,0.0
0,0,0,0,23,0.15,93.6,2.2,227,2026-09-17 20:30:00,PT5M,0.0,0.0,0.0,0.0,0.0
0,0,0,0,23,0.15,93.6,2.2,227,2026-09-17 20:35:00,PT5M,0.0,0.0,0.0,0.0,0.0
0,0,0,0,23,0.15,93.6,2.2,227,2026-09-17 20:40:00,PT5M,0.0,0.0,0.0,0.0,0.0
0,0,0,0,23,0.15,93.7,2.3,228,2026-09-17 20:45:00,PT5M,0.0,0.0,0.0,0.0,0.0
0,0,0,0,23,0.15,93.7,2.3,228,2026-09-17 20:50:00,PT5M,0.0,0.0,0.0,0.0,0.0
0,0,0,0,23,0.15,93.8,2.4,228,2026-09-17 20:55:00,PT5M,0.0,0.0,0.0,0.0,0.0
0,0,0,0,23,0.15,93.8,2.4,228,2026-09-17 21:00:00,PT5M,0.0,0.0,0.0,0.0,0.0
0,0,0,0,23,0.15,93.8,2.4,228,2026-09-17 21:05:00,PT5M,0.0,0.0,0.0,0.0,0.0
0,0,0,0,23,0.15,93.9,2.5,229,2026-09-17 21:10:00,PT5M,0.0,0.0,0.0,0.0,0.0
0,0,0,0,23,0.15,93.9,2.5,229,2026-09-17 21:15:00,PT5M,0.0,0.0,0.0,0.0,0.0
0,0,0,0,23,0.15,94.0,2.5,229,2026-09-17 21:20:00,PT5M,0.0,0.0,0.0,0.0,0.0
0,0,0,0,23,0.15,94.0,2.6,229,2026-09-17 21:25:00,PT5M,0.0,0.0,0.0,0.0,0.0
0,0,0,0,23,0.15,94.1,2.6,230,2026-09-17 21:30:00,PT5M,0.0,0.0,0.0,0.0,0.0
0,0,0,0,23,0.15,94.2,2.6,229,2026-09-17 21:35:00,PT5M,0.0,0.0,0.0,0.0,0.0
0,0,0,0,23,0.15,94.3,2.5,228,2026-09-17 21:40:00,PT5M,0.0,0.0,0.0,0.0,0.0
0,0,0,0,23,0.15,94.5,2.5,227,2026-09-17 21:45:00,PT5M,0.0,0.0,0.0,0.0,0.0
0,0,0,0,23,0.15,94.6,2.4,226,2026-09-17 21:50:00,PT5M,0.0,0.0,0.0,0.0,0.0
0,0,0,0,23,0.15,94.7,2.4,225,2026-09-17 21:55:00,PT5M,0.0,0.0,0.0,0.0,0.0
0,0,0,0,23,0.15,94.9,2.3,224,2026-09-17 22:00:00,PT5M,0.0,0.0,0.0,0.0,0.0
0,0,0,0,23,0.15,95.0,2.2,223,2026-09-17 22:05:00,PT5M,0.0,0.0,0.0,0.0,0.0
0,0,0,0,23,0.15,95.2,2.2,221,2026-09-17 22:10:00,PT5M,0.0,0.0,0.0,0.0,0.0
0,0,0,0,23,0.15,95.3,2.1,220,2026-09-17 22:15:00,PT5M,0.0,0.0,0.0,0.0,0.0
0,0,0,0,23,0.15,95.5,2.1,218,2026-09-17 22:20:00,PT5M,0.0,0.0,0.0,0.0,0.0
0,0,0,0,23,0.15,95.6,2.0,217,2026-09-17 22:25:00,PT5M,0.0,0.0,0.0,0.0,0.0
0,0,0,0,23,0.15,95.8,2.0,215,2026-09-17 22:30:00,PT5M,0.0,0.0,0.0,0.0,0.0
0,0,0,0,23,0.15,95.8,1.9,215,2026-09-17 22:35:00,PT5M,0.0,0.0,0.0,0.0,0.0
0,0,0,0,23,0.15,95.7,1.9,216,2026-09-17 22:40:00,PT5M,0.0,0.0,0.0,0.0,0.0
0,0,0,0,23,0.15,95.6,1.9,217,2026-09-17 22:45:00,PT5M,0.0,0.0,0.0,0.0,0.0
0,0,0,0,23,0.15,95.5,1.9,218,2026-09-17 22:50:00,PT5M,0.0,0.0,0.0,0.0,0.0
0,0,0,0,23,0.15,95.4,1.9,219,2026-09-17 22:55:00,PT5M,0.0,0.0,0.0,0.0,0.0
0,0,0,0,23,0.15,95.3,1.9,220,2026-09-17 23:00:00,PT5M,0.0,0.0,0.0,0.0,0.0
0,0,0,0,23,0.15,95.2,1.8,221,2026-09-17 23:05:00,PT5M,0.0,0.0,0.0,0.0,0.0
0,0,0,0,23,0.15,95.1,1.8,222,2026-09-17 23:10:00,PT5M,0.0,0.0,0.0,0.0,0.0
0,0,0,0,23,0.15,95.0,1.8,223,2026-09-17 23:15:00,PT5M,0.0,0.0,0.0,0.0,0.0
0,0,0,0,23,0.15,94.9,1.8,224,2026-09-17 23:20:00,PT5M,0.0,0.0,0.0,0.0,0.0
0,0,0,0,23,0.15,94.8,1.8,226,2026-09-17 23:25:00,PT5M,0.0,0.0,0.0,0.0,0.0
0,0,0,0,23,0.15,94.7,1.8,227,2026-09-17 23:30:00,PT5M,0.0,0.0,0.0,0.0,0.0
0,0,0,0,23,0.15,94.7,1.8,227,2026-09-17 23:35:00,PT5M,0.0,0.0,0.0,0.0,0.0
0,0,0,0,23,0.15,94.7,1.8,227,2026-09-17 23:40:00,PT5M,0.0,0.0,0.0,0.0,0.0
0,0,0,0,23,0.15,94.7,1.8,226,2026-09-17 23:45:00,PT5M,0.0,0.0,0.0,0.0,0.0
0,0,0,0,23,0.15,94.7,1.9,226,2026-09-17 23:50:00,PT5M,0.0,0.0,0.0,0.0,0.0
0,0,0,0,23,0.15,94.7,1.9,226,2026-09-17 23:55:00,PT5M,0.0,0.0,0.0,0.0,0.0
0,0,0,0,23,0.15,94.7,1.9,225,2026-09-18 00:00:00,PT5M,0.0,0.0,0.0,0.0,0.0
0,0,0,0,23,0.15,94.7,1.9,225,2026-09-18 00:05:00,PT5M,0.0,0.0,0.0,0.0,0.0
0,0,0,0,23,0.15,94.7,1.9,224,2026-09-18 00:10:00,PT5M,0.0,0.0,0.0,0.0,0.0
0,0,0,0,23,0.15,94.7,2.0,224,2026-09-18 00:15:00,PT5M,0.0,0.0,0.0,0.0,0.0
0,0,0,0,23,0.15,94.7,2.0,224,2026-09-18 00:20:00,PT5M,0.0,0.0,0.0,0.0,0.0
0,0,0,0,23,0.15,94.7,2.0,223,2026-09-18 00:25:00,PT5M,0.0,0.0,0.0,0.0,0.0
0,0,0,0,23,0.15,94.7,2.0,223,2026-09-18 00:30:00,PT5M,0.0,0.0,0.0,0.0,0.0
0,0,0,0,23,0.15,94.7,2.1,223,2026-09-18 00:35:00,PT5M,0.0,0.0,0.0,0.0,0.0
0,0,0,0,23,0.15,94.7,2.1,222,2026-09-18 00:40:00,PT5M,0.0,0.0,0.0,0.0,0.0
0,0,0,0,23,0.15,94.8,2.1,221,2026-09-18 00:45:00,PT5M,0.0,0.0,0.0,0.0,0.0
0,0,0,0,23,0.15,94.8,2.1,220,2026-09-18 00:50:00,PT5M,0.0,0.0,0.0,0.0,0.0
0,0,0,0,23,0.15,94.9,2.1,219,2026-09-18 00:55:00,PT5M,0.0,0.0,0.0,0.0,0.0
0,0,0,0,23,0.15,94.9,2.1,219,2026-09-18 01:00:00,PT5M,0.0,0.0,0.0,0.0,0.0
0,0,0,0,23,0.15,95.0,2.1,218,2026-09-18 01:05:00,PT5M,0.0,0.0,0.0,0.0,0.0
0,0,0,0,23,0.15,95.0,2.1,217,2026-09-18 01:10:00,PT5M,0.0,0.0,0.0,0.0,0.0
0,0,0,0,23,0.15,95.1,2.1,216,2026-09-18 01:15:00,PT5M,0.0,0.0,0.0,0.0,0.0
0,0,0,0,23,0.15,95.1,2.1,216,2026-09-18 01:20:00,PT5M,0.0,0.0,0.0,0.0,0.0
0,0,0,0,23,0.15,95.2,2.1,215,2026-09-18 01:25:00,PT5M,0.0,0.0,0.0,0.0,0.0
0,0,0,0,23,0.15,95.2,2.2,214,2026-09-18 01:30:00,PT5M,0.0,0.0,0.0,0.0,0.0
0,0,0,0,23,0.15,95.2,2.2,214,2026-09-18 01:35:00,PT5M,0.0,0.0,0.0,0.0,0.0
0,0,0,0,23,0.15,95.2,2.2,214,2026-09-18 01:40:00,PT5M,0.0,0.0,0.0,0.0,0.0
0,0,0,0,23,0.15,95.2,2.2,214,2026-09-18 01:45:00,PT5M,0.0,0.0,0.0,0.0,0.0
0,0,0,0,23,0.15,95.2,2.3,214,2026-09-18 01:50:00,PT5M,0.0,0.0,0.0,0.0,0.0
0,0,0,0,23,0.15,95.2,2.3,214,2026-09-18 01:55:00,PT5M,0.0,0.0,0.0,0.0,0.0
0,0,0,0,23,0.15,95.2,2.3,214,2026-09-18 02:00:00,PT5M,0.0,0.0,0.0,0.0,0.0
0,0,0,0,23,0.15,95.2,2.4,214,2026-09-18 02:05:00,PT5M,0.0,0.0,0.0,0.0,0.0
0,0,0,0,23,0.15,95.3,2.4,214,2026-09-18 02:10:00,PT5M,0.0,0.0,0.0,0.0,0.0
0,0,0,0,23,0.15,95.3,2.4,214,2026-09-18 02:15:00,PT5M,0.0,0.0,0.0,0.0,0.0
0,0,0,0,23,0.15,95.3,2.4,214,2026-09-18 02:20:00,PT5M,0.0,0.0,0.0,0.0,0.0
0,0,0,0,23,0.15,95.3,2.5,214,2026-09-18 02:25:00,PT5M,0.0,0.0,0.0,0.0,0.0
0,0,0,0,23,0.15,95.3,2.5,214,2026-09-18 02:30:00,PT5M,0.0,0.0,0.0,0.0,0.0
0,0,0,0,23,0.15,95.2,2.5,214,2026-09-18 02:35:00,PT5M,0.0,0.0,0.0,0.0,0.0
0,0,0,0,23,0.15,95.1,2.5,215,2026-09-18 02:40:00,PT5M,0.0,0.0,0.0,0.0,0.0
0,0,0,0,23,0.15,95.0,2.6,216,2026-09-18 02:45:00,PT5M,0.0,0.0,0.0,0.0,0.0
0,0,0,0,23,0.15,94.9,2.6,217,2026-09-18 02:50:00,PT5M,0.0,0.0,0.0,0.0,0.0
0,0,0,0,23,0.15,94.8,2.6,218,2026-09-18 02:55:00,PT5M,0.0,0.0,0.0,0.0,0.0
0,0,0,0,23,0.15,94.7,2.6,218,2026-09-18 03:00:00,PT5M,0.0,0.0,0.0,0.0,0.0
0,0,0,0,23,0.15,94.6,2.6,219,2026-09-18 03:05:00,PT5M,0.0,0.0,0.0,0.0,0.0
0,0,0,0,23,0.15,94.5,2.7,220,2026-09-18 03:10:00,PT5M,0.0,0.0,0.0,0.0,0.0
0,0,0,0,23,0.15,94.4,2.7,221,2026-09-18 03:15:00,PT5M,0.0,0.0,0.0,0.0,0.0
0,0,0,0,23,0.15,94.3,2.7,222,2026-09-18 03:20:00,PT5M,0.0,0.0,0.0,0.0,0.0
0,0,0,0,23,0.15,94.2,2.7,222,2026-09-18 03:25:00,PT5M,0.0,0.0,0.0,0.0,0.0
0,0,0,0,23,0.15,94.2,2.7,223,2026-09-18 03:30:00,PT5M,0.0,0.0,0.0,0.0,0.0
0,0,0,0,23,0.15,94.1,2.8,224,2026-09-18 03:35:00,PT5M,0.0,0.0,0.0,0.0,0.0
0,0,0,0,23,0.15,94.0,2.8,224,2026-09-18 03:40:00,PT5M,0.0,0.0,0.0,0.0,0.0
0,0,0,0,23,0.15,93.9,2.8,224,2026-09-18 03:45:00,PT5M,0.0,0.0,0.0,0.0,0.0
0,0,0,0,23,0.15,93.8,2.8,224,2026-09-18 03:50:00,PT5M,0.0,0.0,0.0,0.0,0.0
0,0,0,0,23,0.15,93.7,2.8,224,2026-09-18 03:55:00,PT5M,0.0,0.0,0.0,0.0,0.0
0,0,0,0,23,0.15,93.6,2.8,224,2026-09-18 04:00:00,PT5M,0.0,0.0,0.0,0.0,0.0
0,0,0,0,23,0.15,93.5,2.8,224,2026-09-18 04:05:00,PT5M,0.0,0.0,0.0,0.0,0.0
0,0,0,0,23,0.15,93.4,2.8,224,2026-09-18 04:10:00,PT5M,0.0,0.0,0.0,0.0,0.0
0,0,0,0,23,0.15,93.3,2.8,225,2026-09-18 04:15:00,PT5M,0.0,0.0,0.0,0.0,0.0
0,0,0,0,23,0.15,93.2,2.8,225,2026-09-18 04:20:00,PT5M,0.0,0.0,0.0,0.0,0.0
0,0,0,0,23,0.15,93.1,2.8,225,2026-09-18 04:25:00,PT5M,0.0,0.0,0.0,0.0,0.0
0,0,0,0,23,0.15,93.0,2.8,225,2026-09-18 04:30:00,PT5M,0.0,0.0,0.0,0.0,0.0
0,0,0,0,23,0.15,93.0,2.8,225,2026-09-18 04:35:00,PT5M,0.0,0.0,0.0,0.0,0.0
0,0,0,0,23,0.15,93.0,2.8,224,2026-09-18 04:40:00,PT5M,0.0,0.0,0.0,0.0,0.0
0,0,0,0,23,0.15,93.0,2.8,224,2026-09-18 04:45:00,PT5M,0.0,0.0,0.0,0.0,0.0
0,0,0,0,23,0.15,93.0,2.8,224,2026-09-18 04:50:00,PT5M,0.0,0.0,0.0,0.0,0.0
0,0,0,0,23,0.15,93.0,2.8,223,2026-09-18 04:55:00,PT5M,0.0,0.0,0.0,0.0,0.0
0,0,0,0,23,0.15,93.0,2.7,223,2026-09-18 05:00:00,PT5M,0.0,0.0,0.0,0.0,0.0
0,0,0,0,23,0.15,93.0,2.7,223,2026-09-18 05:05:00,PT5M,0.0,0.0,0.0,0.0,0.0
0,0,0,0,23,0.15,93.0,2.7,222,2026-09-18 05:10:00,PT5M,0.0,0.0,0.0,0.0,0.0
0,0,0,0,23,0.15,93.0,2.7,222,2026-09-18 05:15:00,PT5M,0.0,0.0,0.0,0.0,0.0
0,0,0,0,23,0.15,93.0,2.7,221,2026-09-18 05:20:00,PT5M,0.0,0.0,0.0,0.0,0.0
0,0,0,0,23,0.15,93.0,2.6,221,2026-09-18 05:25:00,PT5M,0.0,0.0,0.0,0.0,0.0
0,0,0,0,23,0.15,93.0,2.6,221,2026-09-18 05:30:00,PT5M,0.0,0.0,0.0,0.0,0.0
0,0,0,0,23,0.15,92.9,2.6,220,2026-09-18 05:35:00,PT5M,0.0,0.0,0.0,0.0,0.0
0,0,0,0,23,0.15,92.9,2.6,221,2026-09-18 05:40:00,PT5M,0.0,0.0,0.0,0.0,0.0
0,0,0,0,23,0.15,92.8,2.6,221,2026-09-18 05:45:00,PT5M,0.0,0.0,0.0,0.0,0.0
0,0,0,0,23,0.15,92.8,2.6,221,2026-09-18 05:50:00,PT5M,0.0,0.0,0.0,0.0,0.0
0,0,0,0,23,0.15,92.8,2.6,221,2026-09-18 05:55:00,PT5M,0.0,0.0,0.0,0.0,0.0
0,0,0,0,23,0.15,92.7,2.7,221,2026-09-18 06:00:00,PT5M,0.0,0.0,0.0,0.0,0.0
7,7,0,7,23,0.15,92.7,2.7,221,2026-09-18 06:05:00,PT5M,0.229,0.393,0.3153,0.1427,0.065
15,15,0,15,23,0.15,92.6,2.7,221,2026-09-18 06:10:00,PT5M,1.363,2.011,1.704,1.022,0.715
24,24,0,24,23,0.15,92.6,2.7,222,2026-09-18 06:15:00,PT5M,2.617,3.7745,3.2262,2.0078,1.4595
35,35,24,33,23,0.15,92.5,2.7,222,2026-09-18 06:20:00,PT5M,4.247,6.301,5.328,3.166,2.193
47,47,55,41,23,0.15,92.5,2.7,222,2026-09-18 06:25:00,PT5M,6.367,9.4575,7.9936,4.7404,3.2765
60,61,88,49,23,0.15,92.4,2.7,222,2026-09-18 06:30:00,PT5M,9.039,13.453,11.3621,6.7159,4.625
75,76,125,56,23,0.15,92.1,2.7,222,2026-09-18 06:35:00,PT5M,12.373,18.262,15.4724,9.2736,6.484
91,92,163,63,24,0.15,91.4,2.8,223,2026-09-18 06:40:00,PT5M,15.96,23.44,19.8968,12.0232,8.48
108,109,200,70,24,0.15,90.8,2.8,223,2026-09-18 06:45:00,PT5M,19.844,28.9475,24.6352,15.0528,10.7405
125,127,237,75,24,0.15,90.2,2.9,224,2026-09-18 06:50:00,PT5M,24.023,34.7545,29.6711,18.3749,13.2915
144,145,273,81,24,0.15,89.5,3.0,224,2026-09-18 06:55:00,PT5M,28.413,40.8365,34.9516,21.8744,15.9895
163,165,308,85,24,0.15,88.9,3.0,225,2026-09-18 07:00:00,PT5M,33.054,47.266,40.5339,25.5741,18.842
182,183,331,90,24,0.15,88.3,3.1,225,2026-09-18 07:05:00,PT5M,37.346,53.431,45.8117,28.8803,21.261
200,202,351,96,24,0.15,87.7,3.1,226,2026-09-18 07:10:00,PT5M,41.668,59.644,51.1289,32.2071,23.692
218,220,370,101,25,0.15,87.1,3.2,226,2026-09-18 07:15:00,PT5M,46.05,65.9925,56.5459,35.5541,26.1075
237,239,387,106,25,0.15,86.5,3.2,226,2026-09-18 07:20:00,PT5M,50.453,72.346,61.9754,38.9306,28.56
256,257,403,111,25,0.15,85.9,3.3,227,2026-09-18 07:25:00,PT5M,54.852,78.7105,67.4089,42.2951,30.9935
274,276,418,116,25,0.15,85.3,3.4,227,2026-09-18 07:30:00,PT5M,59.248,85.084,72.8457,45.6503,33.412
293,294,431,121,25,0.15,84.6,3.4,228,2026-09-18 07:35:00,PT5M,63.57,91.425,78.2303,48.9097,35.715
311,312,442,126,25,0.15,83.7,3.4,228,2026-09-18 07:40:00,PT5M,67.834,97.7975,83.604,52.064,37.8705
329,331,453,131,26,0.15,82.9,3.5,229,2026-09-18 07:45:00,PT5M,71.115,100.0,87.6634,54.5666,39.6725
347,349,463,136,26,0.15,82.1,3.5,229,2026-09-18 07:50:00,PT5M,73.046,100.0,89.8884,56.2036,41.045
366,367,473,140,26,0.15,81.3,3.5,229,2026-09-18 07:55:00,PT5M,74.877,100.0,91.9909,57.7631,42.36
383,385,481,145,26,0.15,80.5,3.6,230,2026-09-18 08:00:00,PT5M,76.601,100.0,93.9615,59.2405,43.6155
401,402,489,149,26,0.15,79.7,3.6,230,2026-09-18 08:05:00,PT5M,78.206,100.0,95.7847,60.6273,44.806
419,420,497,154,26,0.15,78.9,3.6,231,2026-09-18 08:10:00,PT5M,79.679,100.0,97.4419,61.9161,45.929
436,437,504,158,27,0.15,78.2,3.7,231,2026-09-18 08:15:00,PT5M,81.009,100.0,98.9177,63.1003,46.982
453,454,511,162,27,0.15,77.4,3.7,232,2026-09-18 08:20:00,PT5M,82.195,100.0,100.0,64.1808,47.9675
470,471,516,167,27,0.15,76.6,3.7,232,2026-09-18 08:25:00,PT5M,83.2,100.0,100.0,65.1358,48.8775
486,487,521,171,27,0.15,75.9,3.8,232,2026-09-18 08:30:00,PT5M,84.114,100.0,100.0,66.0238,49.742
503,504,528,175,27,0.15,75.0,3.8,233,2026-09-18 08:35:00,PT5M,85.113,100.0,100.0,67.0199,50.7355
520,521,537,177,28,0.15,73.9,3.8,234,2026-09-18 08:40:00,PT5M,86.2,100.0,100.0,68.124,51.855
537,538,545,180,28,0.15,72.9,3.9,234,2026-09-18 08:45:00,PT5M,87.282,100.0,100.0,69.2318,52.986
554,555,553,183,28,0.15,71.9,3.9,235,2026-09-18 08:50:00,PT5M,88.249,100.0,100.0,70.2303,54.013
571,571,560,185,28,0.15,70.9,3.9,236,2026-09-18 08:55:00,PT5M,89.17,100.0,100.0,71.1613,54.953
587,587,568,187,28,0.15,69.9,4.0,236,2026-09-18 09:00:00,PT5M,90.046,100.0,100.0,72.0829,55.9155
603,604,576,189,29,0.15,68.9,4.0,237,2026-09-18 09:05:00,PT5M,90.956,100.0,100.0,73.0568,56.947
620,620,584,191,29,0.15,67.9,4.1,238,2026-09-18 09:10:00,PT5M,91.818,100.0,100.0,74.1193,58.19
636,636,591,193,29,0.15,67.0,4.1,238,2026-09-18 09:15:00,PT5M,92.645,100.0,100.0,75.1477,59.3995
651,651,599,194,29,0.15,66.0,4.1,239,2026-09-18 09:20:00,PT5M,93.438,100.0,100.0,76.137,60.5655
667,666,606,196,29,0.15,65.1,4.2,240,2026-09-18 09:25:00,PT5M,94.2,100.0,100.0,77.09,61.6905
682,682,613,197,30,0.15,64.2,4.2,240,2026-09-18 09:30:00,PT5M,94.931,100.0,100.0,78.0068,62.7745
697,696,620,198,30,0.15,63.3,4.2,240,2026-09-18 09:35:00,PT5M,95.638,100.0,100.0,78.9041,63.843
711,711,627,199,30,0.15,62.4,4.2,241,2026-09-18 09:40:00,PT5M,96.322,100.0,100.0,79.7831,64.8975
725,724,632,201,30,0.15,61.6,4.1,241,2026-09-18 09:45:00,PT5M,96.931,100.0,100.0,80.5781,65.86
738,738,638,202,30,0.15,60.8,4.0,241,2026-09-18 09:50:00,PT5M,97.499,100.0,100.0,81.3258,66.7695
751,751,643,203,30,0.15,59.9,4.0,241,2026-09-18 09:55:00,PT5M,98.044,100.0,100.0,82.0448,67.645
764,763,648,204,31,0.15,59.1,3.9,241,2026-09-18 10:00:00,PT5M,98.566,100.0,100.0,82.7336,68.484
776,776,654,204,31,0.15,58.3,3.9,241,2026-09-18 10:05:00,PT5M,99.097,100.0,100.0,83.427,69.3235
789,788,661,204,31,0.15,57.5,3.8,241,2026-09-18 10:10:00,PT5M,99.633,100.0,100.0,84.1222,70.162
801,800,668,203,31,0.15,56.8,3.7,241,2026-09-18 10:15:00,PT5M,100.0,100.0,100.0,84.6418,70.819
812,811,674,203,31,0.15,56.0,3.7,241,2026-09-18 10:20:00,PT5M,100.0,100.0,100.0,84.7887,71.098
823,822,681,202,31,0.15,55.2,3.6,241,2026-09-18 10:25:00,PT5M,100.0,100.0,100.0,84.93,71.3665
834,833,687,201,32,0.15,54.5,3.6,241,2026-09-18 10:30:00,PT5M,100.0,100.0,100.0,85.0658,71.6245
841,840,684,204,32,0.15,53.9,3.5,241,2026-09-18 10:35:00,PT5M,100.0,100.0,100.0,85.1297,71.746
843,842,673,212,32,0.15,53.5,3.6,240,2026-09-18 10:40:00,PT5M,100.0,100.0,100.0,85.1197,71.727
845,843,661,220,32,0.15,53.0,3.6,240,2026-09-18 10:45:00,PT5M,100.0,100.0,100.0,85.1013,71.692
846,845,650,227,32,0.15,52.6,3.6,239,2026-09-18 10:50:00,PT5M,100.0,100.0,100.0,85.0734,71.639
846,845,638,235,32,0.15,52.2,3.6,238,2026-09-18 10:55:00,PT5M,99.573,100.0,100.0,84.6072,71.1375
846,845,626,242,32,0.15,51.8,3.6,238,2026-09-18 11:00:00,PT5M,99.043,100.0,100.0,84.0138,70.487
846,845,614,250,32,0.15,51.3,3.6,237,2026-09-18 11:05:00,PT5M,98.496,100.0,100.0,83.4034,69.8195
845,843,602,258,33,0.15,50.9,3.6,236,2026-09-18 11:10:00,PT5M,97.934,100.0,100.0,82.7832,69.147
843,842,590,265,33,0.15,50.5,3.7,236,2026-09-18 11:15:00,PT5M,97.359,100.0,100.0,82.1421,68.4465
841,839,577,273,33,0.15,50.1,3.7,235,2026-09-18 11:20:00,PT5M,96.766,100.0,100.0,81.4663,67.696
838,837,565,280,33,0.15,49.7,3.7,235,2026-09-18 11:25:00,PT5M,96.157,100.0,100.0,80.7665,66.9145
834,833,553,287,33,0.15,49.3,3.7,234,2026-09-18 11:30:00,PT5M,95.533,100.0,100.0,80.044,66.1035
831,830,541,294,33,0.15,49.0,3.7,233,2026-09-18 11:35:00,PT5M,94.901,100.0,100.0,79.3089,65.2755
826,825,529,300,33,0.15,48.8,3.8,233,2026-09-18 11:40:00,PT5M,94.33,100.0,100.0,78.6289,64.4975
822,821,516,307,33,0.15,48.6,3.8,232,2026-09-18 11:45:00,PT5M,93.665,100.0,100.0,77.8482,63.6125
816,816,504,313,33,0.15,48.4,3.8,232,2026-09-18 11:50:00,PT5M,92.977,100.0,100.0,77.0378,62.692
810,810,492,319,33,0.15,48.2,3.8,231,2026-09-18 11:55:00,PT5M,92.246,100.0,100.0,76.1763,61.713
804,803,479,325,33,0.15,48.0,3.9,231,2026-09-18 12:00:00,PT5M,91.493,100.0,100.0,75.2867,60.7005
797,796,467,331,33,0.15,47.8,3.9,231,2026-09-18 12:05:00,PT5M,90.809,100.0,100.0,74.4595,59.7445
790,789,453,337,34,0.15,47.6,3.9,230,2026-09-18 12:10:00,PT5M,90.107,100.0,100.0,73.6073,58.757
782,781,440,343,34,0.15,47.4,3.9,230,2026-09-18 12:15:00,PT5M,89.365,100.0,100.0,72.7087,57.7175
773,773,427,349,34,0.15,47.2,4.0,229,2026-09-18 12:20:00,PT5M,88.59,100.0,100.0,71.7719,56.635
764,764,413,354,34,0.15,47.0,4.0,229,2026-09-18 12:25:00,PT5M,87.785,100.0,100.0,70.8005,55.514
755,755,400,359,34,0.15,46.8,4.0,228,2026-09-18 12:30:00,PT5M,86.951,100.0,100.0,69.796,54.356
745,744,386,364,34,0.15,46.6,4.1,228,2026-09-18 12:35:00,PT5M,86.036,100.0,100.0,68.7084,53.113
734,733,371,368,34,0.15,46.5,4.1,228,2026-09-18 12:40:00,PT5M,85.038,100.0,100.0,67.5343,51.7805
722,722,357,373,34,0.15,46.4,4.2,228,2026-09-18 12:45:00,PT5M,84.009,100.0,100.0,66.3261,50.411
711,711,343,377,34,0.15,46.3,4.2,228,2026-09-18 12:50:00,PT5M,82.929,100.0,100.0,65.0585,48.9745
699,699,329,380,34,0.15,46.1,4.2,228,2026-09-18 12:55:00,PT5M,81.808,100.0,99.8724,63.7436,47.485
687,687,315,383,34,0.15,46.0,4.3,228,2026-09-18 13:00:00,PT5M,80.672,100.0,98.9243,62.4197,45.992
674,675,302,386,34,0.15,45.9,4.3,228,2026-09-18 13:05:00,PT5M,79.551,100.0,97.9791,61.1229,44.537
662,662,289,387,34,0.15,45.8,4.4,228,2026-09-18 13:10:00,PT5M,78.375,100.0,96.9929,59.7571,43.0005
650,650,277,388,34,0.15,45.7,4.4,228,2026-09-18 13:15:00,PT5M,77.157,100.0,95.9685,58.3455,41.4145
637,637,264,389,34,0.15,45.6,4.5,228,2026-09-18 13:20:00,PT5M,75.899,100.0,94.9066,56.8914,39.784
624,624,253,389,34,0.15,45.5,4.5,228,2026-09-18 13:25:00,PT5M,74.605,100.0,93.8097,55.4003,38.1155
611,611,241,389,34,0.15,45.4,4.6,228,2026-09-18 13:30:00,PT5M,73.277,100.0,92.6788,53.8752,36.413
597,598,229,388,34,0.15,45.5,4.6,228,2026-09-18 13:35:00,PT5M,71.925,100.0,91.532,52.318,34.671
584,584,218,387,34,0.15,45.7,4.6,228,2026-09-18 13:40:00,PT5M,70.55,100.0,90.3699,50.7301,32.8915
570,571,207,386,34,0.15,46.0,4.6,228,2026-09-18 13:45:00,PT5M,69.121,100.0,89.1525,49.0895,31.0605
557,557,196,384,34,0.15,46.3,4.6,228,2026-09-18 13:50:00,PT5M,67.683,100.0,87.9256,47.4404,29.2215
543,543,185,381,34,0.15,46.6,4.5,228,2026-09-18 13:55:00,PT5M,66.209,100.0,86.6616,45.7564,27.3485
529,530,175,379,34,0.15,46.9,4.5,228,2026-09-18 14:00:00,PT5M,64.699,100.0,85.3608,44.0372,25.441
515,516,164,375,34,0.15,47.2,4.5,228,2026-09-18 14:05:00,PT5M,63.152,100.0,84.0224,42.2816,23.4975
501,502,154,372,34,0.15,47.5,4.5,228,2026-09-18 14:10:00,PT5M,61.566,100.0,82.6449,40.4871,21.5155
487,488,144,368,34,0.15,47.8,4.5,228,2026-09-18 14:15:00,PT5M,59.947,100.0,81.2322,38.6618,19.5045
473,474,134,364,33,0.15,48.1,4.5,228,2026-09-18 14:20:00,PT5M,58.296,99.127,79.7856,36.8064,17.465
459,459,124,359,33,0.15,48.4,4.5,228,2026-09-18 14:25:00,PT5M,56.575,97.7945,78.2691,34.8809,15.3555
444,445,115,354,33,0.15,48.7,4.5,228,2026-09-18 14:30:00,PT5M,54.823,96.4255,76.7187,32.9273,13.2205
431,432,107,349,33,0.15,49.1,4.5,227,2026-09-18 14:35:00,PT5M,53.218,95.0095,75.2132,31.2228,11.4265
419,420,100,343,33,0.15,49.6,4.4,227,2026-09-18 14:40:00,PT5M,51.934,93.7375,73.9355,29.9325,10.1305
406,407,94,337,33,0.15,50.1,4.4,226,2026-09-18 14:45:00,PT5M,50.453,92.2325,72.4418,28.4642,8.6735
394,395,87,331,33,0.15,50.7,4.4,226,2026-09-18 14:50:00,PT5M,48.94,90.7175,70.9278,26.9522,7.1625
382,382,81,324,33,0.15,51.2,4.4,225,2026-09-18 14:55:00,PT5M,47.395,89.1515,69.3717,25.4183,5.6385
369,370,74,317,32,0.15,51.7,4.4,224,2026-09-18 15:00:00,PT5M,45.82,87.5355,67.7752,23.8648,4.1045
357,358,68,310,32,0.15,52.3,4.4,224,2026-09-18 15:05:00,PT5M,44.249,85.881,66.1602,22.3378,2.617
345,345,62,304,32,0.15,52.8,4.4,223,2026-09-18 15:10:00,PT5M,42.623,84.1295,64.4682,20.7778,1.1165
332,333,55,296,32,0.15,53.4,4.4,223,2026-09-18 15:15:00,PT5M,40.962,82.3155,62.7266,19.1974,0.0
320,321,49,289,32,0.15,54.0,4.3,222,2026-09-18 15:20:00,PT5M,39.26,80.43,60.9281,17.5919,0.0
307,308,42,282,32,0.15,54.5,4.3,221,2026-09-18 15:25:00,PT5M,37.51,78.466,59.0654,15.9546,0.0
295,296,36,274,32,0.15,55.1,4.3,221,2026-09-18 15:30:00,PT5M,35.721,76.422,57.1422,14.2998,0.0
284,284,31,266,31,0.15,55.5,4.3,220,2026-09-18 15:35:00,PT5M,34.525,74.8845,55.7665,13.2835,0.0
273,274,28,258,31,0.15,55.7,4.3,220,2026-09-18 15:40:00,PT5M,33.156,73.0915,54.1743,12.1377,0.0
263,264,25,250,31,0.15,55.9,4.4,220,2026-09-18 15:45:00,PT5M,31.786,71.2,52.5299,11.0421,0.0
253,253,21,242,31,0.15,56.2,4.4,219,2026-09-18 15:50:00,PT5M,30.377,69.178,50.7982,9.9558,0.0
242,243,17,233,31,0.15,56.4,4.4,219,2026-09-18 15:55:00,PT5M,28.922,67.023,48.9748,8.8692,0.0
231,232,14,225,31,0.15,56.6,4.4,219,2026-09-18 16:00:00,PT5M,27.417,64.7405,47.0606,7.7734,0.0
220,221,10,216,31,0.15,56.8,4.4,218,2026-09-18 16:05:00,PT5M,25.9,62.4045,45.1126,6.6874,0.0
209,210,6,207,31,0.15,57.0,4.4,218,2026-09-18 16:10:00,PT5M,24.374,60.0305,43.1403,5.6077,0.0
198,199,2,198,31,0.15,57.2,4.4,218,2026-09-18 16:15:00,PT5M,22.796,57.5505,41.0875,4.5045,0.0
187,188,0,188,31,0.15,57.5,4.5,218,2026-09-18 16:20:00,PT5M,21.457,54.8575,39.0359,3.8781,0.0
177,177,0,177,31,0.15,57.7,4.5,217,2026-09-18 16:25:00,PT5M,20.503,51.572,36.8548,4.1512,0.0
165,166,0,166,31,0.15,57.9,4.5,217,2026-09-18 16:30:00,PT5M,19.397,48.2145,34.5639,4.2301,0.0
154,155,0,155,31,0.15,58.3,4.5,217,2026-09-18 16:35:00,PT5M,18.206,44.8,32.2026,4.2094,0.0
143,143,0,143,30,0.15,58.8,4.6,218,2026-09-18 16:40:00,PT5M,16.96,41.3645,29.8043,4.1157,0.0
132,132,0,132,30,0.15,59.3,4.7,218,2026-09-18 16:45:00,PT5M,15.678,37.9065,27.377,3.979,0.0
121,121,0,121,30,0.15,59.8,4.8,219,2026-09-18 16:50:00,PT5M,14.355,34.4295,24.9204,3.7896,0.0
110,110,0,110,30,0.15,60.3,4.9,219,2026-09-18 16:55:00,PT5M,13.025,30.9825,22.4762,3.5738,0.0
99,99,0,99,30,0.15,60.9,5.0,220,2026-09-18 17:00:00,PT5M,11.705,27.605,20.0733,3.3367,0.0
88,88,0,88,30,0.15,61.4,5.0,220,2026-09-18 17:05:00,PT5M,10.362,24.3025,17.699,3.025,0.0
77,77,0,77,30,0.15,61.9,5.1,220,2026-09-18 17:10:00,PT5M,9.053,21.147,15.4182,2.6878,0.0
66,66,0,66,30,0.15,62.5,5.2,221,2026-09-18 17:15:00,PT5M,7.678,17.9865,13.1034,2.2526,0.0
56,56,0,56,30,0.15,63.0,5.3,221,2026-09-18 17:20:00,PT5M,6.421,15.0,10.9362,1.9058,0.0
46,47,0,47,29,0.15,63.6,5.4,222,2026-09-18 17:25:00,PT5M,5.292,12.1635,8.9085,1.6755,0.0
38,38,0,38,29,0.15,64.1,5.5,222,2026-09-18 17:30:00,PT5M,4.178,9.481,6.969,1.387,0.0
30,30,0,30,29,0.15,64.6,5.5,222,2026-09-18 17:35:00,PT5M,3.09,6.994,5.1447,1.0353,0.0
22,22,0,22,29,0.15,64.9,5.5,222,2026-09-18 17:40:00,PT5M,2.176,4.94,3.6307,0.7213,0.0
16,16,0,16,29,0.15,65.3,5.4,221,2026-09-18 17:45:00,PT5M,1.366,3.0975,2.2773,0.4547,0.0
10,10,0,10,29,0.15,65.6,5.4,221,2026-09-18 17:50:00,PT5M,0.633,1.559,1.1204,0.1456,0.0
5,5,0,5,29,0.15,66.0,5.3,221,2026-09-18 17:55:00,PT5M,0.0,0.3055,0.1608,0.0,0.0
1,1,0,1,29,0.15,66.3,5.3,221,2026-09-18 18:00:00,PT5M,0.0,0.0,0.0,0.0,0.0
0,0,0,0,29,0.15,66.7,5.2,220,2026-09-18 18:05:00,PT5M,0.0,0.0,0.0,0.0,0.0
0,0,0,0,28,0.15,67.0,5.2,220,2026-09-18 18:10:00,PT5M,0.0,0.0,0.0,0.0,0.0
0,0,0,0,28,0.15,67.4,5.1,220,2026-09-18 18:15:00,PT5M,0.0,0.0,0.0,0.0,0.0
0,0,0,0,28,0.15,67.7,5.1,219,2026-09-18 18:20:00,PT5M,0.0,0.0,0.0,0.0,0.0
0,0,0,0,28,0.15,68.1,5.0,219,2026-09-18 18:25:00,PT5M,0.0,0.0,0.0,0.0,0.0
0,0,0,0,28,0.15,68.5,5.0,219,2026-09-18 18:30:00,PT5M,0.0,0.0,0.0,0.0,0.0
0,0,0,0,28,0.15,68.8,5.0,219,2026-09-18 18:35:00,PT5M,0.0,0.0,0.0,0.0,0.0
0,0,0,0,28,0.15,69.2,4.9,219,2026-09-18 18:40:00,PT5M,0.0,0.0,0.0,0.0,0.0
0,0,0,0,28,0.15,69.7,4.9,220,2026-09-18 18:45:00,PT5M,0.0,0.0,0.0,0.0,0.0
0,0,0,0,28,0.15,70.1,4.9,220,2026-09-18 18:50:00,PT5M,0.0,0.0,0.0,0.0,0.0
0,0,0,0,28,0.15,70.5,4.9,221,2026-09-18 18:55:00,PT5M,0.0,0.0,0.0,0.0,0.0
0,0,0,0,27,0.15,70.9,4.9,221,2026-09-18 19:00:00,PT5M,0.0,0.0,0.0,0.0,0.0
0,0,0,0,27,0.15,71.3,4.8,221,2026-09-18 19:05:00,PT5M,0.0,0.0,0.0,0.0,0.0
0,0,0,0,27,0.15,71.7,4.8,222,2026-09-18 19:10:00,PT5M,0.0,0.0,0.0,0.0,0.0
0,0,0,0,27,0.15,72.2,4.8,222,2026-09-18 19:15:00,PT5M,0.0,0.0,0.0,0.0,0.0
0,0,0,0,27,0.15,72.6,4.8,223,2026-09-18 19:20:00,PT5M,0.0,0.0,0.0,0.0,0.0
0,0,0,0,27,0.15,73.0,4.8,223,2026-09-18 19:25:00,PT5M,0.0,0.0,0.0,0.0,0.0
0,0,0,0,27,0.15,73.5,4.7,224,2026-09-18 19:30:00,PT5M,0.0,0.0,0.0,0.0,0.0
0,0,0,0,27,0.15,73.9,4.7,224,2026-09-18 19:35:00,PT5M,0.0,0.0,0.0,0.0,0.0
0,0,0,0,27,0.15,74.3,4.7,224,2026-09-18 19:40:00,PT5M,0.0,0.0,0.0,0.0,0.0
0,0,0,0,27,0.15,74.8,4.6,224,2026-09-18 19:45:00,PT5M,0.0,0.0,0.0,0.0,0.0
0,0,0,0,27,0.15,75.2,4.6,224,2026-09-18 19:50:00,PT5M,0.0,0.0,0.0,0.0,0.0
0,0,0,0,27,0.15,75.7,4.5,223,2026-09-18 19:55:00,PT5M,0.0,0.0,0.0,0.0,0.0
0,0,0,0,26,0.15,76.1,4.5,223,2026-09-18 20:00:00,PT5M,0.0,0.0,0.0,0.0,0.0
0,0,0,0,26,0.15,76.6,4.4,223,2026-09-18 20:05:00,PT5M,0.0,0.0,0.0,0.0,0.0
0,0,0,0,26,0.15,77.0,4.4,223,2026-09-18 20:10:00,PT5M,0.0,0.0,0.0,0.0,0.0
0,0,0,0,26,0.15,77.5,4.3,223,2026-09-18 20:15:00,PT5M,0.0,0.0,0.0,0.0,0.0
0,0,0,0,26,0.15,77.9,4.3,223,2026-09-18 20:20:00,PT5M,0.0,0.0,0.0,0.0,0.0
0,0,0,0,26,0.15,78.4,4.2,222,2026-09-18 20:25:00,PT5M,0.0,0.0,0.0,0.0,0.0
0,0,0,0,26,0.15,78.9,4.2,222,2026-09-18 20:30:00,PT5M,0.0,0.0,0.0,0.0,0.0
0,0,0,0,26,0.15,79.2,4.2,222,2026-09-18 20:35:00,PT5M,0.0,0.0,0.0,0.0,0.0
0,0,0,0,26,0.15,79.3,4.2,223,2026-09-18 20:40:00,PT5M,0.0,0.0,0.0,0.0,0.0
0,0,0,0,26,0.15,79.4,4.1,223,2026-09-18 20:45:00,PT5M,0.0,0.0,0.0,0.0,0.0
0,0,0,0,26,0.15,79.5,4.1,224,2026-09-18 20:50:00,PT5M,0.0,0.0,0.0,0.0,0.0
0,0,0,0,26,0.15,79.6,4.1,224,2026-09-18 20:55:00,PT5M,0.0,0.0,0.0,0.0,0.0
0,0,0,0,26,0.15,79.8,4.1,225,2026-09-18 21:00:00,PT5M,0.0,0.0,0.0,0.0,0.0
0,0,0,0,26,0.15,79.9,4.1,225,2026-09-18 21:05:00,PT5M,0.0,0.0,0.0,0.0,0.0
0,0,0,0,26,0.15,80.0,4.1,226,2026-09-18 21:10:00,PT5M,0.0,0.0,0.0,0.0,0.0
0,0,0,0,26,0.15,80.1,4.1,226,2026-09-18 21:15:00,PT5M,0.0,0.0,0.0,0.0,0.0
0,0,0,0,26,0.15,80.2,4.1,227,2026-09-18 21:20:00,PT5M,0.0,0.0,0.0,0.0,0.0
0,0,0,0,26,0.15,80.3,4.1,227,2026-09-18 21:25:00,PT5M,0.0,0.0,0.0,0.0,0.0
0,0,0,0,26,0.15,80.5,4.0,228,2026-09-18 21:30:00,PT5M,0.0,0.0,0.0,0.0,0.0
0,0,0,0,26,0.15,80.6,4.0,228,2026-09-18 21:35:00,PT5M,0.0,0.0,0.0,0.0,0.0
0,0,0,0,26,0.15,80.8,4.0,227,2026-09-18 21:40:00,PT5M,0.0,0.0,0.0,0.0,0.0
0,0,0,0,26,0.15,80.9,3.9,227,2026-09-18 21:45:00,PT5M,0.0,0.0,0.0,0.0,0.0
0,0,0,0,26,0.15,81.1,3.9,227,2026-09-18 21:50:00,PT5M,0.0,0.0,0.0,0.0,0.0
0,0,0,0,26,0.15,81.2,3.8,226,2026-09-18 21:55:00,PT5M,0.0,0.0,0.0,0.0,0.0
0,0,0,0,25,0.15,81.4,3.8,226,2026-09-18 22:00:00,PT5M,0.0,0.0,0.0,0.0,0.0
0,0,0,0,25,0.15,81.6,3.8,225,2026-09-18 22:05:00,PT5M,0.0,0.0,0.0,0.0,0.0
0,0,0,0,25,0.15,81.7,3.7,225,2026-09-18 22:10:00,PT5M,0.0,0.0,0.0,0.0,0.0
0,0,0,0,25,0.15,81.9,3.7,224,2026-09-18 22:15:00,PT5M,0.0,0.0,0.0,0.0,0.0
0,0,0,0,25,0.15,82.1,3.6,224,2026-09-18 22:20:00,PT5M,0.0,0.0,0.0,0.0,0.0
0,0,0,0,25,0.15,82.2,3.6,223,2026-09-18 22:25:00,PT5M,0.0,0.0,0.0,0.0,0.0
0,0,0,0,25,0.15,82.4,3.6,223,2026-09-18 22:30:00,PT5M,0.0,0.0,0.0,0.0,0.0
0,0,0,0,25,0.15,82.4,3.5,223,2026-09-18 22:35:00,PT5M,0.0,0.0,0.0,0.0,0.0
0,0,0,0,25,0.15,82.4,3.5,222,2026-09-18 22:40:00,PT5M,0.0,0.0,0.0,0.0,0.0
0,0,0,0,25,0.15,82.4,3.5,222,2026-09-18 22:45:00,PT5M,0.0,0.0,0.0,0.0,0.0
0,0,0,0,25,0.15,82.3,3.5,222,2026-09-18 22:50:00,PT5M,0.0,0.0,0.0,0.0,0.0
0,0,0,0,25,0.15,82.3,3.5,221,2026-09-18 22:55:00,PT5M,0.0,0.0,0.0,0.0,0.0
0,0,0,0,25,0.15,82.2,3.5,221,2026-09-18 23:00:00,PT5M,0.0,0.0,0.0,0.0,0.0
0,0,0,0,25,0.15,82.2,3.5,221,2026-09-18 23:05:00,PT5M,0.0,0.0,0.0,0.0,0.0
0,0,0,0,25,0.15,82.1,3.5,221,2026-09-18 23:10:00,PT5M,0.0,0.0,0.0,0.0,0.0
0,0,0,0,25,0.15,82.1,3.5,220,2026-09-18 23:15:00,PT5M,0.0,0.0,0.0,0.0,0.0
0,0,0,0,25,0.15,82.1,3.5,220,2026-09-18 23:20:00,PT5M,0.0,0.0,0.0,0.0,0.0
0,0,0,0,25,0.15,82.0,3.5,220,2026-09-18 23:25:00,PT5M,0.0,0.0,0.0,0.0,0.0
0,0,0,0,25,0.15,82.0,3.5,219,2026-09-18 23:30:00,PT5M,0.0,0.0,0.0,0.0,0.0
0,0,0,0,25,0.15,81.9,3.5,219,2026-09-18 23:35:00,PT5M,0.0,0.0,0.0,0.0,0.0
0,0,0,0,25,0.15,81.9,3.5,219,2026-09-18 23:40:00,PT5M,0.0,0.0,0.0,0.0,0.0
0,0,0,0,25,0.15,81.9,3.5,219,2026-09-18 23:45:00,PT5M,0.0,0.0,0.0,0.0,0.0
0,0,0,0,25,0.15,81.9,3.4,219,2026-09-18 23:50:00,PT5M,0.0,0.0,0.0,0.0,0.0
0,0,0,0,25,0.15,81.9,3.4,219,2026-09-18 23:55:00,PT5M,0.0,0.0,0.0,0.0,0.0
0,0,0,0,25,0.15,81.9,3.4,219,2026-09-19 00:00:00,PT5M,0.0,0.0,0.0,0.0,0.0
0,0,0,0,25,0.15,81.9,3.4,219,2026-09-19 00:05:00,PT5M,0.0,0.0,0.0,0.0,0.0
0,0,0,0,25,0.15,81.9,3.4,219,2026-09-19 00:10:00,PT5M,0.0,0.0,0.0,0.0,0.0
0,0,0,0,25,0.15,81.9,3.4,219,2026-09-19 00:15:00,PT5M,0.0,0.0,0.0,0.0,0.0
0,0,0,0,25,0.15,81.9,3.4,219,2026-09-19 00:20:00,PT5M,0.0,0.0,0.0,0.0,0.0
0,0,0,0,25,0.15,81.9,3.4,219,2026-09-19 00:25:00,PT5M,0.0,0.0,0.0,0.0,0.0
0,0,0,0,25,0.15,81.9,3.3,219,2026-09-19 00:30:00,PT5M,0.0,0.0,0.0,0.0,0.0
0,0,0,0,25,0.15,81.9,3.3,219,2026-09-19 00:35:00,PT5M,0.0,0.0,0.0,0.0,0.0
0,0,0,0,25,0.15,82.0,3.3,219,2026-09-19 00:40:00,PT5M,0.0,0.0,0.0,0.0,0.0
0,0,0,0,25,0.15,82.0,3.3,220,2026-09-19 00:45:00,PT5M,0.0,0.0,0.0,0.0,0.0
0,0,0,0,25,0.15,82.1,3.3,220,2026-09-19 00:50:00,PT5M,0.0,0.0,0.0,0.0,0.0
0,0,0,0,25,0.15,82.1,3.3,220,2026-09-19 00:55:00,PT5M,0.0,0.0,0.0,0.0,0.0
0,0,0,0,25,0.15,82.2,3.2,220,2026-09-19 01:00:00,PT5M,0.0,0.0,0.0,0.0,0.0
0,0,0,0,25,0.15,82.2,3.2,221,2026-09-19 01:05:00,PT5M,0.0,0.0,0.0,0.0,0.0
0,0,0,0,25,0.15,82.2,3.2,221,2026-09-19 01:10:00,PT5M,0.0,0.0,0.0,0.0,0.0
0,0,0,0,25,0.15,82.3,3.2,221,2026-09-19 01:15:00,PT5M,0.0,0.0,0.0,0.0,0.0
0,0,0,0,25,0.15,82.3,3.2,222,2026-09-19 01:20:00,PT5M,0.0,0.0,0.0,0.0,0.0
0,0,0,0,25,0.15,82.4,3.1,222,2026-09-19 01:25:00,PT5M,0.0,0.0,0.0,0.0,0.0
0,0,0,0,25,0.15,82.4,3.1,222,2026-09-19 01:30:00,PT5M,0.0,0.0,0.0,0.0,0.0
0,0,0,0,25,0.15,82.4,3.1,223,2026-09-19 01:35:00,PT5M,0.0,0.0,0.0,0.0,0.0
0,0,0,0,25,0.15,82.3,3.1,223,2026-09-19 01:40:00,PT5M,0.0,0.0,0.0,0.0,0.0
0,0,0,0,25,0.15,82.2,3.1,224,2026-09-19 01:45:00,PT5M,0.0,0.0,0.0,0.0,0.0
0,0,0,0,25,0.15,82.1,3.0,224,2026-09-19 01:50:00,PT5M,0.0,0.0,0.0,0.0,0.0
0,0,0,0,25,0.15,82.0,3.0,225,2026-09-19 01:55:00,PT5M,0.0,0.0,0.0,0.0,0.0
0,0,0,0,25,0.15,82.0,3.0,225,2026-09-19 02:00:00,PT5M,0.0,0.0,0.0,0.0,0.0
0,0,0,0,25,0.15,81.9,3.0,226,2026-09-19 02:05:00,PT5M,0.0,0.0,0.0,0.0,0.0
0,0,0,0,25,0.15,81.8,3.0,227,2026-09-19 02:10:00,PT5M,0.0,0.0,0.0,0.0,0.0
0,0,0,0,25,0.15,81.7,3.0,227,2026-09-19 02:15:00,PT5M,0.0,0.0,0.0,0.0,0.0
0,0,0,0,25,0.15,81.6,2.9,228,2026-09-19 02:20:00,PT5M,0.0,0.0,0.0,0.0,0.0
0,0,0,0,25,0.15,81.5,2.9,228,2026-09-19 02:25:00,PT5M,0.0,0.0,0.0,0.0,0.0
0,0,0,0,25,0.15,81.5,2.9,229,2026-09-19 02:30:00,PT5M,0.0,0.0,0.0,0.0,0.0
0,0,0,0,25,0.15,81.5,2.9,229,2026-09-19 02:35:00,PT5M,0.0,0.0,0.0,0.0,0.0
0,0,0,0,25,0.15,81.5,2.9,229,2026-09-19 02:40:00,PT5M,0.0,0.0,0.0,0.0,0.0
0,0,0,0,25,0.15,81.6,2.9,228,2026-09-19 02:45:00,PT5M,0.0,0.0,0.0,0.0,0.0
0,0,0,0,25,0.15,81.7,2.8,228,2026-09-19 02:50:00,PT5M,0.0,0.0,0.0,0.0,0.0
0,0,0,0,25,0.15,81.8,2.8,228,2026-09-19 02:55:00,PT5M,0.0,0.0,0.0,0.0,0.0
0,0,0,0,25,0.15,81.9,2.8,227,2026-09-19 03:00:00,PT5M,0.0,0.0,0.0,0.0,0.0
0,0,0,0,25,0.15,81.9,2.8,227,2026-09-19 03:05:00,PT5M,0.0,0.0,0.0,0.0,0.0
0,0,0,0,25,0.15,82.0,2.8,227,2026-09-19 03:10:00,PT5M,0.0,0.0,0.0,0.0,0.0
0,0,0,0,25,0.15,82.1,2.7,226,2026-09-19 03:15:00,PT5M,0.0,0.0,0.0,0.0,0.0
0,0,0,0,25,0.15,82.2,2.7,226,2026-09-19 03:20:00,PT5M,0.0,0.0,0.0,0.0,0.0
0,0,0,0,25,0.15,82.3,2.7,226,2026-09-19 03:25:00,PT5M,0.0,0.0,0.0,0.0,0.0
0,0,0,0,25,0.15,82.4,2.7,225,2026-09-19 03:30:00,PT5M,0.0,0.0,0.0,0.0,0.0
0,0,0,0,25,0.15,82.4,2.7,225,2026-09-19 03:35:00,PT5M,0.0,0.0,0.0,0.0,0.0
0,0,0,0,25,0.15,82.5,2.7,225,2026-09-19 03:40:00,PT5M,0.0,0.0,0.0,0.0,0.0
0,0,0,0,25,0.15,82.6,2.7,225,2026-09-19 03:45:00,PT5M,0.0,0.0,0.0,0.0,0.0
0,0,0,0,25,0.15,82.7,2.7,225,2026-09-19 03:50:00,PT5M,0.0,0.0,0.0,0.0,0.0
0,0,0,0,25,0.15,82.8,2.7,225,2026-09-19 03:55:00,PT5M,0.0,0.0,0.0,0.0,0.0
0,0,0,0,25,0.15,82.8,2.7,225,2026-09-19 04:00:00,PT5M,0.0,0.0,0.0,0.0,0.0
0,0,0,0,25,0.15,82.9,2.7,225,2026-09-19 04:05:00,PT5M,0.0,0.0,0.0,0.0,0.0
0,0,0,0,25,0.15,83.0,2.7,225,2026-09-19 04:10:00,PT5M,0.0,0.0,0.0,0.0,0.0
0,0,0,0,25,0.15,83.1,2.7,225,2026-09-19 04:15:00,PT5M,0.0,0.0,0.0,0.0,0.0
0,0,0,0,24,0.15,83.2,2.7,225,2026-09-19 04:20:00,PT5M,0.0,0.0,0.0,0.0,0.0
0,0,0,0,24,0.15,83.3,2.7,225,2026-09-19 04:25:00,PT5M,0.0,0.0,0.0,0.0,0.0
0,0,0,0,24,0.15,83.3,2.7,225,2026-09-19 04:30:00,PT5M,0.0,0.0,0.0,0.0,0.0
0,0,0,0,24,0.15,83.4,2.7,225,2026-09-19 04:35:00,PT5M,0.0,0.0,0.0,0.0,0.0
0,0,0,0,24,0.15,83.4,2.7,226,2026-09-19 04:40:00,PT5M,0.0,0.0,0.0,0.0,0.0
0,0,0,0,24,0.15,83.4,2.7,226,2026-09-19 04:45:00,PT5M,0.0,0.0,0.0,0.0,0.0
0,0,0,0,24,0.15,83.4,2.7,227,2026-09-19 04:50:00,PT5M,0.0,0.0,0.0,0.0,0.0
0,0,0,0,24,0.15,83.4,2.7,227,2026-09-19 04:55:00,PT5M,0.0,0.0,0.0,0.0,0.0
0,0,0,0,24,0.15,83.4,2.7,228,2026-09-19 05:00:00,PT5M,0.0,0.0,0.0,0.0,0.0
0,0,0,0,24,0.15,83.4,2.7,228,2026-09-19 05:05:00,PT5M,0.0,0.0,0.0,0.0,0.0
0,0,0,0,24,0.15,83.4,2.7,229,2026-09-19 05:10:00,PT5M,0.0,0.0,0.0,0.0,0.0
0,0,0,0,24,0.15,83.4,2.7,229,2026-09-19 05:15:00,PT5M,0.0,0.0,0.0,0.0,0.0
0,0,0,0,24,0.15,83.4,2.7,230,2026-09-19 05:20:00,PT5M,0.0,0.0,0.0,0.0,0.0
0,0,0,0,24,0.15,83.4,2.7,230,2026-09-19 05:25:00,PT5M,0.0,0.0,0.0,0.0,0.0
0,0,0,0,24,0.15,83.4,2.7,231,2026-09-19 05:30:00,PT5M,0.0,0.0,0.0,0.0,0.0
0,0,0,0,25,0.15,83.1,2.7,231,2026-09-19 05:35:00,PT5M,0.0,0.0,0.0,0.0,0.0
0,0,0,0,25,0.15,82.6,2.7,231,2026-09-19 05:40:00,PT5M,0.0,0.0,0.0,0.0,0.0
0,0,0,0,25,0.15,82.0,2.7,231,2026-09-19 05:45:00,PT5M,0.0,0.0,0.0,0.0,0.0
0,0,0,0,25,0.15,81.5,2.7,232,2026-09-19 05:50:00,PT5M,0.0,0.0,0.0,0.0,0.0
0,0,0,0,25,0.15,80.9,2.8,232,2026-09-19 05:55:00,PT5M,0.0,0.0,0.0,0.0,0.0
1,1,0,1,25,0.15,80.4,2.8,232,2026-09-19 06:00:00,PT5M,0.0,0.0,0.0,0.0,0.0
7,7,0,7,25,0.15,79.9,2.8,232,2026-09-19 06:05:00,PT5M,0.207,0.4185,0.3183,0.0957,0.0
14,14,0,14,25,0.15,79.3,2.8,232,2026-09-19 06:10:00,PT5M,1.257,2.0555,1.6773,0.8367,0.4585
23,23,0,23,25,0.15,78.8,2.8,233,2026-09-19 06:15:00,PT5M,2.416,3.866,3.1791,1.6529,0.966
33,33,0,33,26,0.15,78.3,2.8,233,2026-09-19 06:20:00,PT5M,3.671,6.197,5.0005,2.3415,1.145
44,44,8,43,26,0.15,77.8,2.8,233,2026-09-19 06:25:00,PT5M,5.147,8.809,7.0743,3.2197,1.485
56,56,31,52,26,0.15,77.3,2.8,233,2026-09-19 06:30:00,PT5M,7.255,12.2565,9.8873,4.6227,2.2535
69,69,58,60,26,0.15,76.8,2.8,233,2026-09-19 06:35:00,PT5M,9.803,16.269,13.2061,6.3999,3.337
83,83,85,69,26,0.15,76.3,2.9,233,2026-09-19 06:40:00,PT5M,12.542,20.5315,16.7469,8.3371,4.5525
98,98,111,77,26,0.15,75.8,2.9,234,2026-09-19 06:45:00,PT5M,15.551,25.053,20.552,10.55,6.049
114,114,137,85,26,0.15,75.3,2.9,234,2026-09-19 06:50:00,PT5M,18.857,29.852,24.6437,13.0703,7.862
130,131,162,92,26,0.15,74.8,2.9,234,2026-09-19 06:55:00,PT5M,22.323,34.845,28.9134,15.7326,9.801
147,148,188,99,26,0.15,74.3,2.9,234,2026-09-19 07:00:00,PT5M,26.001,40.124,33.434,18.568,11.878
164,165,207,107,27,0.15,73.8,2.9,234,2026-09-19 07:05:00,PT5M,29.622,45.5015,37.9795,21.2645,13.7425
181,182,228,113,27,0.15,73.3,2.9,234,2026-09-19 07:10:00,PT5M,33.529,51.2785,42.8707,24.1873,15.7795
199,200,248,120,27,0.15,72.8,2.9,235,2026-09-19 07:15:00,PT5M,37.557,57.207,47.8989,27.2151,17.907
217,218,267,126,27,0.15,72.4,2.9,235,2026-09-19 07:20:00,PT5M,41.669,63.24,53.022,30.316,20.098
235,236,286,132,27,0.15,71.9,3.0,235,2026-09-19 07:25:00,PT5M,45.843,69.3445,58.212,33.474,22.3415
254,255,304,138,27,0.15,71.4,3.0,235,2026-09-19 07:30:00,PT5M,50.081,75.521,63.4703,36.6917,24.641
272,273,321,144,27,0.15,71.0,3.0,235,2026-09-19 07:35:00,PT5M,54.313,81.766,68.7617,39.8643,26.86
290,291,336,149,27,0.15,70.5,3.0,235,2026-09-19 07:40:00,PT5M,58.542,88.032,74.0628,43.0212,29.052
309,310,351,155,27,0.15,70.1,3.0,235,2026-09-19 07:45:00,PT5M,61.991,92.8535,78.2342,45.7478,31.1285
327,328,366,159,28,0.15,69.6,3.0,236,2026-09-19 07:50:00,PT5M,64.413,95.8295,80.9477,47.8783,32.9965
346,347,380,164,28,0.15,69.1,3.0,236,2026-09-19 07:55:00,PT5M,66.797,98.712,83.5941,49.9999,34.882
364,365,394,169,28,0.15,68.7,3.0,236,2026-09-19 08:00:00,PT5M,69.08,100.0,86.1087,52.0513,36.725
383,384,407,173,28,0.15,68.3,3.0,236,2026-09-19 08:05:00,PT5M,71.251,100.0,88.4765,54.0255,38.522
401,402,420,177,28,0.15,67.8,3.1,236,2026-09-19 08:10:00,PT5M,73.296,100.0,90.6791,55.9129,40.2675
420,420,433,180,28,0.15,67.4,3.1,236,2026-09-19 08:15:00,PT5M,75.204,100.0,92.7011,57.7069,41.959
438,439,445,184,28,0.15,66.9,3.1,236,2026-09-19 08:20:00,PT5M,76.97,100.0,94.5352,59.4048,43.5955
456,457,457,187,28,0.15,66.5,3.1,237,2026-09-19 08:25:00,PT5M,78.568,100.0,96.1419,60.9941,45.177
474,474,468,190,28,0.15,66.1,3.1,237,2026-09-19 08:30:00,PT5M,80.07,100.0,97.6242,62.5158,46.7165
491,492,477,194,29,0.15,65.5,3.1,237,2026-09-19 08:35:00,PT5M,81.33,100.0,98.8629,63.7971,48.017
508,508,483,198,29,0.15,64.9,3.1,237,2026-09-19 08:40:00,PT5M,82.363,100.0,99.8796,64.8464,49.081
524,524,490,202,29,0.15,64.2,3.1,237,2026-09-19 08:45:00,PT5M,83.334,100.0,100.0,65.844,50.1025
540,540,496,206,29,0.15,63.6,3.1,236,2026-09-19 08:50:00,PT5M,84.252,100.0,100.0,66.7965,51.086
555,555,501,209,29,0.15,62.9,3.1,236,2026-09-19 08:55:00,PT5M,85.123,100.0,100.0,67.7104,52.0385
570,570,507,213,29,0.15,62.3,3.1,236,2026-09-19 09:00:00,PT5M,85.95,100.0,100.0,68.5877,52.961
586,586,513,216,29,0.15,61.6,3.1,236,2026-09-19 09:05:00,PT5M,86.849,100.0,100.0,69.5506,53.9815
601,601,520,219,30,0.15,61.0,3.1,236,2026-09-19 09:10:00,PT5M,87.725,100.0,100.0,70.4982,54.9935
616,616,526,221,30,0.15,60.4,3.1,236,2026-09-19 09:15:00,PT5M,88.56,100.0,100.0,71.4098,55.974
631,630,533,224,30,0.15,59.8,3.1,236,2026-09-19 09:20:00,PT5M,89.358,100.0,100.0,72.3775,57.0945
645,645,539,226,30,0.15,59.2,3.1,236,2026-09-19 09:25:00,PT5M,90.121,100.0,100.0,73.3639,58.282
659,659,544,228,30,0.15,58.6,3.1,236,2026-09-19 09:30:00,PT5M,90.874,100.0,100.0,74.3356,59.4505
673,673,550,230,30,0.15,58.0,3.1,235,2026-09-19 09:35:00,PT5M,91.565,100.0,100.0,75.2405,60.548
687,686,556,232,30,0.15,57.4,3.1,235,2026-09-19 09:40:00,PT5M,92.224,100.0,100.0,76.1082,61.6035
699,699,560,235,31,0.15,56.8,3.1,235,2026-09-19 09:45:00,PT5M,92.805,100.0,100.0,76.8887,62.5635
712,711,564,237,31,0.15,56.2,3.1,235,2026-09-19 09:50:00,PT5M,93.345,100.0,100.0,77.6213,63.4695
724,723,568,239,31,0.15,55.7,3.1,235,2026-09-19 09:55:00,PT5M,93.859,100.0,100.0,78.3221,64.3385
735,734,572,241,31,0.15,55.1,3.1,235,2026-09-19 10:00:00,PT5M,94.346,100.0,100.0,78.9886,65.1665
746,745,575,243,31,0.15,54.5,3.1,235,2026-09-19 10:05:00,PT5M,94.808,100.0,100.0,79.6222,65.9545
757,756,579,244,31,0.15,54.0,3.1,235,2026-09-19 10:10:00,PT5M,95.243,100.0,100.0,80.2222,66.703
767,766,582,246,31,0.15,53.5,3.1,235,2026-09-19 10:15:00,PT5M,95.653,100.0,100.0,80.7909,67.4145
777,776,585,247,32,0.15,52.9,3.1,234,2026-09-19 10:20:00,PT5M,96.036,100.0,100.0,81.326,68.0865
787,786,588,249,32,0.15,52.4,3.1,234,2026-09-19 10:25:00,PT5M,96.4,100.0,100.0,81.8368,68.7295
796,795,591,250,32,0.15,51.9,3.1,234,2026-09-19 10:30:00,PT5M,96.741,100.0,100.0,82.3189,69.3385
803,802,591,253,32,0.15,51.3,3.1,234,2026-09-19 10:35:00,PT5M,96.871,100.0,100.0,82.5728,69.704
808,807,587,257,32,0.15,50.8,3.1,234,2026-09-19 10:40:00,PT5M,96.794,100.0,100.0,82.6024,69.8295
813,811,582,262,32,0.15,50.3,3.1,234,2026-09-19 10:45:00,PT5M,96.698,100.0,100.0,82.6061,69.923
817,815,578,266,32,0.15,49.8,3.1,234,2026-09-19 10:50:00,PT5M,96.581,100.0,100.0,82.5802,69.979
820,819,573,270,33,0.15,49.3,3.1,234,2026-09-19 10:55:00,PT5M,96.441,100.0,100.0,82.521,69.9925
823,822,569,275,33,0.15,48.8,3.1,233,2026-09-19 11:00:00,PT5M,96.271,100.0,100.0,82.406,69.927
826,824,564,279,33,0.15,48.3,3.1,233,2026-09-19 11:05:00,PT5M,96.09,100.0,100.0,82.2842,69.8585
828,826,559,283,33,0.15,47.9,3.1,233,2026-09-19 11:10:00,PT5M,95.898,100.0,100.0,82.1582,69.792
829,828,554,287,33,0.15,47.4,3.1,233,2026-09-19 11:15:00,PT5M,95.686,100.0,100.0,82.0028,69.6875
830,829,549,291,33,0.15,46.9,3.1,233,2026-09-19 11:20:00,PT5M,95.451,100.0,100.0,81.8073,69.5275
831,829,543,294,33,0.15,46.4,3.1,233,2026-09-19 11:25:00,PT5M,95.196,100.0,100.0,81.5833,69.3315
831,830,538,298,34,0.15,46.0,3.1,233,2026-09-19 11:30:00,PT5M,94.997,100.0,100.0,81.4072,69.176
832,830,535,300,34,0.15,45.7,3.2,233,2026-09-19 11:35:00,PT5M,94.829,100.0,100.0,81.2447,69.0185
833,831,533,302,34,0.15,45.6,3.2,232,2026-09-19 11:40:00,PT5M,94.766,100.0,100.0,81.1689,68.931
834,832,532,303,34,0.15,45.5,3.3,232,2026-09-19 11:45:00,PT5M,94.677,100.0,100.0,81.0588,68.802
834,832,531,304,34,0.15,45.4,3.3,232,2026-09-19 11:50:00,PT5M,94.562,100.0,100.0,80.9143,68.631
834,832,529,305,34,0.15,45.2,3.4,232,2026-09-19 11:55:00,PT5M,94.413,100.0,100.0,80.7266,68.4085
833,831,526,306,34,0.15,45.1,3.4,231,2026-09-19 12:00:00,PT5M,94.233,100.0,100.0,80.499,68.138
831,830,524,308,34,0.15,45.0,3.5,231,2026-09-19 12:05:00,PT5M,94.139,100.0,100.0,80.3498,67.939
829,828,522,308,34,0.15,44.9,3.5,231,2026-09-19 12:10:00,PT5M,94.024,100.0,100.0,80.1713,67.7035
827,825,519,309,34,0.15,44.8,3.6,231,2026-09-19 12:15:00,PT5M,93.874,100.0,100.0,79.949,67.416
824,822,516,310,34,0.15,44.7,3.6,231,2026-09-19 12:20:00,PT5M,93.696,100.0,100.0,79.6907,67.0855
820,819,513,311,34,0.15,44.6,3.7,230,2026-09-19 12:25:00,PT5M,93.492,100.0,100.0,79.3993,66.7155
816,815,509,312,34,0.15,44.5,3.7,230,2026-09-19 12:30:00,PT5M,93.262,100.0,100.0,79.0746,66.3055
811,810,504,313,34,0.15,44.4,3.8,230,2026-09-19 12:35:00,PT5M,92.892,100.0,100.0,78.5807,65.7
804,803,496,316,34,0.15,44.2,3.8,230,2026-09-19 12:40:00,PT5M,92.381,100.0,100.0,77.9149,64.895
796,795,488,318,34,0.15,44.1,3.9,230,2026-09-19 12:45:00,PT5M,91.844,100.0,100.0,77.2174,64.053
788,787,480,320,34,0.15,44.0,3.9,229,2026-09-19 12:50:00,PT5M,91.272,100.0,100.0,76.4717,63.151
780,779,472,322,34,0.15,43.9,4.0,229,2026-09-19 12:55:00,PT5M,90.669,100.0,100.0,75.6861,62.201
772,770,464,323,34,0.15,43.8,4.0,229,2026-09-19 13:00:00,PT5M,90.05,100.0,100.0,74.891,61.2475
763,762,456,324,35,0.15,43.7,4.1,229,2026-09-19 13:05:00,PT5M,89.42,100.0,100.0,74.0955,60.303
753,752,448,326,35,0.15,43.6,4.1,229,2026-09-19 13:10:00,PT5M,88.74,100.0,100.0,73.2276,59.266
743,742,441,326,35,0.15,43.5,4.2,229,2026-09-19 13:15:00,PT5M,88.026,100.0,100.0,72.3189,58.182
733,732,433,327,35,0.15,43.4,4.2,228,2026-09-19 13:20:00,PT5M,87.277,100.0,100.0,71.3699,57.053
723,722,424,327,35,0.15,43.3,4.3,228,2026-09-19 13:25:00,PT5M,86.497,100.0,100.0,70.3865,55.8865
712,711,416,328,35,0.15,43.2,4.3,228,2026-09-19 13:30:00,PT5M,85.685,100.0,100.0,69.3687,54.6835
699,698,405,329,35,0.15,43.1,4.4,228,2026-09-19 13:35:00,PT5M,84.598,100.0,100.0,68.0214,53.102
684,683,389,331,35,0.15,43.0,4.4,228,2026-09-19 13:40:00,PT5M,83.232,100.0,100.0,66.3433,51.143
669,668,374,333,35,0.15,42.9,4.5,228,2026-09-19 13:45:00,PT5M,81.833,100.0,99.0317,64.6343,49.155
653,653,359,335,35,0.15,42.8,4.5,228,2026-09-19 13:50:00,PT5M,80.396,100.0,97.9033,62.8887,47.1315
638,637,345,336,35,0.15,42.7,4.6,228,2026-09-19 13:55:00,PT5M,78.872,100.0,96.6867,61.0573,45.0235
622,622,330,336,35,0.15,42.5,4.6,227,2026-09-19 14:00:00,PT5M,77.362,100.0,95.4822,59.2418,42.933
606,606,316,336,35,0.15,42.4,4.7,227,2026-09-19 14:05:00,PT5M,75.811,100.0,94.2357,57.3863,40.8035
590,590,302,336,35,0.15,42.3,4.7,227,2026-09-19 14:10:00,PT5M,74.217,100.0,92.9449,55.4891,38.6335
574,574,288,335,35,0.15,42.2,4.8,227,2026-09-19 14:15:00,PT5M,72.586,100.0,91.6141,53.5579,36.432
558,558,275,333,35,0.15,42.1,4.8,227,2026-09-19 14:20:00,PT5M,70.912,100.0,90.2375,51.5865,34.193
541,542,261,332,35,0.15,42.0,4.9,227,2026-09-19 14:25:00,PT5M,69.152,100.0,88.7743,49.5297,31.869
525,525,247,329,35,0.15,41.9,4.9,227,2026-09-19 14:30:00,PT5M,67.355,100.0,87.1699,47.5401,29.706
510,510,236,326,35,0.15,42.1,5.0,227,2026-09-19 14:35:00,PT5M,65.796,100.0,85.732,45.86,27.917
496,497,228,322,35,0.15,42.6,5.0,227,2026-09-19 14:40:00,PT5M,64.474,100.0,84.4984,44.4496,26.427
483,483,221,317,35,0.15,43.2,5.0,227,2026-09-19 14:45:00,PT5M,63.135,100.0,83.2178,43.0522,24.977
469,469,213,313,35,0.15,43.7,5.0,227,2026-09-19 14:50:00,PT5M,61.739,100.0,81.8895,41.5885,23.4525
455,455,205,308,35,0.15,44.2,5.0,228,2026-09-19 14:55:00,PT5M,60.303,98.6985,80.5108,40.0952,21.9075
441,441,197,302,34,0.15,44.8,5.0,228,2026-09-19 15:00:00,PT5M,58.827,97.3095,79.0806,38.5734,20.3445
427,428,189,297,34,0.15,45.3,5.0,228,2026-09-19 15:05:00,PT5M,57.354,95.8685,77.6245,37.0835,18.8395
413,414,181,291,34,0.15,45.9,5.0,228,2026-09-19 15:10:00,PT5M,55.78,94.2755,76.0405,35.5195,17.2845
399,399,172,286,34,0.15,46.5,5.0,229,2026-09-19 15:15:00,PT5M,54.156,92.6225,74.4012,33.9108,15.6895
385,385,163,280,34,0.15,47.0,5.0,229,2026-09-19 15:20:00,PT5M,52.474,90.879,72.6868,32.2612,14.069
370,371,155,274,33,0.15,47.6,5.0,229,2026-09-19 15:25:00,PT5M,50.725,89.0325,70.8865,30.5635,12.4175
356,356,146,268,33,0.15,48.2,5.0,229,2026-09-19 15:30:00,PT5M,48.917,87.0815,69.0032,28.8308,10.7525
341,341,136,261,33,0.15,48.8,5.0,229,2026-09-19 15:35:00,PT5M,46.918,84.886,66.9008,26.9352,8.95
325,326,124,254,33,0.15,49.4,5.0,230,2026-09-19 15:40:00,PT5M,44.729,82.4405,64.5768,24.8812,7.0175
310,310,113,248,33,0.15,50.0,5.0,230,2026-09-19 15:45:00,PT5M,42.735,80.071,62.3852,23.0848,5.399
294,295,101,240,32,0.15,50.7,5.0,230,2026-09-19 15:50:00,PT5M,40.448,77.3105,59.849,21.047,3.5855
279,280,90,233,32,0.15,51.3,5.0,230,2026-09-19 15:55:00,PT5M,38.104,74.3965,57.205,19.003,1.8115
264,264,79,225,32,0.15,51.9,5.0,231,2026-09-19 16:00:00,PT5M,35.707,71.342,54.462,16.952,0.072
249,249,68,217,32,0.15,52.6,5.0,231,2026-09-19 16:05:00,PT5M,33.359,68.3155,51.7569,14.9611,0.0
234,235,59,208,32,0.15,53.2,5.1,231,2026-09-19 16:10:00,PT5M,31.071,65.302,49.087,13.055,0.0
220,220,49,199,32,0.15,53.9,5.1,231,2026-09-19 16:15:00,PT5M,28.751,62.219,46.3654,11.1366,0.0
206,206,39,190,31,0.15,54.6,5.1,231,2026-09-19 16:20:00,PT5M,26.503,58.633,43.4132,9.5928,0.0
192,192,30,180,31,0.15,55.3,5.1,232,2026-09-19 16:25:00,PT5M,24.563,54.5125,40.3256,8.8004,0.0
178,179,20,171,31,0.15,56.0,5.1,232,2026-09-19 16:30:00,PT5M,22.332,50.1665,36.9815,7.6825,0.0
165,165,11,161,31,0.15,56.7,5.1,232,2026-09-19 16:35:00,PT5M,20.18,45.9235,33.729,6.631,0.0
152,152,2,151,31,0.15,57.4,5.1,232,2026-09-19 16:40:00,PT5M,18.117,41.8,30.5815,5.6525,0.0
139,139,0,139,30,0.15,58.1,5.1,232,2026-09-19 16:45:00,PT5M,16.51,38.1345,27.8911,5.1289,0.0
126,127,0,127,30,0.15,58.8,5.1,233,2026-09-19 16:50:00,PT5M,15.021,34.6,25.3256,4.7164,0.0
114,114,0,114,30,0.15,59.6,5.1,233,2026-09-19 16:55:00,PT5M,13.543,31.1045,22.7857,4.3003,0.0
102,102,0,102,30,0.15,60.3,5.1,233,2026-09-19 17:00:00,PT5M,12.094,27.6885,20.3015,3.8865,0.0
90,90,0,90,30,0.15,61.1,5.1,233,2026-09-19 17:05:00,PT5M,10.63,24.3475,17.8496,3.4104,0.0
78,78,0,78,29,0.15,61.9,5.1,234,2026-09-19 17:10:00,PT5M,9.225,21.163,15.5081,2.9419,0.0
67,67,0,67,29,0.15,62.7,5.1,234,2026-09-19 17:15:00,PT5M,7.758,17.9595,13.1271,2.3889,0.0
56,56,0,56,29,0.15,63.5,5.1,234,2026-09-19 17:20:00,PT5M,6.448,14.956,10.9258,1.9702,0.0
46,46,0,46,29,0.15,64.3,5.2,234,2026-09-19 17:25:00,PT5M,5.27,12.095,8.862,1.678,0.0
37,37,0,37,29,0.15,65.1,5.2,234,2026-09-19 17:30:00,PT5M,4.111,9.3825,6.8854,1.3366,0.0
29,29,0,29,29,0.15,65.7,5.1,234,2026-09-19 17:35:00,PT5M,3.034,6.9095,5.0737,0.9943,0.0
22,22,0,22,29,0.15,66.1,5.1,234,2026-09-19 17:40:00,PT5M,2.145,4.8745,3.5816,0.7084,0.0
15,15,0,15,28,0.15,66.6,5.1,234,2026-09-19 17:45:00,PT5M,1.342,2.999,2.2141,0.4699,0.0
10,10,0,10,28,0.15,67.0,5.0,233,2026-09-19 17:50:00,PT5M,0.605,1.4695,1.06,0.15,0.0
5,5,0,5,28,0.15,67.4,5.0,233,2026-09-19 17:55:00,PT5M,0.0,0.2425,0.1276,0.0,0.0
1,1,0,1,28,0.15,67.9,5.0,233,2026-09-19 18:00:00,PT5M,0.0,0.0,0.0,0.0,0.0
0,0,0,0,28,0.15,68.3,4.9,232,2026-09-19 18:05:00,PT5M,0.0,0.0,0.0,0.0,0.0
0,0,0,0,28,0.15,68.8,4.9,232,2026-09-19 18:10:00,PT5M,0.0,0.0,0.0,0.0,0.0
0,0,0,0,28,0.15,69.2,4.9,232,2026-09-19 18:15:00,PT5M,0.0,0.0,0.0,0.0,0.0
0,0,0,0,28,0.15,69.7,4.8,231,2026-09-19 18:20:00,PT5M,0.0,0.0,0.0,0.0,0.0
0,0,0,0,28,0.15,70.2,4.8,231,2026-09-19 18:25:00,PT5M,0.0,0.0,0.0,0.0,0.0
0,0,0,0,28,0.15,70.6,4.8,231,2026-09-19 18:30:00,PT5M,0.0,0.0,0.0,0.0,0.0
0,0,0,0,28,0.15,71.1,4.7,230,2026-09-19 18:35:00,PT5M,0.0,0.0,0.0,0.0,0.0
0,0,0,0,27,0.15,71.5,4.7,230,2026-09-19 18:40:00,PT5M,0.0,0.0,0.0,0.0,0.0
0,0,0,0,27,0.15,72.0,4.7,229,2026-09-19 18:45:00,PT5M,0.0,0.0,0.0,0.0,0.0
0,0,0,0,27,0.15,72.5,4.6,229,2026-09-19 18:50:00,PT5M,0.0,0.0,0.0,0.0,0.0
0,0,0,0,27,0.15,73.0,4.6,229,2026-09-19 18:55:00,PT5M,0.0,0.0,0.0,0.0,0.0
0,0,0,0,27,0.15,73.5,4.6,228,2026-09-19 19:00:00,PT5M,0.0,0.0,0.0,0.0,0.0
0,0,0,0,27,0.15,73.9,4.6,228,2026-09-19 19:05:00,PT5M,0.0,0.0,0.0,0.0,0.0
0,0,0,0,27,0.15,74.4,4.5,228,2026-09-19 19:10:00,PT5M,0.0,0.0,0.0,0.0,0.0
0,0,0,0,27,0.15,74.9,4.5,227,2026-09-19 19:15:00,PT5M,0.0,0.0,0.0,0.0,0.0
0,0,0,0,27,0.15,75.4,4.5,227,2026-09-19 19:20:00,PT5M,0.0,0.0,0.0,0.0,0.0
0,0,0,0,27,0.15,75.9,4.4,226,2026-09-19 19:25:00,PT5M,0.0,0.0,0.0,0.0,0.0
0,0,0,0,27,0.15,76.4,4.4,226,2026-09-19 19:30:00,PT5M,0.0,0.0,0.0,0.0,0.0
0,0,0,0,27,0.15,76.9,4.4,225,2026-09-19 19:35:00,PT5M,0.0,0.0,0.0,0.0,0.0
0,0,0,0,26,0.15,77.4,4.3,225,2026-09-19 19:40:00,PT5M,0.0,0.0,0.0,0.0,0.0
0,0,0,0,26,0.15,77.9,4.3,225,2026-09-19 19:45:00,PT5M,0.0,0.0,0.0,0.0,0.0
0,0,0,0,26,0.15,78.5,4.3,224,2026-09-19 19:50:00,PT5M,0.0,0.0,0.0,0.0,0.0
0,0,0,0,26,0.15,79.0,4.3,224,2026-09-19 19:55:00,PT5M,0.0,0.0,0.0,0.0,0.0
0,0,0,0,26,0.15,79.5,4.2,223,2026-09-19 20:00:00,PT5M,0.0,0.0,0.0,0.0,0.0
0,0,0,0,26,0.15,80.0,4.2,223,2026-09-19 20:05:00,PT5M,0.0,0.0,0.0,0.0,0.0
0,0,0,0,26,0.15,80.6,4.2,222,2026-09-19 20:10:00,PT5M,0.0,0.0,0.0,0.0,0.0
0,0,0,0,26,0.15,81.1,4.1,222,2026-09-19 20:15:00,PT5M,0.0,0.0,0.0,0.0,0.0
0,0,0,0,26,0.15,81.6,4.1,221,2026-09-19 20:20:00,PT5M,0.0,0.0,0.0,0.0,0.0
0,0,0,0,26,0.15,82.2,4.1,221,2026-09-19 20:25:00,PT5M,0.0,0.0,0.0,0.0,0.0
0,0,0,0,26,0.15,82.7,4.1,220,2026-09-19 20:30:00,PT5M,0.0,0.0,0.0,0.0,0.0
0,0,0,0,26,0.15,83.0,4.0,220,2026-09-19 20:35:00,PT5M,0.0,0.0,0.0,0.0,0.0
0,0,0,0,26,0.15,83.0,4.1,220,2026-09-19 20:40:00,PT5M,0.0,0.0,0.0,0.0,0.0
0,0,0,0,26,0.15,82.9,4.1,220,2026-09-19 20:45:00,PT5M,0.0,0.0,0.0,0.0,0.0
0,0,0,0,26,0.15,82.9,4.1,221,2026-09-19 20:50:00,PT5M,0.0,0.0,0.0,0.0,0.0
0,0,0,0,26,0.15,82.9,4.1,221,2026-09-19 20:55:00,PT5M,0.0,0.0,0.0,0.0,0.0
0,0,0,0,26,0.15,82.8,4.1,221,2026-09-19 21:00:00,PT5M,0.0,0.0,0.0,0.0,0.0
0,0,0,0,26,0.15,82.8,4.1,221,2026-09-19 21:05:00,PT5M,0.0,0.0,0.0,0.0,0.0
0,0,0,0,26,0.15,82.8,4.1,221,2026-09-19 21:10:00,PT5M,0.0,0.0,0.0,0.0,0.0
0,0,0,0,26,0.15,82.8,4.1,221,2026-09-19 21:15:00,PT5M,0.0,0.0,0.0,0.0,0.0
0,0,0,0,25,0.15,82.7,4.1,222,2026-09-19 21:20:00,PT5M,0.0,0.0,0.0,0.0,0.0
0,0,0,0,25,0.15,82.7,4.1,222,2026-09-19 21:25:00,PT5M,0.0,0.0,0.0,0.0,0.0
0,0,0,0,25,0.15,82.7,4.1,222,2026-09-19 21:30:00,PT5M,0.0,0.0,0.0,0.0,0.0
0,0,0,0,25,0.15,82.6,4.1,222,2026-09-19 21:35:00,PT5M,0.0,0.0,0.0,0.0,0.0
0,0,0,0,25,0.15,82.6,4.1,222,2026-09-19 21:40:00,PT5M,0.0,0.0,0.0,0.0,0.0
0,0,0,0,25,0.15,82.6,4.1,222,2026-09-19 21:45:00,PT5M,0.0,0.0,0.0,0.0,0.0
0,0,0,0,25,0.15,82.6,4.2,223,2026-09-19 21:50:00,PT5M,0.0,0.0,0.0,0.0,0.0
0,0,0,0,25,0.15,82.5,4.2,223,2026-09-19 21:55:00,PT5M,0.0,0.0,0.0,0.0,0.0
0,0,0,0,25,0.15,82.5,4.2,223,2026-09-19 22:00:00,PT5M,0.0,0.0,0.0,0.0,0.0
0,0,0,0,25,0.15,82.5,4.2,223,2026-09-19 22:05:00,PT5M,0.0,0.0,0.0,0.0,0.0
0,0,0,0,25,0.15,82.4,4.2,223,2026-09-19 22:10:00,PT5M,0.0,0.0,0.0,0.0,0.0
0,0,0,0,25,0.15,82.4,4.2,223,2026-09-19 22:15:00,PT5M,0.0,0.0,0.0,0.0,0.0
0,0,0,0,25,0.15,82.4,4.2,224,2026-09-19 22:20:00,PT5M,0.0,0.0,0.0,0.0,0.0
0,0,0,0,25,0.15,82.4,4.2,224,2026-09-19 22:25:00,PT5M,0.0,0.0,0.0,0.0,0.0
0,0,0,0,25,0.15,82.3,4.2,224,2026-09-19 22:30:00,PT5M,0.0,0.0,0.0,0.0,0.0
0,0,0,0,25,0.15,82.3,4.2,224,2026-09-19 22:35:00,PT5M,0.0,0.0,0.0,0.0,0.0
0,0,0,0,25,0.15,82.3,4.2,224,2026-09-19 22:40:00,PT5M,0.0,0.0,0.0,0.0,0.0
0,0,0,0,25,0.15,82.2,4.2,224,2026-09-19 22:45:00,PT5M,0.0,0.0,0.0,0.0,0.0
0,0,0,0,25,0.15,82.2,4.2,225,2026-09-19 22:50:00,PT5M,0.0,0.0,0.0,0.0,0.0
0,0,0,0,25,0.15,82.2,4.3,225,2026-09-19 22:55:00,PT5M,0.0,0.0,0.0,0.0,0.0
0,0,0,0,25,0.15,82.2,4.3,225,2026-09-19 23:00:00,PT5M,0.0,0.0,0.0,0.0,0.0
0,0,0,0,25,0.15,82.1,4.3,225,2026-09-19 23:05:00,PT5M,0.0,0.0,0.0,0.0,0.0
0,0,0,0,25,0.15,82.1,4.3,225,2026-09-19 23:10:00,PT5M,0.0,0.0,0.0,0.0,0.0
0,0,0,0,25,0.15,82.1,4.3,225,2026-09-19 23:15:00,PT5M,0.0,0.0,0.0,0.0,0.0
0,0,0,0,25,0.15,82.0,4.3,226,2026-09-19 23:20:00,PT5M,0.0,0.0,0.0,0.0,0.0
0,0,0,0,25,0.15,82.0,4.3,226,2026-09-19 23:25:00,PT5M,0.0,0.0,0.0,0.0,0.0
0,0,0,0,25,0.15,82.0,4.3,226,2026-09-19 23:30:00,PT5M,0.0,0.0,0.0,0.0,0.0
0,0,0,0,25,0.15,82.0,4.3,226,2026-09-19 23:35:00,PT5M,0.0,0.0,0.0,0.0,0.0
0,0,0,0,25,0.15,82.0,4.3,226,2026-09-19 23:40:00,PT5M,0.0,0.0,0.0,0.0,0.0
0,0,0,0,25,0.15,82.0,4.3,226,2026-09-19 23:45:00,PT5M,0.0,0.0,0.0,0.0,0.0
0,0,0,0,25,0.15,82.0,4.3,226,2026-09-19 23:50:00,PT5M,0.0,0.0,0.0,0.0,0.0
0,0,0,0,25,0.15,82.0,4.3,226,2026-09-19 23:55:00,PT5M,0.0,0.0,0.0,0.0,0.0
0,0,0,0,25,0.15,82.0,4.3,226,2026-09-20 00:00:00,PT5M,0.0,0.0,0.0,0.0,0.0
0,0,0,0,25,0.15,82.1,4.3,226,2026-09-20 00:05:00,PT5M,0.0,0.0,0.0,0.0,0.0
0,0,0,0,25,0.15,82.1,4.3,227,2026-09-20 00:10:00,PT5M,0.0,0.0,0.0,0.0,0.0
0,0,0,0,25,0.15,82.1,4.3,227,2026-09-20 00:15:00,PT5M,0.0,0.0,0.0,0.0,0.0
0,0,0,0,25,0.15,82.1,4.3,227,2026-09-20 00:20:00,PT5M,0.0,0.0,0.0,0.0,0.0
0,0,0,0,25,0.15,82.1,4.3,227,2026-09-20 00:25:00,PT5M,0.0,0.0,0.0,0.0,0.0
0,0,0,0,25,0.15,82.1,4.3,227,2026-09-20 00:30:00,PT5M,0.0,0.0,0.0,0.0,0.0
0,0,0,0,25,0.15,82.1,4.3,227,2026-09-20 00:35:00,PT5M,0.0,0.0,0.0,0.0,0.0
0,0,0,0,25,0.15,82.1,4.3,227,2026-09-20 00:40:00,PT5M,0.0,0.0,0.0,0.0,0.0
0,0,0,0,25,0.15,82.2,4.3,227,2026-09-20 00:45:00,PT5M,0.0,0.0,0.0,0.0,0.0
0,0,0,0,25,0.15,82.2,4.3,227,2026-09-20 00:50:00,PT5M,0.0,0.0,0.0,0.0,0.0
0,0,0,0,25,0.15,82.2,4.3,227,2026-09-20 00:55:00,PT5M,0.0,0.0,0.0,0.0,0.0
0,0,0,0,25,0.15,82.2,4.4,227,2026-09-20 01:00:00,PT5M,0.0,0.0,0.0,0.0,0.0
0,0,0,0,25,0.15,82.2,4.4,227,2026-09-20 01:05:00,PT5M,0.0,0.0,0.0,0.0,0.0
0,0,0,0,25,0.15,82.2,4.4,227,2026-09-20 01:10:00,PT5M,0.0,0.0,0.0,0.0,0.0
0,0,0,0,25,0.15,82.2,4.4,228,2026-09-20 01:15:00,PT5M,0.0,0.0,0.0,0.0,0.0
0,0,0,0,25,0.15,82.3,4.4,228,2026-09-20 01:20:00,PT5M,0.0,0.0,0.0,0.0,0.0
0,0,0,0,25,0.15,82.3,4.4,228,2026-09-20 01:25:00,PT5M,0.0,0.0,0.0,0.0,0.0
0,0,0,0,25,0.15,82.3,4.4,228,2026-09-20 01:30:00,PT5M,0.0,0.0,0.0,0.0,0.0
0,0,0,0,25,0.15,82.3,4.4,228,2026-09-20 01:35:00,PT5M,0.0,0.0,0.0,0.0,0.0
0,0,0,0,25,0.15,82.3,4.4,228,2026-09-20 01:40:00,PT5M,0.0,0.0,0.0,0.0,0.0
0,0,0,0,25,0.15,82.3,4.4,228,2026-09-20 01:45:00,PT5M,0.0,0.0,0.0,0.0,0.0
0,0,0,0,25,0.15,82.3,4.4,228,2026-09-20 01:50:00,PT5M,0.0,0.0,0.0,0.0,0.0
0,0,0,0,25,0.15,82.3,4.4,228,2026-09-20 01:55:00,PT5M,0.0,0.0,0.0,0.0,0.0
0,0,0,0,25,0.15,82.4,4.4,228,2026-09-20 02:00:00,PT5M,0.0,0.0,0.0,0.0,0.0
0,0,0,0,25,0.15,82.4,4.4,228,2026-09-20 02:05:00,PT5M,0.0,0.0,0.0,0.0,0.0
0,0,0,0,25,0.15,82.4,4.4,228,2026-09-20 02:10:00,PT5M,0.0,0.0,0.0,0.0,0.0
0,0,0,0,25,0.15,82.4,4.4,228,2026-09-20 02:15:00,PT5M,0.0,0.0,0.0,0.0,0.0
0,0,0,0,25,0.15,82.4,4.4,229,2026-09-20 02:20:00,PT5M,0.0,0.0,0.0,0.0,0.0
0,0,0,0,25,0.15,82.4,4.4,229,2026-09-20 02:25:00,PT5M,0.0,0.0,0.0,0.0,0.0
0,0,0,0,25,0.15,82.4,4.4,229,2026-09-20 02:30:00,PT5M,0.0,0.0,0.0,0.0,0.0
0,0,0,0,25,0.15,82.4,4.4,229,2026-09-20 02:35:00,PT5M,0.0,0.0,0.0,0.0,0.0
0,0,0,0,25,0.15,82.3,4.4,229,2026-09-20 02:40:00,PT5M,0.0,0.0,0.0,0.0,0.0
0,0,0,0,25,0.15,82.2,4.4,229,2026-09-20 02:45:00,PT5M,0.0,0.0,0.0,0.0,0.0
0,0,0,0,25,0.15,82.1,4.4,229,2026-09-20 02:50:00,PT5M,0.0,0.0,0.0,0.0,0.0
0,0,0,0,25,0.15,82.0,4.4,228,2026-09-20 02:55:00,PT5M,0.0,0.0,0.0,0.0,0.0
0,0,0,0,25,0.15,81.9,4.3,228,2026-09-20 03:00:00,PT5M,0.0,0.0,0.0,0.0,0.0
0,0,0,0,25,0.15,81.8,4.3,228,2026-09-20 03:05:00,PT5M,0.0,0.0,0.0,0.0,0.0
0,0,0,0,25,0.15,81.7,4.3,228,2026-09-20 03:10:00,PT5M,0.0,0.0,0.0,0.0,0.0
0,0,0,0,25,0.15,81.6,4.3,228,2026-09-20 03:15:00,PT5M,0.0,0.0,0.0,0.0,0.0
0,0,0,0,25,0.15,81.5,4.3,228,2026-09-20 03:20:00,PT5M,0.0,0.0,0.0,0.0,0.0
0,0,0,0,25,0.15,81.4,4.3,228,2026-09-20 03:25:00,PT5M,0.0,0.0,0.0,0.0,0.0
0,0,0,0,25,0.15,81.3,4.3,228,2026-09-20 03:30:00,PT5M,0.0,0.0,0.0,0.0,0.0
0,0,0,0,25,0.15,81.2,4.3,228,2026-09-20 03:35:00,PT5M,0.0,0.0,0.0,0.0,0.0
0,0,0,0,25,0.15,81.1,4.3,228,2026-09-20 03:40:00,PT5M,0.0,0.0,0.0,0.0,0.0
0,0,0,0,25,0.15,81.1,4.3,228,2026-09-20 03:45:00,PT5M,0.0,0.0,0.0,0.0,0.0
0,0,0,0,25,0.15,81.0,4.3,228,2026-09-20 03:50:00,PT5M,0.0,0.0,0.0,0.0,0.0
0,0,0,0,25,0.15,80.9,4.3,228,2026-09-20 03:55:00,PT5M,0.0,0.0,0.0,0.0,0.0
0,0,0,0,25,0.15,80.8,4.3,228,2026-09-20 04:00:00,PT5M,0.0,0.0,0.0,0.0,0.0
0,0,0,0,25,0.15,80.7,4.2,228,2026-09-20 04:05:00,PT5M,0.0,0.0,0.0,0.0,0.0
0,0,0,0,25,0.15,80.6,4.2,228,2026-09-20 04:10:00,PT5M,0.0,0.0,0.0,0.0,0.0
0,0,0,0,25,0.15,80.5,4.2,228,2026-09-20 04:15:00,PT5M,0.0,0.0,0.0,0.0,0.0
0,0,0,0,25,0.15,80.4,4.2,228,2026-09-20 04:20:00,PT5M,0.0,0.0,0.0,0.0,0.0
0,0,0,0,25,0.15,80.3,4.2,228,2026-09-20 04:25:00,PT5M,0.0,0.0,0.0,0.0,0.0
0,0,0,0,25,0.15,80.2,4.2,228,2026-09-20 04:30:00,PT5M,0.0,0.0,0.0,0.0,0.0
0,0,0,0,25,0.15,80.1,4.2,228,2026-09-20 04:35:00,PT5M,0.0,0.0,0.0,0.0,0.0
0,0,0,0,25,0.15,80.0,4.2,228,2026-09-20 04:40:00,PT5M,0.0,0.0,0.0,0.0,0.0
0,0,0,0,25,0.15,79.9,4.2,227,2026-09-20 04:45:00,PT5M,0.0,0.0,0.0,0.0,0.0
0,0,0,0,25,0.15,79.8,4.2,227,2026-09-20 04:50:00,PT5M,0.0,0.0,0.0,0.0,0.0
0,0,0,0,25,0.15,79.7,4.2,227,2026-09-20 04:55:00,PT5M,0.0,0.0,0.0,0.0,0.0
0,0,0,0,25,0.15,79.6,4.2,227,2026-09-20 05:00:00,PT5M,0.0,0.0,0.0,0.0,0.0
0,0,0,0,25,0.15,79.5,4.1,227,2026-09-20 05:05:00,PT5M,0.0,0.0,0.0,0.0,0.0
0,0,0,0,25,0.15,79.5,4.1,227,2026-09-20 05:10:00,PT5M,0.0,0.0,0.0,0.0,0.0
0,0,0,0,25,0.15,79.4,4.1,227,2026-09-20 05:15:00,PT5M,0.0,0.0,0.0,0.0,0.0
0,0,0,0,25,0.15,79.3,4.1,227,2026-09-20 05:20:00,PT5M,0.0,0.0,0.0,0.0,0.0
0,0,0,0,25,0.15,79.2,4.1,227,2026-09-20 05:25:00,PT5M,0.0,0.0,0.0,0.0,0.0
0,0,0,0,25,0.15,79.1,4.1,227,2026-09-20 05:30:00,PT5M,0.0,0.0,0.0,0.0,0.0
0,0,0,0,25,0.15,79.0,4.1,227,2026-09-20 05:35:00,PT5M,0.0,0.0,0.0,0.0,0.0
0,0,0,0,25,0.15,79.0,4.1,227,2026-09-20 05:40:00,PT5M,0.0,0.0,0.0,0.0,0.0
0,0,0,0,26,0.15,78.9,4.1,227,2026-09-20 05:45:00,PT5M,0.0,0.0,0.0,0.0,0.0
0,0,0,0,26,0.15,78.9,4.1,227,2026-09-20 05:50:00,PT5M,0.0,0.0,0.0,0.0,0.0
0,0,0,0,26,0.15,78.9,4.1,227,2026-09-20 05:55:00,PT5M,0.0,0.0,0.0,0.0,0.0
1,1,0,1,26,0.15,78.8,4.1,227,2026-09-20 06:00:00,PT5M,0.0,0.0,0.0,0.0,0.0
5,5,0,5,26,0.15,78.8,4.1,227,2026-09-20 06:05:00,PT5M,0.0,0.223,0.1174,0.0,0.0
11,11,0,11,26,0.15,78.8,4.1,227,2026-09-20 06:10:00,PT5M,0.762,1.635,1.2215,0.3025,0.0
17,17,0,17,26,0.15,78.7,4.1,227,2026-09-20 06:15:00,PT5M,1.64,3.253,2.4889,0.7911,0.027
25,25,0,25,26,0.15,78.7,4.1,227,2026-09-20 06:20:00,PT5M,2.61,5.3875,4.0718,1.1482,0.0
34,34,0,34,26,0.15,78.6,4.1,228,2026-09-20 06:25:00,PT5M,3.678,7.7385,5.8151,1.5409,0.0
43,43,0,43,26,0.15,78.6,4.1,228,2026-09-20 06:30:00,PT5M,4.955,10.559,7.9044,2.0056,0.0
54,54,0,54,26,0.15,78.6,4.1,228,2026-09-20 06:35:00,PT5M,6.398,13.6975,10.2398,2.5562,0.0
67,67,0,67,26,0.15,78.5,4.1,228,2026-09-20 06:40:00,PT5M,7.922,16.977,12.6877,3.1563,0.0
80,81,2,80,26,0.15,78.5,4.1,228,2026-09-20 06:45:00,PT5M,9.666,20.472,15.3533,3.9787,0.0
95,95,27,89,26,0.15,78.5,4.1,228,2026-09-20 06:50:00,PT5M,12.534,25.069,19.1313,5.9367,0.0
111,111,55,98,26,0.15,78.4,4.1,228,2026-09-20 06:55:00,PT5M,15.647,29.9385,23.1687,8.1253,1.3555
128,128,83,106,26,0.15,78.4,4.1,228,2026-09-20 07:00:00,PT5M,19.075,35.2315,27.5783,10.5717,2.9185
144,145,108,114,26,0.15,78.4,4.1,228,2026-09-20 07:05:00,PT5M,22.601,40.6435,32.0969,13.1051,4.5585
161,162,133,122,26,0.15,78.3,4.1,228,2026-09-20 07:10:00,PT5M,26.384,46.3115,36.872,15.896,6.4565
179,180,158,129,26,0.15,78.3,4.1,228,2026-09-20 07:15:00,PT5M,30.446,52.2635,41.9287,18.9633,8.6285
198,198,184,135,26,0.15,78.2,4.1,228,2026-09-20 07:20:00,PT5M,34.76,58.463,47.2351,22.2849,11.057
217,217,211,141,26,0.15,78.2,4.1,228,2026-09-20 07:25:00,PT5M,39.33,64.9035,52.7895,25.8705,13.7565
237,237,238,146,26,0.15,78.2,4.1,228,2026-09-20 07:30:00,PT5M,44.131,71.562,58.5681,29.6939,16.7
255,256,259,151,26,0.15,78.1,4.1,228,2026-09-20 07:35:00,PT5M,48.503,77.873,63.9606,33.0454,19.133
272,273,272,157,26,0.15,78.1,4.1,228,2026-09-20 07:40:00,PT5M,52.302,83.7605,68.8588,35.7452,20.8435
289,290,286,163,26,0.15,78.1,4.1,228,2026-09-20 07:45:00,PT5M,55.426,88.182,72.6657,38.1863,22.67
307,307,299,169,26,0.15,78.0,4.1,228,2026-09-20 07:50:00,PT5M,57.851,91.0805,75.3399,40.3621,24.6215
324,325,312,174,26,0.15,78.0,4.1,229,2026-09-20 07:55:00,PT5M,60.202,93.855,77.9138,42.4902,26.549
342,342,325,180,26,0.15,78.0,4.1,229,2026-09-20 08:00:00,PT5M,62.472,96.4945,80.3783,44.5657,28.4495
359,359,337,185,26,0.15,77.9,4.1,229,2026-09-20 08:05:00,PT5M,64.65,98.979,82.7176,46.5824,30.321
377,377,349,189,26,0.15,77.9,4.1,229,2026-09-20 08:10:00,PT5M,66.725,100.0,84.916,48.534,32.1615
394,394,361,194,26,0.15,77.8,4.1,229,2026-09-20 08:15:00,PT5M,68.689,100.0,86.9608,50.4172,33.972
411,412,373,198,26,0.15,77.8,4.1,229,2026-09-20 08:20:00,PT5M,70.501,100.0,88.8086,52.1934,35.716
429,429,384,202,26,0.15,77.8,4.1,229,2026-09-20 08:25:00,PT5M,72.211,100.0,90.4928,53.9292,37.475
446,446,395,206,26,0.15,77.7,4.1,229,2026-09-20 08:30:00,PT5M,73.84,100.0,92.0705,55.6095,39.2015
462,462,404,210,26,0.15,77.5,4.1,229,2026-09-20 08:35:00,PT5M,75.238,100.0,93.4503,57.0257,40.634
478,478,411,214,26,0.15,77.2,4.1,229,2026-09-20 08:40:00,PT5M,76.416,100.0,94.5831,58.2489,41.898
493,493,418,218,26,0.15,76.9,4.2,229,2026-09-20 08:45:00,PT5M,77.537,100.0,95.6506,59.4234,43.1205
509,508,424,222,26,0.15,76.6,4.2,229,2026-09-20 08:50:00,PT5M,78.609,100.0,96.6632,60.5548,44.3055
524,523,430,226,27,0.15,76.2,4.2,229,2026-09-20 08:55:00,PT5M,79.637,100.0,97.6004,61.6736,45.506
539,538,437,230,27,0.15,75.9,4.2,229,2026-09-20 09:00:00,PT5M,80.625,100.0,98.35,62.9,46.947
554,553,444,233,27,0.15,75.6,4.3,229,2026-09-20 09:05:00,PT5M,81.685,100.0,99.1676,64.2024,48.4675
569,568,451,236,27,0.15,75.3,4.3,229,2026-09-20 09:10:00,PT5M,82.72,100.0,99.9631,65.4769,49.9575
583,583,458,239,27,0.15,74.9,4.3,229,2026-09-20 09:15:00,PT5M,83.717,100.0,100.0,66.7094,51.402
598,597,465,242,27,0.15,74.6,4.3,229,2026-09-20 09:20:00,PT5M,84.677,100.0,100.0,67.9007,52.8015
612,611,472,244,27,0.15,74.3,4.4,229,2026-09-20 09:25:00,PT5M,85.602,100.0,100.0,69.0525,54.1575
626,625,479,246,27,0.15,74.0,4.4,229,2026-09-20 09:30:00,PT5M,86.494,100.0,100.0,70.1666,55.4715
639,638,484,249,27,0.15,73.7,4.4,229,2026-09-20 09:35:00,PT5M,87.214,100.0,100.0,71.0945,56.5865
651,650,486,253,27,0.15,73.4,4.4,229,2026-09-20 09:40:00,PT5M,87.769,100.0,100.0,71.8419,57.507
662,661,488,256,27,0.15,73.1,4.5,229,2026-09-20 09:45:00,PT5M,88.25,100.0,100.0,72.505,58.334
672,671,489,260,27,0.15,72.8,4.5,229,2026-09-20 09:50:00,PT5M,88.697,100.0,100.0,73.1267,59.113
682,681,490,264,27,0.15,72.4,4.5,229,2026-09-20 09:55:00,PT5M,89.121,100.0,100.0,73.7191,59.857
692,691,491,267,27,0.15,72.1,4.5,229,2026-09-20 10:00:00,PT5M,89.521,100.0,100.0,74.2794,60.5615
702,700,492,270,28,0.15,71.8,4.6,229,2026-09-20 10:05:00,PT5M,89.897,100.0,100.0,74.8072,61.226
711,709,493,274,28,0.15,71.5,4.6,230,2026-09-20 10:10:00,PT5M,90.248,100.0,100.0,75.3027,61.8515
719,718,493,277,28,0.15,71.2,4.6,230,2026-09-20 10:15:00,PT5M,90.576,100.0,100.0,75.7683,62.441
727,726,494,280,28,0.15,70.9,4.6,230,2026-09-20 10:20:00,PT5M,90.881,100.0,100.0,76.2044,62.995
735,734,494,283,28,0.15,70.6,4.6,230,2026-09-20 10:25:00,PT5M,91.167,100.0,100.0,76.6151,63.518
742,741,494,286,28,0.15,70.3,4.7,230,2026-09-20 10:30:00,PT5M,91.433,100.0,100.0,77.0001,64.01
750,749,497,288,28,0.15,70.0,4.7,230,2026-09-20 10:35:00,PT5M,91.801,100.0,100.0,77.5041,64.6365
759,757,501,288,28,0.15,69.7,4.7,230,2026-09-20 10:40:00,PT5M,92.268,100.0,100.0,78.1253,65.3965
767,765,505,289,28,0.15,69.4,4.7,230,2026-09-20 10:45:00,PT5M,92.708,100.0,100.0,78.7135,66.118
775,773,509,290,28,0.15,69.2,4.8,230,2026-09-20 10:50:00,PT5M,93.119,100.0,100.0,79.2648,66.7955
782,781,513,290,28,0.15,68.9,4.8,230,2026-09-20 10:55:00,PT5M,93.5,100.0,100.0,79.7763,67.4245
789,788,517,290,28,0.15,68.6,4.8,230,2026-09-20 11:00:00,PT5M,93.837,100.0,100.0,80.2183,67.961
796,794,521,290,28,0.15,68.3,4.8,230,2026-09-20 11:05:00,PT5M,94.157,100.0,100.0,80.6493,68.492
802,800,524,291,28,0.15,68.0,4.9,230,2026-09-20 11:10:00,PT5M,94.457,100.0,100.0,81.0664,69.0145
807,806,527,291,29,0.15,67.7,4.9,230,2026-09-20 11:15:00,PT5M,94.731,100.0,100.0,81.4478,69.4925
813,811,530,291,29,0.15,67.4,4.9,230,2026-09-20 11:20:00,PT5M,94.899,100.0,100.0,81.7063,69.8325
817,815,533,291,29,0.15,67.1,4.9,230,2026-09-20 11:25:00,PT5M,95.12,100.0,100.0,82.01,70.2105
822,820,536,291,29,0.15,66.9,5.0,230,2026-09-20 11:30:00,PT5M,95.318,100.0,100.0,82.2827,70.5505
822,820,532,293,29,0.15,66.5,5.0,230,2026-09-20 11:35:00,PT5M,95.135,100.0,100.0,82.0786,70.3275
819,817,521,299,29,0.15,66.0,5.0,231,2026-09-20 11:40:00,PT5M,94.644,100.0,100.0,81.4692,69.6115
815,813,511,305,29,0.15,65.6,5.0,231,2026-09-20 11:45:00,PT5M,94.059,100.0,100.0,80.7576,68.786
810,809,500,310,29,0.15,65.1,5.0,232,2026-09-20 11:50:00,PT5M,93.449,100.0,100.0,80.0126,67.9195
805,804,490,316,29,0.15,64.7,5.0,232,2026-09-20 11:55:00,PT5M,92.813,100.0,100.0,79.2332,67.011
800,798,479,321,29,0.15,64.2,5.0,232,2026-09-20 12:00:00,PT5M,92.147,100.0,100.0,78.4156,66.057
794,793,469,326,29,0.15,63.8,5.0,233,2026-09-20 12:05:00,PT5M,91.575,100.0,100.0,77.685,65.1835
788,786,458,330,30,0.15,63.3,5.0,233,2026-09-20 12:10:00,PT5M,90.98,100.0,100.0,76.9242,64.2735
781,780,448,335,30,0.15,62.9,5.1,234,2026-09-20 12:15:00,PT5M,90.354,100.0,100.0,76.1255,63.3195
774,772,437,339,30,0.15,62.5,5.1,234,2026-09-20 12:20:00,PT5M,89.7,100.0,100.0,75.2926,62.3255
766,765,427,342,30,0.15,62.0,5.1,235,2026-09-20 12:25:00,PT5M,89.017,100.0,100.0,74.4246,61.291
758,757,416,346,30,0.15,61.6,5.1,235,2026-09-20 12:30:00,PT5M,88.306,100.0,100.0,73.5233,60.2185
751,750,408,348,30,0.15,61.2,5.1,236,2026-09-20 12:35:00,PT5M,87.682,100.0,100.0,72.7407,59.293
744,743,401,350,30,0.15,60.7,5.1,236,2026-09-20 12:40:00,PT5M,87.146,100.0,100.0,72.076,58.5125
737,736,394,351,30,0.15,60.3,5.1,236,2026-09-20 12:45:00,PT5M,86.58,100.0,100.0,71.3752,57.6905
730,729,387,352,30,0.15,59.9,5.2,237,2026-09-20 12:50:00,PT5M,85.976,100.0,100.0,70.6228,56.8045
722,721,381,353,30,0.15,59.5,5.2,237,2026-09-20 12:55:00,PT5M,85.34,100.0,100.0,69.8308,55.872
714,713,374,353,31,0.15,59.1,5.2,238,2026-09-20 13:00:00,PT5M,84.689,100.0,100.0,69.0311,54.9385
706,705,367,353,31,0.15,58.7,5.2,238,2026-09-20 13:05:00,PT5M,84.027,100.0,99.826,68.228,54.0085
697,696,360,353,31,0.15,58.3,5.2,239,2026-09-20 13:10:00,PT5M,83.312,100.0,99.2733,67.3507,52.985
688,687,354,353,31,0.15,57.9,5.2,239,2026-09-20 13:15:00,PT5M,82.561,100.0,98.6915,66.4305,51.9125
678,677,347,353,31,0.15,57.5,5.2,239,2026-09-20 13:20:00,PT5M,81.723,100.0,98.028,65.418,50.743
669,668,340,352,31,0.15,57.1,5.3,240,2026-09-20 13:25:00,PT5M,80.904,100.0,97.3872,64.4208,49.5855
659,658,333,351,31,0.15,56.7,5.3,240,2026-09-20 13:30:00,PT5M,80.054,100.0,96.7179,63.3901,48.392
648,648,326,350,31,0.15,56.3,5.3,241,2026-09-20 13:35:00,PT5M,79.176,100.0,96.0549,62.2971,47.1055
638,637,319,349,31,0.15,55.9,5.3,241,2026-09-20 13:40:00,PT5M,78.27,100.0,95.396,61.144,45.73
627,626,313,347,31,0.15,55.5,5.3,242,2026-09-20 13:45:00,PT5M,77.337,100.0,94.7104,59.9636,44.327
616,615,306,345,32,0.15,55.2,5.3,242,2026-09-20 13:50:00,PT5M,76.372,100.0,93.9936,58.7504,42.8905
605,604,299,343,32,0.15,54.8,5.4,242,2026-09-20 13:55:00,PT5M,75.376,100.0,93.2468,57.5052,41.421
593,593,292,340,32,0.15,54.4,5.4,243,2026-09-20 14:00:00,PT5M,74.346,100.0,92.4662,56.2258,39.917
581,581,285,338,32,0.15,54.0,5.4,243,2026-09-20 14:05:00,PT5M,73.272,100.0,91.6441,54.8999,38.3645
569,569,278,335,32,0.15,53.7,5.4,244,2026-09-20 14:10:00,PT5M,72.151,100.0,90.7767,53.5253,36.7615
557,557,271,332,32,0.15,53.3,5.4,244,2026-09-20 14:15:00,PT5M,70.996,100.0,89.8746,52.1174,35.126
544,544,263,329,32,0.15,52.9,5.5,244,2026-09-20 14:20:00,PT5M,69.798,100.0,88.9298,50.6662,33.447
531,531,255,326,32,0.15,52.6,5.5,245,2026-09-20 14:25:00,PT5M,68.526,100.0,87.9125,49.1395,31.691
518,518,247,323,32,0.15,52.2,5.5,245,2026-09-20 14:30:00,PT5M,67.22,100.0,86.8594,47.5806,29.9045
505,505,240,319,32,0.15,52.3,5.5,245,2026-09-20 14:35:00,PT5M,65.966,100.0,85.8225,46.1095,28.238
492,493,233,314,32,0.15,52.7,5.5,244,2026-09-20 14:40:00,PT5M,64.764,100.0,84.8037,44.7243,26.688
480,480,227,310,32,0.15,53.1,5.5,244,2026-09-20 14:45:00,PT5M,63.524,100.0,83.7484,43.2996,25.097
467,467,220,305,32,0.15,53.6,5.5,243,2026-09-20 14:50:00,PT5M,62.246,100.0,82.5354,41.9566,23.6955
453,453,213,300,32,0.15,54.0,5.5,243,2026-09-20 14:55:00,PT5M,60.958,99.5675,81.2785,40.6375,22.3485
440,440,206,295,32,0.15,54.4,5.4,242,2026-09-20 15:00:00,PT5M,59.615,98.2665,79.9576,39.2724,20.9635
427,427,200,289,32,0.15,54.9,5.4,241,2026-09-20 15:05:00,PT5M,58.285,96.938,78.6284,37.9416,19.632
414,414,193,284,31,0.15,55.3,5.4,241,2026-09-20 15:10:00,PT5M,56.878,95.441,77.174,36.582,18.315
400,400,186,278,31,0.15,55.8,5.4,240,2026-09-20 15:15:00,PT5M,55.422,93.9235,75.6856,35.1584,16.9205
386,387,178,272,31,0.15,56.3,5.4,239,2026-09-20 15:20:00,PT5M,53.909,92.3245,74.1274,33.6906,15.4935
373,373,171,266,31,0.15,56.7,5.4,239,2026-09-20 15:25:00,PT5M,52.334,90.6335,72.4913,32.1767,14.0345
359,359,163,260,31,0.15,57.2,5.4,238,2026-09-20 15:30:00,PT5M,50.7,88.858,70.7828,30.6172,12.542
345,345,156,253,31,0.15,57.7,5.4,238,2026-09-20 15:35:00,PT5M,49.005,87.006,69.0052,29.0048,11.004
331,331,148,247,31,0.15,58.2,5.4,237,2026-09-20 15:40:00,PT5M,47.247,85.055,67.1456,27.3484,9.439
317,317,140,240,30,0.15,58.6,5.4,236,2026-09-20 15:45:00,PT5M,45.437,82.9285,65.169,25.705,7.9455
302,303,131,233,30,0.15,59.1,5.4,236,2026-09-20 15:50:00,PT5M,43.548,80.629,63.064,24.032,6.467
288,289,122,225,30,0.15,59.6,5.4,235,2026-09-20 15:55:00,PT5M,41.583,78.1615,60.8345,22.3315,5.0045
274,274,114,218,30,0.15,60.1,5.4,234,2026-09-20 16:00:00,PT5M,39.545,75.5375,58.4881,20.6019,3.5525
260,260,106,210,30,0.15,60.6,5.4,234,2026-09-20 16:05:00,PT5M,37.759,73.144,56.3824,19.1356,2.374
246,247,98,201,30,0.15,61.1,5.4,233,2026-09-20 16:10:00,PT5M,35.784,70.553,54.0832,17.4848,1.015
232,233,90,193,30,0.15,61.6,5.4,233,2026-09-20 16:15:00,PT5M,33.757,67.8555,51.7033,15.8107,0.0
218,219,83,184,29,0.15,62.2,5.4,232,2026-09-20 16:20:00,PT5M,31.637,64.298,48.8267,14.4473,0.0
205,205,75,175,29,0.15,62.7,5.4,231,2026-09-20 16:25:00,PT5M,29.379,59.8715,45.4274,13.3306,0.0
191,192,67,166,29,0.15,63.2,5.4,231,2026-09-20 16:30:00,PT5M,27.085,55.4635,42.0208,12.1492,0.0
178,178,59,157,29,0.15,63.7,5.4,230,2026-09-20 16:35:00,PT5M,24.882,51.097,38.6791,11.0849,0.0
165,165,52,148,29,0.15,64.3,5.4,229,2026-09-20 16:40:00,PT5M,22.766,46.881,35.4579,10.0741,0.0
152,153,44,138,29,0.15,64.8,5.4,229,2026-09-20 16:45:00,PT5M,20.639,42.66,32.2288,9.0492,0.0
139,140,36,129,29,0.15,65.4,5.4,228,2026-09-20 16:50:00,PT5M,18.514,38.459,29.0112,8.0168,0.0
127,127,27,119,28,0.15,65.9,5.4,227,2026-09-20 16:55:00,PT5M,16.424,34.3235,25.8446,7.0034,0.0
114,114,18,110,28,0.15,66.5,5.4,227,2026-09-20 17:00:00,PT5M,14.476,30.3835,22.8482,6.1038,0.0
101,101,4,100,28,0.15,67.0,5.4,226,2026-09-20 17:05:00,PT5M,12.294,26.297,19.6639,4.9241,0.0
88,89,0,89,28,0.15,67.6,5.4,226,2026-09-20 17:10:00,PT5M,10.59,22.772,17.0015,4.1785,0.0
76,76,0,76,28,0.15,68.2,5.4,225,2026-09-20 17:15:00,PT5M,8.993,19.4,14.4703,3.5157,0.0
64,65,0,65,28,0.15,68.8,5.4,224,2026-09-20 17:20:00,PT5M,7.559,16.2165,12.1155,3.0025,0.0
53,53,0,53,28,0.15,69.3,5.4,224,2026-09-20 17:25:00,PT5M,6.235,13.1775,9.8889,2.5811,0.0
43,43,0,43,27,0.15,69.9,5.4,223,2026-09-20 17:30:00,PT5M,4.899,10.2195,7.6992,2.0988,0.0
34,34,0,34,27,0.15,70.3,5.4,223,2026-09-20 17:35:00,PT5M,3.644,7.493,5.6698,1.6182,0.0
25,25,0,25,27,0.15,70.5,5.5,223,2026-09-20 17:40:00,PT5M,2.575,5.2445,3.98,1.17,0.0
17,17,0,17,27,0.15,70.7,5.5,223,2026-09-20 17:45:00,PT5M,1.61,3.2285,2.4618,0.7582,0.0
11,11,0,11,27,0.15,70.9,5.5,223,2026-09-20 17:50:00,PT5M,0.739,1.5655,1.174,0.304,0.0
5,5,0,5,27,0.15,71.1,5.5,223,2026-09-20 17:55:00,PT5M,0.0,0.192,0.1011,0.0,0.0
0,0,0,0,27,0.15,71.2,5.5,224,2026-09-20 18:00:00,PT5M,0.0,0.0,0.0,0.0,0.0
0,0,0,0,27,0.15,71.4,5.5,224,2026-09-20 18:05:00,PT5M,0.0,0.0,0.0,0.0,0.0
0,0,0,0,27,0.15,71.6,5.5,224,2026-09-20 18:10:00,PT5M,0.0,0.0,0.0,0.0,0.0
0,0,0,0,27,0.15,71.8,5.5,224,2026-09-20 18:15:00,PT5M,0.0,0.0,0.0,0.0,0.0
0,0,0,0,27,0.15,72.0,5.5,224,2026-09-20 18:20:00,PT5M,0.0,0.0,0.0,0.0,0.0
0,0,0,0,27,0.15,72.2,5.5,224,2026-09-20 18:25:00,PT5M,0.0,0.0,0.0,0.0,0.0
0,0,0,0,27,0.15,72.4,5.5,224,2026-09-20 18:30:00,PT5M,0.0,0.0,0.0,0.0,0.0
0,0,0,0,27,0.15,72.6,5.5,225,2026-09-20 18:35:00,PT5M,0.0,0.0,0.0,0.0,0.0
0,0,0,0,27,0.15,72.7,5.5,225,2026-09-20 18:40:00,PT5M,0.0,0.0,0.0,0.0,0.0
0,0,0,0,27,0.15,72.9,5.5,225,2026-09-20 18:45:00,PT5M,0.0,0.0,0.0,0.0,0.0
0,0,0,0,27,0.15,73.1,5.5,225,2026-09-20 18:50:00,PT5M,0.0,0.0,0.0,0.0,0.0
0,0,0,0,27,0.15,73.3,5.5,225,2026-09-20 18:55:00,PT5M,0.0,0.0,0.0,0.0,0.0
0,0,0,0,27,0.15,73.5,5.5,225,2026-09-20 19:00:00,PT5M,0.0,0.0,0.0,0.0,0.0
0,0,0,0,27,0.15,73.7,5.5,225,2026-09-20 19:05:00,PT5M,0.0,0.0,0.0,0.0,0.0
0,0,0,0,27,0.15,73.9,5.5,226,2026-09-20 19:10:00,PT5M,0.0,0.0,0.0,0.0,0.0
0,0,0,0,26,0.15,74.1,5.5,226,2026-09-20 19:15:00,PT5M,0.0,0.0,0.0,0.0,0.0
0,0,0,0,26,0.15,74.3,5.5,226,2026-09-20 19:20:00,PT5M,0.0,0.0,0.0,0.0,0.0
0,0,0,0,26,0.15,74.5,5.5,226,2026-09-20 19:25:00,PT5M,0.0,0.0,0.0,0.0,0.0
0,0,0,0,26,0.15,74.7,5.5,226,2026-09-20 19:30:00,PT5M,0.0,0.0,0.0,0.0,0.0
0,0,0,0,26,0.15,74.9,5.5,226,2026-09-20 19:35:00,PT5M,0.0,0.0,0.0,0.0,0.0
0,0,0,0,26,0.15,75.1,5.5,226,2026-09-20 19:40:00,PT5M,0.0,0.0,0.0,0.0,0.0
0,0,0,0,26,0.15,75.3,5.5,227,2026-09-20 19:45:00,PT5M,0.0,0.0,0.0,0.0,0.0
0,0,0,0,26,0.15,75.5,5.5,227,2026-09-20 19:50:00,PT5M,0.0,0.0,0.0,0.0,0.0
0,0,0,0,26,0.15,75.7,5.5,227,2026-09-20 19:55:00,PT5M,0.0,0.0,0.0,0.0,0.0
0,0,0,0,26,0.15,75.9,5.5,227,2026-09-20 20:00:00,PT5M,0.0,0.0,0.0,0.0,0.0
0,0,0,0,26,0.15,76.1,5.5,227,2026-09-20 20:05:00,PT5M,0.0,0.0,0.0,0.0,0.0
0,0,0,0,26,0.15,76.3,5.5,227,2026-09-20 20:10:00,PT5M,0.0,0.0,0.0,0.0,0.0
0,0,0,0,26,0.15,76.5,5.5,227,2026-09-20 20:15:00,PT5M,0.0,0.0,0.0,0.0,0.0
0,0,0,0,26,0.15,76.7,5.5,228,2026-09-20 20:20:00,PT5M,0.0,0.0,0.0,0.0,0.0
0,0,0,0,26,0.15,76.9,5.5,228,2026-09-20 20:25:00,PT5M,0.0,0.0,0.0,0.0,0.0
0,0,0,0,26,0.15,77.1,5.5,228,2026-09-20 20:30:00,PT5M,0.0,0.0,0.0,0.0,0.0
0,0,0,0,26,0.15,77.2,5.5,228,2026-09-20 20:35:00,PT5M,0.0,0.0,0.0,0.0,0.0
0,0,0,0,26,0.15,77.3,5.5,228,2026-09-20 20:40:00,PT5M,0.0,0.0,0.0,0.0,0.0
0,0,0,0,26,0.15,77.4,5.4,228,2026-09-20 20:45:00,PT5M,0.0,0.0,0.0,0.0,0.0
0,0,0,0,26,0.15,77.5,5.4,228,2026-09-20 20:50:00,PT5M,0.0,0.0,0.0,0.0,0.0
0,0,0,0,26,0.15,77.6,5.4,227,2026-09-20 20:55:00,PT5M,0.0,0.0,0.0,0.0,0.0
0,0,0,0,26,0.15,77.8,5.3,227,2026-09-20 21:00:00,PT5M,0.0,0.0,0.0,0.0,0.0
0,0,0,0,26,0.15,77.9,5.3,227,2026-09-20 21:05:00,PT5M,0.0,0.0,0.0,0.0,0.0
0,0,0,0,26,0.15,78.0,5.3,227,2026-09-20 21:10:00,PT5M,0.0,0.0,0.0,0.0,0.0
0,0,0,0,26,0.15,78.1,5.2,227,2026-09-20 21:15:00,PT5M,0.0,0.0,0.0,0.0,0.0
0,0,0,0,26,0.15,78.2,5.2,227,2026-09-20 21:20:00,PT5M,0.0,0.0,0.0,0.0,0.0
0,0,0,0,26,0.15,78.3,5.1,227,2026-09-20 21:25:00,PT5M,0.0,0.0,0.0,0.0,0.0
0,0,0,0,26,0.15,78.4,5.1,227,2026-09-20 21:30:00,PT5M,0.0,0.0,0.0,0.0,0.0
0,0,0,0,26,0.15,78.5,5.1,227,2026-09-20 21:35:00,PT5M,0.0,0.0,0.0,0.0,0.0
0,0,0,0,26,0.15,78.6,5.0,226,2026-09-20 21:40:00,PT5M,0.0,0.0,0.0,0.0,0.0
0,0,0,0,26,0.15,78.7,5.0,226,2026-09-20 21:45:00,PT5M,0.0,0.0,0.0,0.0,0.0
0,0,0,0,26,0.15,78.8,5.0,226,2026-09-20 21:50:00,PT5M,0.0,0.0,0.0,0.0,0.0
0,0,0,0,26,0.15,78.9,4.9,226,2026-09-20 21:55:00,PT5M,0.0,0.0,0.0,0.0,0.0
0,0,0,0,26,0.15,79.0,4.9,226,2026-09-20 22:00:00,PT5M,0.0,0.0,0.0,0.0,0.0
0,0,0,0,26,0.15,79.1,4.9,226,2026-09-20 22:05:00,PT5M,0.0,0.0,0.0,0.0,0.0
0,0,0,0,26,0.15,79.2,4.8,226,2026-09-20 22:10:00,PT5M,0.0,0.0,0.0,0.0,0.0
0,0,0,0,26,0.15,79.3,4.8,225,2026-09-20 22:15:00,PT5M,0.0,0.0,0.0,0.0,0.0
0,0,0,0,26,0.15,79.4,4.8,225,2026-09-20 22:20:00,PT5M,0.0,0.0,0.0,0.0,0.0
0,0,0,0,26,0.15,79.5,4.7,225,2026-09-20 22:25:00,PT5M,0.0,0.0,0.0,0.0,0.0
0,0,0,0,26,0.15,79.6,4.7,225,2026-09-20 22:30:00,PT5M,0.0,0.0,0.0,0.0,0.0
0,0,0,0,26,0.15,79.7,4.6,225,2026-09-20 22:35:00,PT5M,0.0,0.0,0.0,0.0,0.0
0,0,0,0,25,0.15,79.9,4.6,225,2026-09-20 22:40:00,PT5M,0.0,0.0,0.0,0.0,0.0
0,0,0,0,25,0.15,80.0,4.6,225,2026-09-20 22:45:00,PT5M,0.0,0.0,0.0,0.0,0.0
0,0,0,0,25,0.15,80.1,4.5,224,2026-09-20 22:50:00,PT5M,0.0,0.0,0.0,0.0,0.0
0,0,0,0,25,0.15,80.2,4.5,224,2026-09-20 22:55:00,PT5M,0.0,0.0,0.0,0.0,0.0
0,0,0,0,25,0.15,80.3,4.5,224,2026-09-20 23:00:00,PT5M,0.0,0.0,0.0,0.0,0.0
0,0,0,0,25,0.15,80.4,4.4,224,2026-09-20 23:05:00,PT5M,0.0,0.0,0.0,0.0,0.0
0,0,0,0,25,0.15,80.5,4.4,224,2026-09-20 23:10:00,PT5M,0.0,0.0,0.0,0.0,0.0
0,0,0,0,25,0.15,80.6,4.4,224,2026-09-20 23:15:00,PT5M,0.0,0.0,0.0,0.0,0.0
0,0,0,0,25,0.15,80.7,4.3,224,2026-09-20 23:20:00,PT5M,0.0,0.0,0.0,0.0,0.0
0,0,0,0,25,0.15,80.8,4.3,223,2026-09-20 23:25:00,PT5M,0.0,0.0,0.0,0.0,0.0
0,0,0,0,25,0.15,80.9,4.3,223,2026-09-20 23:30:00,PT5M,0.0,0.0,0.0,0.0,0.0
0,0,0,0,25,0.15,81.0,4.2,223,2026-09-20 23:35:00,PT5M,0.0,0.0,0.0,0.0,0.0
0,0,0,0,25,0.15,81.0,4.3,223,2026-09-20 23:40:00,PT5M,0.0,0.0,0.0,0.0,0.0
0,0,0,0,25,0.15,81.0,4.3,224,2026-09-20 23:45:00,PT5M,0.0,0.0,0.0,0.0,0.0
0,0,0,0,25,0.15,81.0,4.3,224,2026-09-20 23:50:00,PT5M,0.0,0.0,0.0,0.0,0.0
0,0,0,0,25,0.15,81.0,4.3,224,2026-09-20 23:55:00,PT5M,0.0,0.0,0.0,0.0,0.0
0,0,0,0,25,0.15,81.1,4.3,224,2026-09-21 00:00:00,PT5M,0.0,0.0,0.0,0.0,0.0
0,0,0,0,25,0.15,81.1,4.3,224,2026-09-21 00:05:00,PT5M,0.0,0.0,0.0,0.0,0.0
0,0,0,0,25,0.15,81.1,4.3,224,2026-09-21 00:10:00,PT5M,0.0,0.0,0.0,0.0,0.0
0,0,0,0,25,0.15,81.1,4.3,225,2026-09-21 00:15:00,PT5M,0.0,0.0,0.0,0.0,0.0
0,0,0,0,25,0.15,81.1,4.3,225,2026-09-21 00:20:00,PT5M,0.0,0.0,0.0,0.0,0.0
0,0,0,0,25,0.15,81.1,4.3,225,2026-09-21 00:25:00,PT5M,0.0,0.0,0.0,0.0,0.0
0,0,0,0,25,0.15,81.1,4.3,225,2026-09-21 00:30:00,PT5M,0.0,0.0,0.0,0.0,0.0
0,0,0,0,25,0.14,81.1,4.3,225,2026-09-21 00:35:00,PT5M,0.0,0.0,0.0,0.0,0.0
0,0,0,0,25,0.14,81.2,4.3,226,2026-09-21 00:40:00,PT5M,0.0,0.0,0.0,0.0,0.0
0,0,0,0,25,0.14,81.2,4.3,226,2026-09-21 00:45:00,PT5M,0.0,0.0,0.0,0.0,0.0
0,0,0,0,25,0.14,81.2,4.3,226,2026-09-21 00:50:00,PT5M,0.0,0.0,0.0,0.0,0.0
0,0,0,0,25,0.14,81.2,4.3,226,2026-09-21 00:55:00,PT5M,0.0,0.0,0.0,0.0,0.0
0,0,0,0,25,0.14,81.2,4.3,226,2026-09-21 01:00:00,PT5M,0.0,0.0,0.0,0.0,0.0
0,0,0,0,25,0.14,81.2,4.4,226,2026-09-21 01:05:00,PT5M,0.0,0.0,0.0,0.0,0.0
0,0,0,0,25,0.14,81.2,4.4,227,2026-09-21 01:10:00,PT5M,0.0,0.0,0.0,0.0,0.0
0,0,0,0,25,0.14,81.3,4.4,227,2026-09-21 01:15:00,PT5M,0.0,0.0,0.0,0.0,0.0
0,0,0,0,25,0.14,81.3,4.4,227,2026-09-21 01:20:00,PT5M,0.0,0.0,0.0,0.0,0.0
0,0,0,0,25,0.14,81.3,4.4,227,2026-09-21 01:25:00,PT5M,0.0,0.0,0.0,0.0,0.0
0,0,0,0,25,0.14,81.3,4.4,227,2026-09-21 01:30:00,PT5M,0.0,0.0,0.0,0.0,0.0
0,0,0,0,25,0.14,81.3,4.4,228,2026-09-21 01:35:00,PT5M,0.0,0.0,0.0,0.0,0.0
0,0,0,0,25,0.14,81.3,4.4,228,2026-09-21 01:40:00,PT5M,0.0,0.0,0.0,0.0,0.0
0,0,0,0,25,0.14,81.3,4.4,228,2026-09-21 01:45:00,PT5M,0.0,0.0,0.0,0.0,0.0
0,0,0,0,25,0.14,81.3,4.4,228,2026-09-21 01:50:00,PT5M,0.0,0.0,0.0,0.0,0.0
0,0,0,0,25,0.14,81.4,4.4,228,2026-09-21 01:55:00,PT5M,0.0,0.0,0.0,0.0,0.0
0,0,0,0,25,0.14,81.4,4.4,228,2026-09-21 02:00:00,PT5M,0.0,0.0,0.0,0.0,0.0
0,0,0,0,25,0.14,81.4,4.4,229,2026-09-21 02:05:00,PT5M,0.0,0.0,0.0,0.0,0.0
0,0,0,0,25,0.14,81.4,4.4,229,2026-09-21 02:10:00,PT5M,0.0,0.0,0.0,0.0,0.0
0,0,0,0,25,0.14,81.4,4.4,229,2026-09-21 02:15:00,PT5M,0.0,0.0,0.0,0.0,0.0
0,0,0,0,25,0.14,81.4,4.5,229,2026-09-21 02:20:00,PT5M,0.0,0.0,0.0,0.0,0.0
0,0,0,0,25,0.14,81.4,4.5,229,2026-09-21 02:25:00,PT5M,0.0,0.0,0.0,0.0,0.0
0,0,0,0,25,0.14,81.5,4.5,229,2026-09-21 02:30:00,PT5M,0.0,0.0,0.0,0.0,0.0
0,0,0,0,25,0.14,81.5,4.5,230,2026-09-21 02:35:00,PT5M,0.0,0.0,0.0,0.0,0.0
0,0,0,0,25,0.14,81.4,4.5,230,2026-09-21 02:40:00,PT5M,0.0,0.0,0.0,0.0,0.0
0,0,0,0,25,0.14,81.4,4.5,230,2026-09-21 02:45:00,PT5M,0.0,0.0,0.0,0.0,0.0
0,0,0,0,25,0.14,81.4,4.5,230,2026-09-21 02:50:00,PT5M,0.0,0.0,0.0,0.0,0.0
0,0,0,0,25,0.14,81.3,4.5,231,2026-09-21 02:55:00,PT5M,0.0,0.0,0.0,0.0,0.0
0,0,0,0,25,0.14,81.3,4.5,231,2026-09-21 03:00:00,PT5M,0.0,0.0,0.0,0.0,0.0
0,0,0,0,25,0.14,81.3,4.6,231,2026-09-21 03:05:00,PT5M,0.0,0.0,0.0,0.0,0.0
0,0,0,0,25,0.14,81.3,4.6,231,2026-09-21 03:10:00,PT5M,0.0,0.0,0.0,0.0,0.0
0,0,0,0,25,0.14,81.2,4.6,232,2026-09-21 03:15:00,PT5M,0.0,0.0,0.0,0.0,0.0
0,0,0,0,25,0.14,81.2,4.6,232,2026-09-21 03:20:00,PT5M,0.0,0.0,0.0,0.0,0.0
0,0,0,0,25,0.14,81.2,4.6,232,2026-09-21 03:25:00,PT5M,0.0,0.0,0.0,0.0,0.0
0,0,0,0,25,0.14,81.2,4.6,232,2026-09-21 03:30:00,PT5M,0.0,0.0,0.0,0.0,0.0
0,0,0,0,25,0.14,81.1,4.6,232,2026-09-21 03:35:00,PT5M,0.0,0.0,0.0,0.0,0.0
0,0,0,0,25,0.14,81.1,4.7,233,2026-09-21 03:40:00,PT5M,0.0,0.0,0.0,0.0,0.0
0,0,0,0,25,0.14,81.1,4.7,233,2026-09-21 03:45:00,PT5M,0.0,0.0,0.0,0.0,0.0
0,0,0,0,25,0.14,81.0,4.7,233,2026-09-21 03:50:00,PT5M,0.0,0.0,0.0,0.0,0.0
0,0,0,0,25,0.14,81.0,4.7,233,2026-09-21 03:55:00,PT5M,0.0,0.0,0.0,0.0,0.0
0,0,0,0,25,0.14,81.0,4.7,234,2026-09-21 04:00:00,PT5M,0.0,0.0,0.0,0.0,0.0
0,0,0,0,25,0.14,81.0,4.7,234,2026-09-21 04:05:00,PT5M,0.0,0.0,0.0,0.0,0.0
0,0,0,0,25,0.14,80.9,4.7,234,2026-09-21 04:10:00,PT5M,0.0,0.0,0.0,0.0,0.0
0,0,0,0,25,0.14,80.9,4.8,234,2026-09-21 04:15:00,PT5M,0.0,0.0,0.0,0.0,0.0
0,0,0,0,25,0.14,80.9,4.8,234,2026-09-21 04:20:00,PT5M,0.0,0.0,0.0,0.0,0.0
0,0,0,0,25,0.14,80.9,4.8,235,2026-09-21 04:25:00,PT5M,0.0,0.0,0.0,0.0,0.0
0,0,0,0,25,0.14,80.8,4.8,235,2026-09-21 04:30:00,PT5M,0.0,0.0,0.0,0.0,0.0
0,0,0,0,25,0.14,80.8,4.8,235,2026-09-21 04:35:00,PT5M,0.0,0.0,0.0,0.0,0.0
0,0,0,0,25,0.14,80.8,4.8,235,2026-09-21 04:40:00,PT5M,0.0,0.0,0.0,0.0,0.0
0,0,0,0,25,0.14,80.8,4.8,235,2026-09-21 04:45:00,PT5M,0.0,0.0,0.0,0.0,0.0
0,0,0,0,25,0.14,80.7,4.9,236,2026-09-21 04:50:00,PT5M,0.0,0.0,0.0,0.0,0.0
0,0,0,0,25,0.14,80.7,4.9,236,2026-09-21 04:55:00,PT5M,0.0,0.0,0.0,0.0,0.0
0,0,0,0,25,0.14,80.7,4.9,236,2026-09-21 05:00:00,PT5M,0.0,0.0,0.0,0.0,0.0
0,0,0,0,25,0.14,80.6,4.9,236,2026-09-21 05:05:00,PT5M,0.0,0.0,0.0,0.0,0.0
0,0,0,0,25,0.14,80.6,4.9,236,2026-09-21 05:10:00,PT5M,0.0,0.0,0.0,0.0,0.0
0,0,0,0,25,0.14,80.6,4.9,237,2026-09-21 05:15:00,PT5M,0.0,0.0,0.0,0.0,0.0
0,0,0,0,25,0.14,80.6,5.0,237,2026-09-21 05:20:00,PT5M,0.0,0.0,0.0,0.0,0.0
0,0,0,0,25,0.14,80.5,5.0,237,2026-09-21 05:25:00,PT5M,0.0,0.0,0.0,0.0,0.0
0,0,0,0,25,0.14,80.5,5.0,237,2026-09-21 05:30:00,PT5M,0.0,0.0,0.0,0.0,0.0
0,0,0,0,25,0.14,80.3,5.0,237,2026-09-21 05:35:00,PT5M,0.0,0.0,0.0,0.0,0.0
0,0,0,0,26,0.14,79.8,5.0,237,2026-09-21 05:40:00,PT5M,0.0,0.0,0.0,0.0,0.0
0,0,0,0,26,0.14,79.4,5.0,237,2026-09-21 05:45:00,PT5M,0.0,0.0,0.0,0.0,0.0
0,0,0,0,26,0.14,79.0,5.0,237,2026-09-21 05:50:00,PT5M,0.0,0.0,0.0,0.0,0.0
0,0,0,0,26,0.14,78.5,5.0,237,2026-09-21 05:55:00,PT5M,0.0,0.0,0.0,0.0,0.0
1,1,0,1,26,0.14,78.1,5.0,237,2026-09-21 06:00:00,PT5M,0.0,0.0,0.0,0.0,0.0
6,6,0,6,26,0.14,77.7,4.9,237,2026-09-21 06:05:00,PT5M,0.074,0.335,0.2114,0.0,0.0
12,12,0,12,26,0.14,77.3,4.9,237,2026-09-21 06:10:00,PT5M,0.917,1.849,1.4075,0.4265,0.0
19,19,0,19,26,0.14,76.9,4.9,236,2026-09-21 06:15:00,PT5M,1.853,3.547,2.7446,0.9614,0.159
27,27,0,27,26,0.14,76.4,4.9,236,2026-09-21 06:20:00,PT5M,2.871,5.787,4.4057,1.3363,0.0
36,36,0,36,26,0.14,76.0,4.9,236,2026-09-21 06:25:00,PT5M,3.975,8.182,6.1892,1.7608,0.0
46,46,0,46,26,0.14,75.6,4.9,236,2026-09-21 06:30:00,PT5M,5.28,11.0005,8.2907,2.2693,0.0
57,57,0,57,26,0.14,75.2,4.9,236,2026-09-21 06:35:00,PT5M,6.73,14.0795,10.5981,2.8619,0.0
70,70,0,70,27,0.14,74.8,4.9,236,2026-09-21 06:40:00,PT5M,8.247,17.2505,12.9856,3.5084,0.0
83,83,12,81,27,0.14,74.4,4.9,236,2026-09-21 06:45:00,PT5M,10.329,20.958,15.9231,4.7349,0.0
98,98,36,90,27,0.14,74.0,4.9,236,2026-09-21 06:50:00,PT5M,13.134,25.3535,19.5652,6.7028,0.9145
113,114,61,99,27,0.14,73.6,4.9,236,2026-09-21 06:55:00,PT5M,16.137,29.968,23.4164,8.8576,2.306
130,130,86,107,27,0.14,73.2,4.9,236,2026-09-21 07:00:00,PT5M,19.405,34.9105,27.5657,11.2443,3.8995
146,146,110,116,27,0.14,72.8,4.9,235,2026-09-21 07:05:00,PT5M,22.838,40.1285,31.9381,13.7379,5.5475
163,164,134,123,27,0.14,72.4,4.8,235,2026-09-21 07:10:00,PT5M,26.623,45.803,36.7176,16.5284,7.443
181,182,159,130,27,0.14,72.0,4.8,235,2026-09-21 07:15:00,PT5M,30.674,51.7095,41.7451,19.6029,9.6385
200,200,185,137,27,0.14,71.6,4.8,235,2026-09-21 07:20:00,PT5M,34.962,57.8505,47.0084,22.9156,12.0735
219,219,211,143,27,0.14,71.2,4.8,235,2026-09-21 07:25:00,PT5M,39.492,64.22,52.5065,26.4775,14.764
239,239,238,148,27,0.14,70.8,4.8,235,2026-09-21 07:30:00,PT5M,44.237,70.793,58.2136,30.2604,17.681
257,258,258,153,27,0.14,70.5,4.8,235,2026-09-21 07:35:00,PT5M,48.532,77.015,63.5228,33.5412,20.049
274,275,271,160,28,0.14,70.1,4.8,235,2026-09-21 07:40:00,PT5M,52.236,82.8145,68.3297,36.1423,21.6575
292,292,283,166,28,0.14,69.7,4.8,235,2026-09-21 07:45:00,PT5M,55.201,87.046,71.9613,38.4407,23.356
309,309,296,172,28,0.14,69.3,4.8,235,2026-09-21 07:50:00,PT5M,57.521,89.8965,74.5605,40.4815,25.1455
326,326,308,178,28,0.14,69.0,4.8,234,2026-09-21 07:55:00,PT5M,59.76,92.6175,77.0531,42.4669,26.9025
343,343,319,183,28,0.14,68.6,4.8,234,2026-09-21 08:00:00,PT5M,61.912,95.198,79.4307,44.3933,28.626
360,360,331,189,28,0.14,68.2,4.8,234,2026-09-21 08:05:00,PT5M,63.996,97.663,81.7152,46.2768,30.329
378,377,342,194,28,0.14,67.9,4.8,234,2026-09-21 08:10:00,PT5M,65.997,99.9845,83.8849,48.1091,32.0095
395,395,353,198,28,0.14,67.5,4.7,234,2026-09-21 08:15:00,PT5M,67.88,100.0,85.8939,49.8661,33.653
412,412,364,203,28,0.14,67.1,4.7,234,2026-09-21 08:20:00,PT5M,69.64,100.0,87.7358,51.5442,35.2575
429,428,375,207,28,0.14,66.8,4.7,234,2026-09-21 08:25:00,PT5M,71.23,100.0,89.3473,53.1127,36.8065
446,445,385,211,28,0.14,66.4,4.7,234,2026-09-21 08:30:00,PT5M,72.769,100.0,90.884,54.654,38.35
462,461,394,215,28,0.14,65.9,4.7,234,2026-09-21 08:35:00,PT5M,74.152,100.0,92.2443,56.0597,39.776
478,477,401,220,29,0.14,65.4,4.8,233,2026-09-21 08:40:00,PT5M,75.386,100.0,93.4391,57.3329,41.0845
493,493,409,224,29,0.14,64.8,4.8,233,2026-09-21 08:45:00,PT5M,76.559,100.0,94.5937,58.5243,42.2925
509,508,416,228,29,0.14,64.2,4.9,233,2026-09-21 08:50:00,PT5M,77.677,100.0,95.6525,59.7015,43.523
524,523,423,231,29,0.14,63.6,4.9,233,2026-09-21 08:55:00,PT5M,78.747,100.0,96.6541,60.8399,44.723
539,538,430,235,29,0.14,63.0,5.0,233,2026-09-21 09:00:00,PT5M,79.773,100.0,97.6038,61.9422,45.894
554,553,437,238,29,0.14,62.5,5.0,232,2026-09-21 09:05:00,PT5M,80.853,100.0,98.489,63.217,47.344
569,568,445,241,29,0.14,61.9,5.1,232,2026-09-21 09:10:00,PT5M,81.884,100.0,99.2685,64.4995,48.853
584,583,452,244,29,0.14,61.4,5.1,232,2026-09-21 09:15:00,PT5M,82.877,100.0,100.0,65.741,50.318
599,598,459,246,29,0.14,60.8,5.2,232,2026-09-21 09:20:00,PT5M,83.833,100.0,100.0,66.942,51.7395
613,612,466,249,30,0.14,60.3,5.2,232,2026-09-21 09:25:00,PT5M,84.752,100.0,100.0,68.1023,53.117
627,626,473,251,30,0.14,59.8,5.3,231,2026-09-21 09:30:00,PT5M,85.637,100.0,100.0,69.2249,54.4535
640,639,478,254,30,0.14,59.2,5.3,231,2026-09-21 09:35:00,PT5M,86.352,100.0,100.0,70.1544,55.576
652,650,480,258,30,0.14,58.7,5.4,231,2026-09-21 09:40:00,PT5M,86.901,100.0,100.0,70.8928,56.485
663,661,482,261,30,0.14,58.2,5.4,231,2026-09-21 09:45:00,PT5M,87.376,100.0,100.0,71.547,57.3005
673,672,483,265,30,0.14,57.7,5.5,231,2026-09-21 09:50:00,PT5M,87.816,100.0,100.0,72.1592,58.0675
683,682,485,269,30,0.14,57.1,5.5,231,2026-09-21 09:55:00,PT5M,88.233,100.0,100.0,72.7417,58.799
693,691,486,272,30,0.14,56.6,5.6,231,2026-09-21 10:00:00,PT5M,88.627,100.0,100.0,73.2928,59.4915
703,701,486,276,31,0.14,56.1,5.6,230,2026-09-21 10:05:00,PT5M,88.995,100.0,100.0,73.8097,60.1425
711,710,487,279,31,0.14,55.6,5.6,230,2026-09-21 10:10:00,PT5M,89.339,100.0,100.0,74.2956,60.756
720,718,488,282,31,0.14,55.2,5.7,230,2026-09-21 10:15:00,PT5M,89.659,100.0,100.0,74.7506,61.3325
728,726,488,285,31,0.14,54.7,5.7,230,2026-09-21 10:20:00,PT5M,89.956,100.0,100.0,75.1757,61.873
736,734,489,288,31,0.14,54.2,5.8,230,2026-09-21 10:25:00,PT5M,90.233,100.0,100.0,75.5748,62.382
743,741,489,291,31,0.14,53.7,5.8,230,2026-09-21 10:30:00,PT5M,90.49,100.0,100.0,75.9479,62.8595
750,748,489,294,31,0.14,53.2,5.9,230,2026-09-21 10:35:00,PT5M,90.725,100.0,100.0,76.2931,63.304
757,755,489,297,31,0.14,52.8,5.9,229,2026-09-21 10:40:00,PT5M,90.936,100.0,100.0,76.6086,63.7135
763,761,489,299,32,0.14,52.3,6.0,229,2026-09-21 10:45:00,PT5M,91.123,100.0,100.0,76.8927,64.085
769,767,489,302,32,0.14,51.8,6.0,229,2026-09-21 10:50:00,PT5M,91.284,100.0,100.0,77.1424,64.4145
774,772,489,304,32,0.14,51.4,6.1,229,2026-09-21 10:55:00,PT5M,91.417,100.0,100.0,77.3535,64.696
779,777,489,306,32,0.14,50.9,6.1,229,2026-09-21 11:00:00,PT5M,91.508,100.0,100.0,77.4964,64.8855
783,781,489,308,32,0.14,50.5,6.2,229,2026-09-21 11:05:00,PT5M,91.599,100.0,100.0,77.6484,65.0925
787,785,489,310,32,0.14,50.0,6.2,229,2026-09-21 11:10:00,PT5M,91.687,100.0,100.0,77.8035,65.308
791,788,489,311,32,0.14,49.6,6.3,229,2026-09-21 11:15:00,PT5M,91.748,100.0,100.0,77.9206,65.4755
794,792,488,312,32,0.14,49.2,6.3,228,2026-09-21 11:20:00,PT5M,91.777,100.0,100.0,77.9896,65.5805
796,794,488,314,32,0.14,48.7,6.4,228,2026-09-21 11:25:00,PT5M,91.782,100.0,100.0,78.0267,65.6465
799,796,488,315,33,0.14,48.3,6.4,228,2026-09-21 11:30:00,PT5M,91.764,100.0,100.0,78.0326,65.674
799,797,485,317,33,0.14,48.1,6.5,228,2026-09-21 11:35:00,PT5M,91.622,100.0,100.0,77.8733,65.499
798,796,480,320,33,0.14,48.0,6.5,228,2026-09-21 11:40:00,PT5M,91.355,100.0,100.0,77.546,65.1175
797,795,475,322,33,0.14,47.9,6.5,228,2026-09-21 11:45:00,PT5M,91.063,100.0,100.0,77.1853,64.695
795,793,470,325,33,0.14,47.8,6.5,229,2026-09-21 11:50:00,PT5M,90.744,100.0,100.0,76.7898,64.2305
792,790,465,327,33,0.14,47.8,6.6,229,2026-09-21 11:55:00,PT5M,90.396,100.0,100.0,76.357,63.7215
790,787,460,330,33,0.14,47.7,6.6,229,2026-09-21 12:00:00,PT5M,90.025,100.0,100.0,75.8926,63.173
786,784,454,332,33,0.14,47.6,6.6,229,2026-09-21 12:05:00,PT5M,89.734,100.0,100.0,75.5,62.689
782,780,448,334,33,0.14,47.6,6.6,229,2026-09-21 12:10:00,PT5M,89.413,100.0,100.0,75.0698,62.1605
778,776,443,336,33,0.14,47.5,6.7,229,2026-09-21 12:15:00,PT5M,89.061,100.0,100.0,74.601,61.5865
773,771,437,338,33,0.14,47.4,6.7,229,2026-09-21 12:20:00,PT5M,88.68,100.0,100.0,74.0966,60.971
767,766,430,340,33,0.14,47.4,6.7,229,2026-09-21 12:25:00,PT5M,88.27,100.0,100.0,73.5563,60.3135
762,760,424,341,33,0.14,47.3,6.7,229,2026-09-21 12:30:00,PT5M,87.833,100.0,100.0,72.983,59.6175
755,754,418,342,33,0.14,47.2,6.8,229,2026-09-21 12:35:00,PT5M,87.37,100.0,100.0,72.3789,58.8865
749,747,412,343,33,0.14,47.1,6.8,230,2026-09-21 12:40:00,PT5M,86.879,100.0,100.0,71.7411,58.1165
742,740,406,344,33,0.14,47.1,6.8,230,2026-09-21 12:45:00,PT5M,86.36,100.0,100.0,71.0692,57.307
735,733,399,345,33,0.14,47.0,6.9,230,2026-09-21 12:50:00,PT5M,85.803,100.0,100.0,70.3456,56.4335
727,725,393,345,33,0.14,46.9,6.9,230,2026-09-21 12:55:00,PT5M,85.216,100.0,100.0,69.586,55.5185
719,717,387,346,33,0.14,46.9,6.9,230,2026-09-21 13:00:00,PT5M,84.617,100.0,100.0,68.8228,54.6075
710,709,380,346,33,0.14,46.8,6.9,230,2026-09-21 13:05:00,PT5M,83.995,100.0,99.9487,68.0413,53.6825
702,700,373,346,33,0.14,46.7,7.0,230,2026-09-21 13:10:00,PT5M,83.316,100.0,99.4499,67.1821,52.661
692,691,366,346,33,0.14,46.7,7.0,230,2026-09-21 13:15:00,PT5M,82.6,100.0,98.9203,66.2797,51.591
683,682,360,346,33,0.14,46.6,7.0,230,2026-09-21 13:20:00,PT5M,81.851,100.0,98.3626,65.3394,50.4785
673,672,353,345,33,0.14,46.5,7.0,230,2026-09-21 13:25:00,PT5M,81.07,100.0,97.7755,64.3645,49.329
663,662,346,344,33,0.14,46.5,7.1,230,2026-09-21 13:30:00,PT5M,80.198,100.0,97.0996,63.2964,48.0845
652,651,337,344,33,0.14,46.4,7.1,231,2026-09-21 13:35:00,PT5M,79.237,100.0,96.3367,62.1373,46.747
639,638,327,343,33,0.14,46.3,7.1,231,2026-09-21 13:40:00,PT5M,78.127,100.0,95.4267,60.8273,45.257
627,626,317,343,33,0.14,46.3,7.1,231,2026-09-21 13:45:00,PT5M,76.987,100.0,94.4886,59.4854,43.7335
614,613,307,342,33,0.14,46.2,7.2,231,2026-09-21 13:50:00,PT5M,75.814,100.0,93.5195,58.1085,42.173
601,600,298,340,33,0.14,46.1,7.2,231,2026-09-21 13:55:00,PT5M,74.606,100.0,92.5178,56.6942,40.573
588,587,288,339,33,0.14,46.1,7.2,231,2026-09-21 14:00:00,PT5M,73.364,100.0,91.4845,55.2435,38.9345
574,574,278,337,33,0.14,46.0,7.3,231,2026-09-21 14:05:00,PT5M,72.085,100.0,90.4173,53.7527,37.253
561,560,269,335,33,0.14,45.9,7.3,231,2026-09-21 14:10:00,PT5M,70.77,100.0,89.3165,52.2235,35.531
547,547,259,332,33,0.14,45.8,7.3,231,2026-09-21 14:15:00,PT5M,69.422,100.0,88.1841,50.6599,33.7735
533,533,250,329,33,0.14,45.8,7.3,231,2026-09-21 14:20:00,PT5M,68.024,100.0,87.004,49.044,31.9615
519,519,240,326,33,0.14,45.7,7.4,231,2026-09-21 14:25:00,PT5M,66.561,100.0,85.762,47.36,30.0785
505,504,230,323,33,0.14,45.6,7.4,232,2026-09-21 14:30:00,PT5M,65.065,100.0,84.4873,45.6427,28.162
492,492,223,318,33,0.14,45.8,7.4,231,2026-09-21 14:35:00,PT5M,63.799,100.0,83.425,44.173,26.509
480,480,219,313,33,0.14,46.3,7.3,231,2026-09-21 14:40:00,PT5M,62.763,100.0,82.5766,42.9494,25.1165
468,468,214,308,33,0.14,46.8,7.3,231,2026-09-21 14:45:00,PT5M,61.719,99.725,81.7218,41.7162,23.713
456,456,210,303,33,0.14,47.2,7.3,231,2026-09-21 14:50:00,PT5M,60.623,98.991,80.8164,40.4296,22.255
444,444,205,297,33,0.14,47.7,7.2,230,2026-09-21 14:55:00,PT5M,59.493,98.2255,79.8782,39.1078,20.7605
432,432,201,291,32,0.14,48.2,7.2,230,2026-09-21 15:00:00,PT5M,58.352,97.196,78.7959,37.9081,19.508
420,420,196,285,32,0.14,48.7,7.1,230,2026-09-21 15:05:00,PT5M,57.231,96.1305,77.7041,36.7579,18.3315
408,408,192,279,32,0.14,49.1,7.1,229,2026-09-21 15:10:00,PT5M,56.054,94.984,76.5431,35.5649,17.124
395,396,187,273,32,0.14,49.6,7.0,229,2026-09-21 15:15:00,PT5M,54.838,93.78,75.3335,34.3425,15.896
383,383,182,266,32,0.14,50.1,7.0,229,2026-09-21 15:20:00,PT5M,53.572,92.5065,74.0635,33.0805,14.6375
370,370,177,260,32,0.14,50.6,7.0,228,2026-09-21 15:25:00,PT5M,52.255,91.1575,72.7297,31.7803,13.3525
357,357,172,253,32,0.14,51.1,6.9,228,2026-09-21 15:30:00,PT5M,50.888,89.727,71.3292,30.4468,12.049
344,344,167,246,31,0.14,51.7,6.9,228,2026-09-21 15:35:00,PT5M,49.467,88.1295,69.8154,29.1186,10.8045
331,331,161,239,31,0.14,52.2,6.8,227,2026-09-21 15:40:00,PT5M,47.994,86.4835,68.2513,27.7367,9.5045
318,318,155,232,31,0.14,52.7,6.8,227,2026-09-21 15:45:00,PT5M,46.466,84.676,66.5762,26.3558,8.256
304,304,149,225,31,0.14,53.2,6.7,227,2026-09-21 15:50:00,PT5M,44.863,82.7095,64.7819,24.9441,7.0165
291,291,143,217,31,0.14,53.8,6.7,226,2026-09-21 15:55:00,PT5M,43.186,80.5885,62.8712,23.5008,5.7835
277,277,136,210,31,0.14,54.3,6.7,226,2026-09-21 16:00:00,PT5M,41.437,78.3255,60.8517,22.0223,4.5485
263,264,129,202,31,0.14,54.8,6.6,225,2026-09-21 16:05:00,PT5M,39.65,75.979,58.7702,20.5298,3.321
250,250,123,194,31,0.14,55.4,6.6,225,2026-09-21 16:10:00,PT5M,37.831,73.564,56.6375,19.0245,2.098
236,237,116,186,30,0.14,56.0,6.5,225,2026-09-21 16:15:00,PT5M,35.955,71.0475,54.4244,17.4856,0.8625
223,223,109,177,30,0.14,56.5,6.5,224,2026-09-21 16:20:00,PT5M,33.876,67.337,51.4868,16.2652,0.415
209,210,102,169,30,0.14,57.1,6.5,224,2026-09-21 16:25:00,PT5M,31.76,63.015,48.2097,15.3103,0.505
196,196,94,160,30,0.14,57.7,6.4,224,2026-09-21 16:30:00,PT5M,29.415,58.5315,44.7392,14.0908,0.2985
182,183,86,152,30,0.14,58.3,6.4,223,2026-09-21 16:35:00,PT5M,27.064,54.063,41.2738,12.8542,0.065
169,169,78,143,30,0.14,58.8,6.4,223,2026-09-21 16:40:00,PT5M,24.719,49.607,37.8177,11.6203,0.0
156,156,69,134,30,0.14,59.4,6.3,222,2026-09-21 16:45:00,PT5M,22.374,45.1525,34.3625,10.3855,0.0
142,143,59,125,29,0.14,60.0,6.3,222,2026-09-21 16:50:00,PT5M,20.049,40.7335,30.9354,9.1626,0.0
129,130,49,116,29,0.14,60.6,6.2,221,2026-09-21 16:55:00,PT5M,17.772,36.388,27.5697,7.9743,0.0
116,117,38,107,29,0.14,61.3,6.2,221,2026-09-21 17:00:00,PT5M,15.561,32.159,24.2966,6.8254,0.0
103,103,24,98,29,0.14,61.9,6.2,221,2026-09-21 17:05:00,PT5M,13.255,27.9095,20.9678,5.5422,0.0
90,90,9,88,29,0.14,62.5,6.1,220,2026-09-21 17:10:00,PT5M,11.129,23.968,17.8863,4.3717,0.0
78,78,0,78,29,0.14,63.2,6.1,220,2026-09-21 17:15:00,PT5M,9.181,20.234,14.9983,3.3637,0.0
66,66,0,66,29,0.14,63.8,6.1,219,2026-09-21 17:20:00,PT5M,7.741,16.993,12.6104,2.8716,0.0
55,55,0,55,29,0.14,64.4,6.0,219,2026-09-21 17:25:00,PT5M,6.391,13.8435,10.3133,2.4687,0.0
44,44,0,44,28,0.14,65.1,6.0,218,2026-09-21 17:30:00,PT5M,5.011,10.7405,8.0265,1.9955,0.0
34,34,0,34,28,0.14,65.5,6.0,218,2026-09-21 17:35:00,PT5M,3.727,7.9045,5.9256,1.5284,0.0
25,25,0,25,28,0.14,65.7,5.9,218,2026-09-21 17:40:00,PT5M,2.612,5.4855,4.1243,1.0997,0.0
17,17,0,17,28,0.14,65.9,5.9,219,2026-09-21 17:45:00,PT5M,1.599,3.2325,2.4587,0.7393,0.0
10,10,0,10,28,0.14,66.1,5.9,219,2026-09-21 17:50:00,PT5M,0.694,1.502,1.1193,0.2687,0.0
5,5,0,5,28,0.14,66.3,5.9,219,2026-09-21 17:55:00,PT5M,0.0,0.1505,0.0792,0.0,0.0
0,0,0,0,28,0.14,66.4,5.9,219,2026-09-21 18:00:00,PT5M,0.0,0.0,0.0,0.0,0.0
0,0,0,0,28,0.14,66.6,5.8,219,2026-09-21 18:05:00,PT5M,0.0,0.0,0.0,0.0,0.0
0,0,0,0,28,0.14,66.8,5.8,219,2026-09-21 18:10:00,PT5M,0.0,0.0,0.0,0.0,0.0
0,0,0,0,28,0.14,67.0,5.8,219,2026-09-21 18:15:00,PT5M,0.0,0.0,0.0,0.0,0.0
0,0,0,0,28,0.14,67.2,5.8,219,2026-09-21 18:20:00,PT5M,0.0,0.0,0.0,0.0,0.0
0,0,0,0,28,0.14,67.4,5.8,220,2026-09-21 18:25:00,PT5M,0.0,0.0,0.0,0.0,0.0
0,0,0,0,28,0.14,67.5,5.7,220,2026-09-21 18:30:00,PT5M,0.0,0.0,0.0,0.0,0.0
0,0,0,0,28,0.14,67.7,5.7,220,2026-09-21 18:35:00,PT5M,0.0,0.0,0.0,0.0,0.0
0,0,0,0,28,0.14,67.9,5.7,220,2026-09-21 18:40:00,PT5M,0.0,0.0,0.0,0.0,0.0
0,0,0,0,28,0.14,68.1,5.7,220,2026-09-21 18:45:00,PT5M,0.0,0.0,0.0,0.0,0.0
0,0,0,0,28,0.14,68.3,5.7,220,2026-09-21 18:50:00,PT5M,0.0,0.0,0.0,0.0,0.0
0,0,0,0,28,0.14,68.5,5.6,220,2026-09-21 18:55:00,PT5M,0.0,0.0,0.0,0.0,0.0
0,0,0,0,28,0.14,68.7,5.6,221,2026-09-21 19:00:00,PT5M,0.0,0.0,0.0,0.0,0.0
0,0,0,0,28,0.14,68.9,5.6,221,2026-09-21 19:05:00,PT5M,0.0,0.0,0.0,0.0,0.0
0,0,0,0,28,0.14,69.1,5.6,221,2026-09-21 19:10:00,PT5M,0.0,0.0,0.0,0.0,0.0
0,0,0,0,27,0.14,69.3,5.6,221,2026-09-21 19:15:00,PT5M,0.0,0.0,0.0,0.0,0.0
0,0,0,0,27,0.14,69.4,5.5,221,2026-09-21 19:20:00,PT5M,0.0,0.0,0.0,0.0,0.0
0,0,0,0,27,0.14,69.6,5.5,221,2026-09-21 19:25:00,PT5M,0.0,0.0,0.0,0.0,0.0
0,0,0,0,27,0.14,69.8,5.5,221,2026-09-21 19:30:00,PT5M,0.0,0.0,0.0,0.0,0.0
0,0,0,0,27,0.14,70.0,5.5,222,2026-09-21 19:35:00,PT5M,0.0,0.0,0.0,0.0,0.0
0,0,0,0,27,0.14,70.2,5.4,222,2026-09-21 19:40:00,PT5M,0.0,0.0,0.0,0.0,0.0
0,0,0,0,27,0.14,70.4,5.4,222,2026-09-21 19:45:00,PT5M,0.0,0.0,0.0,0.0,0.0
0,0,0,0,27,0.14,70.6,5.4,222,2026-09-21 19:50:00,PT5M,0.0,0.0,0.0,0.0,0.0
0,0,0,0,27,0.14,70.8,5.4,222,2026-09-21 19:55:00,PT5M,0.0,0.0,0.0,0.0,0.0
0,0,0,0,27,0.14,71.0,5.4,222,2026-09-21 20:00:00,PT5M,0.0,0.0,0.0,0.0,0.0
0,0,0,0,27,0.14,71.2,5.3,223,2026-09-21 20:05:00,PT5M,0.0,0.0,0.0,0.0,0.0
0,0,0,0,27,0.14,71.4,5.3,223,2026-09-21 20:10:00,PT5M,0.0,0.0,0.0,0.0,0.0
0,0,0,0,27,0.14,71.6,5.3,223,2026-09-21 20:15:00,PT5M,0.0,0.0,0.0,0.0,0.0
0,0,0,0,27,0.14,71.8,5.3,223,2026-09-21 20:20:00,PT5M,0.0,0.0,0.0,0.0,0.0
0,0,0,0,27,0.14,72.0,5.3,223,2026-09-21 20:25:00,PT5M,0.0,0.0,0.0,0.0,0.0
0,0,0,0,27,0.14,72.2,5.2,223,2026-09-21 20:30:00,PT5M,0.0,0.0,0.0,0.0,0.0
0,0,0,0,27,0.14,72.4,5.2,223,2026-09-21 20:35:00,PT5M,0.0,0.0,0.0,0.0,0.0
0,0,0,0,27,0.14,72.5,5.2,224,2026-09-21 20:40:00,PT5M,0.0,0.0,0.0,0.0,0.0
0,0,0,0,27,0.14,72.6,5.2,224,2026-09-21 20:45:00,PT5M,0.0,0.0,0.0,0.0,0.0
0,0,0,0,27,0.14,72.7,5.2,224,2026-09-21 20:50:00,PT5M,0.0,0.0,0.0,0.0,0.0
0,0,0,0,27,0.14,72.8,5.2,224,2026-09-21 20:55:00,PT5M,0.0,0.0,0.0,0.0,0.0
0,0,0,0,27,0.14,73.0,5.2,224,2026-09-21 21:00:00,PT5M,0.0,0.0,0.0,0.0,0.0
0,0,0,0,27,0.14,73.1,5.2,224,2026-09-21 21:05:00,PT5M,0.0,0.0,0.0,0.0,0.0
0,0,0,0,27,0.14,73.2,5.2,224,2026-09-21 21:10:00,PT5M,0.0,0.0,0.0,0.0,0.0
0,0,0,0,27,0.14,73.3,5.1,224,2026-09-21 21:15:00,PT5M,0.0,0.0,0.0,0.0,0.0
0,0,0,0,27,0.14,73.4,5.1,224,2026-09-21 21:20:00,PT5M,0.0,0.0,0.0,0.0,0.0
0,0,0,0,27,0.14,73.6,5.1,224,2026-09-21 21:25:00,PT5M,0.0,0.0,0.0,0.0,0.0
0,0,0,0,27,0.14,73.7,5.1,224,2026-09-21 21:30:00,PT5M,0.0,0.0,0.0,0.0,0.0
0,0,0,0,27,0.14,73.8,5.1,224,2026-09-21 21:35:00,PT5M,0.0,0.0,0.0,0.0,0.0
0,0,0,0,26,0.14,73.9,5.1,224,2026-09-21 21:40:00,PT5M,0.0,0.0,0.0,0.0,0.0
0,0,0,0,26,0.14,74.0,5.1,224,2026-09-21 21:45:00,PT5M,0.0,0.0,0.0,0.0,0.0
0,0,0,0,26,0.14,74.2,5.1,224,2026-09-21 21:50:00,PT5M,0.0,0.0,0.0,0.0,0.0
0,0,0,0,26,0.14,74.3,5.1,225,2026-09-21 21:55:00,PT5M,0.0,0.0,0.0,0.0,0.0
0,0,0,0,26,0.14,74.4,5.1,225,2026-09-21 22:00:00,PT5M,0.0,0.0,0.0,0.0,0.0
0,0,0,0,26,0.14,74.5,5.1,225,2026-09-21 22:05:00,PT5M,0.0,0.0,0.0,0.0,0.0
0,0,0,0,26,0.14,74.7,5.0,225,2026-09-21 22:10:00,PT5M,0.0,0.0,0.0,0.0,0.0
0,0,0,0,26,0.14,74.8,5.0,225,2026-09-21 22:15:00,PT5M,0.0,0.0,0.0,0.0,0.0
0,0,0,0,26,0.14,74.9,5.0,225,2026-09-21 22:20:00,PT5M,0.0,0.0,0.0,0.0,0.0
0,0,0,0,26,0.14,75.0,5.0,225,2026-09-21 22:25:00,PT5M,0.0,0.0,0.0,0.0,0.0
0,0,0,0,26,0.14,75.2,5.0,225,2026-09-21 22:30:00,PT5M,0.0,0.0,0.0,0.0,0.0
0,0,0,0,26,0.14,75.3,5.0,225,2026-09-21 22:35:00,PT5M,0.0,0.0,0.0,0.0,0.0
0,0,0,0,26,0.14,75.4,5.0,225,2026-09-21 22:40:00,PT5M,0.0,0.0,0.0,0.0,0.0
0,0,0,0,26,0.14,75.5,5.0,225,2026-09-21 22:45:00,PT5M,0.0,0.0,0.0,0.0,0.0
0,0,0,0,26,0.14,75.6,5.0,225,2026-09-21 22:50:00,PT5M,0.0,0.0,0.0,0.0,0.0
0,0,0,0,26,0.14,75.8,5.0,225,2026-09-21 22:55:00,PT5M,0.0,0.0,0.0,0.0,0.0
0,0,0,0,26,0.14,75.9,4.9,225,2026-09-21 23:00:00,PT5M,0.0,0.0,0.0,0.0,0.0
0,0,0,0,26,0.14,76.0,4.9,225,2026-09-21 23:05:00,PT5M,0.0,0.0,0.0,0.0,0.0
0,0,0,0,26,0.14,76.1,4.9,226,2026-09-21 23:10:00,PT5M,0.0,0.0,0.0,0.0,0.0
0,0,0,0,26,0.14,76.3,4.9,226,2026-09-21 23:15:00,PT5M,0.0,0.0,0.0,0.0,0.0
0,0,0,0,26,0.14,76.4,4.9,226,2026-09-21 23:20:00,PT5M,0.0,0.0,0.0,0.0,0.0
0,0,0,0,26,0.14,76.5,4.9,226,2026-09-21 23:25:00,PT5M,0.0,0.0,0.0,0.0,0.0
0,0,0,0,26,0.14,76.6,4.9,226,2026-09-21 23:30:00,PT5M,0.0,0.0,0.0,0.0,0.0
0,0,0,0,26,0.14,76.7,4.9,226,2026-09-21 23:35:00,PT5M,0.0,0.0,0.0,0.0,0.0
0,0,0,0,26,0.14,76.7,4.9,226,2026-09-21 23:40:00,PT5M,0.0,0.0,0.0,0.0,0.0
0,0,0,0,26,0.14,76.7,4.9,226,2026-09-21 23:45:00,PT5M,0.0,0.0,0.0,0.0,0.0
0,0,0,0,26,0.14,76.8,4.8,226,2026-09-21 23:50:00,PT5M,0.0,0.0,0.0,0.0,0.0
0,0,0,0,26,0.14,76.8,4.8,227,2026-09-21 23:55:00,PT5M,0.0,0.0,0.0,0.0,0.0
0,0,0,0,26,0.14,76.8,4.8,227,2026-09-22 00:00:00,PT5M,0.0,0.0,0.0,0.0,0.0
0,0,0,0,26,0.14,76.8,4.8,227,2026-09-22 00:05:00,PT5M,0.0,0.0,0.0,0.0,0.0
0,0,0,0,26,0.14,76.8,4.8,227,2026-09-22 00:10:00,PT5M,0.0,0.0,0.0,0.0,0.0
0,0,0,0,26,0.14,76.8,4.8,227,2026-09-22 00:15:00,PT5M,0.0,0.0,0.0,0.0,0.0
0,0,0,0,26,0.14,76.8,4.8,227,2026-09-22 00:20:00,PT5M,0.0,0.0,0.0,0.0,0.0
0,0,0,0,26,0.14,76.8,4.8,228,2026-09-22 00:25:00,PT5M,0.0,0.0,0.0,0.0,0.0
0,0,0,0,26,0.14,76.8,4.8,228,2026-09-22 00:30:00,PT5M,0.0,0.0,0.0,0.0,0.0
0,0,0,0,26,0.14,76.9,4.8,228,2026-09-22 00:35:00,PT5M,0.0,0.0,0.0,0.0,0.0
0,0,0,0,26,0.14,76.9,4.8,228,2026-09-22 00:40:00,PT5M,0.0,0.0,0.0,0.0,0.0
0,0,0,0,26,0.14,76.9,4.7,228,2026-09-22 00:45:00,PT5M,0.0,0.0,0.0,0.0,0.0
0,0,0,0,26,0.14,76.9,4.7,228,2026-09-22 00:50:00,PT5M,0.0,0.0,0.0,0.0,0.0
0,0,0,0,26,0.14,76.9,4.7,229,2026-09-22 00:55:00,PT5M,0.0,0.0,0.0,0.0,0.0
0,0,0,0,26,0.14,76.9,4.7,229,2026-09-22 01:00:00,PT5M,0.0,0.0,0.0,0.0,0.0
0,0,0,0,26,0.14,76.9,4.7,229,2026-09-22 01:05:00,PT5M,0.0,0.0,0.0,0.0,0.0
0,0,0,0,26,0.14,76.9,4.7,229,2026-09-22 01:10:00,PT5M,0.0,0.0,0.0,0.0,0.0
0,0,0,0,26,0.14,77.0,4.7,229,2026-09-22 01:15:00,PT5M,0.0,0.0,0.0,0.0,0.0
0,0,0,0,26,0.14,77.0,4.7,229,2026-09-22 01:20:00,PT5M,0.0,0.0,0.0,0.0,0.0
0,0,0,0,26,0.14,77.0,4.7,230,2026-09-22 01:25:00,PT5M,0.0,0.0,0.0,0.0,0.0
0,0,0,0,26,0.14,77.0,4.7,230,2026-09-22 01:30:00,PT5M,0.0,0.0,0.0,0.0,0.0
0,0,0,0,26,0.14,77.0,4.7,230,2026-09-22 01:35:00,PT5M,0.0,0.0,0.0,0.0,0.0
0,0,0,0,26,0.14,77.0,4.6,230,2026-09-22 01:40:00,PT5M,0.0,0.0,0.0,0.0,0.0
0,0,0,0,26,0.14,77.0,4.6,230,2026-09-22 01:45:00,PT5M,0.0,0.0,0.0,0.0,0.0
0,0,0,0,26,0.14,77.0,4.6,231,2026-09-22 01:50:00,PT5M,0.0,0.0,0.0,0.0,0.0
0,0,0,0,26,0.14,77.0,4.6,231,2026-09-22 01:55:00,PT5M,0.0,0.0,0.0,0.0,0.0
0,0,0,0,26,0.14,77.1,4.6,231,2026-09-22 02:00:00,PT5M,0.0,0.0,0.0,0.0,0.0
0,0,0,0,26,0.14,77.1,4.6,231,2026-09-22 02:05:00,PT5M,0.0,0.0,0.0,0.0,0.0
0,0,0,0,26,0.14,77.1,4.6,231,2026-09-22 02:10:00,PT5M,0.0,0.0,0.0,0.0,0.0
0,0,0,0,26,0.14,77.1,4.6,231,2026-09-22 02:15:00,PT5M,0.0,0.0,0.0,0.0,0.0
0,0,0,0,26,0.14,77.1,4.6,232,2026-09-22 02:20:00,PT5M,0.0,0.0,0.0,0.0,0.0
0,0,0,0,26,0.14,77.1,4.6,232,2026-09-22 02:25:00,PT5M,0.0,0.0,0.0,0.0,0.0
0,0,0,0,26,0.14,77.1,4.6,232,2026-09-22 02:30:00,PT5M,0.0,0.0,0.0,0.0,0.0
0,0,0,0,26,0.14,77.2,4.6,232,2026-09-22 02:35:00,PT5M,0.0,0.0,0.0,0.0,0.0
0,0,0,0,26,0.14,77.2,4.5,232,2026-09-22 02:40:00,PT5M,0.0,0.0,0.0,0.0,0.0
0,0,0,0,26,0.14,77.2,4.5,232,2026-09-22 02:45:00,PT5M,0.0,0.0,0.0,0.0,0.0
0,0,0,0,26,0.14,77.3,4.5,232,2026-09-22 02:50:00,PT5M,0.0,0.0,0.0,0.0,0.0
0,0,0,0,26,0.14,77.3,4.5,231,2026-09-22 02:55:00,PT5M,0.0,0.0,0.0,0.0,0.0
0,0,0,0,26,0.14,77.4,4.5,231,2026-09-22 03:00:00,PT5M,0.0,0.0,0.0,0.0,0.0
0,0,0,0,26,0.14,77.4,4.5,231,2026-09-22 03:05:00,PT5M,0.0,0.0,0.0,0.0,0.0
0,0,0,0,26,0.14,77.4,4.5,231,2026-09-22 03:10:00,PT5M,0.0,0.0,0.0,0.0,0.0
0,0,0,0,26,0.14,77.5,4.5,231,2026-09-22 03:15:00,PT5M,0.0,0.0,0.0,0.0,0.0
0,0,0,0,26,0.14,77.5,4.5,231,2026-09-22 03:20:00,PT5M,0.0,0.0,0.0,0.0,0.0
0,0,0,0,26,0.14,77.5,4.5,230,2026-09-22 03:25:00,PT5M,0.0,0.0,0.0,0.0,0.0
0,0,0,0,26,0.14,77.6,4.5,230,2026-09-22 03:30:00,PT5M,0.0,0.0,0.0,0.0,0.0
0,0,0,0,26,0.14,77.6,4.5,230,2026-09-22 03:35:00,PT5M,0.0,0.0,0.0,0.0,0.0
0,0,0,0,26,0.14,77.7,4.5,230,2026-09-22 03:40:00,PT5M,0.0,0.0,0.0,0.0,0.0
0,0,0,0,26,0.14,77.7,4.5,230,2026-09-22 03:45:00,PT5M,0.0,0.0,0.0,0.0,0.0
0,0,0,0,26,0.14,77.7,4.4,230,2026-09-22 03:50:00,PT5M,0.0,0.0,0.0,0.0,0.0
0,0,0,0,26,0.14,77.8,4.4,229,2026-09-22 03:55:00,PT5M,0.0,0.0,0.0,0.0,0.0
0,0,0,0,26,0.14,77.8,4.4,229,2026-09-22 04:00:00,PT5M,0.0,0.0,0.0,0.0,0.0
0,0,0,0,25,0.14,77.9,4.4,229,2026-09-22 04:05:00,PT5M,0.0,0.0,0.0,0.0,0.0
0,0,0,0,25,0.14,77.9,4.4,229,2026-09-22 04:10:00,PT5M,0.0,0.0,0.0,0.0,0.0
0,0,0,0,25,0.14,77.9,4.4,229,2026-09-22 04:15:00,PT5M,0.0,0.0,0.0,0.0,0.0
0,0,0,0,25,0.14,78.0,4.4,229,2026-09-22 04:20:00,PT5M,0.0,0.0,0.0,0.0,0.0
0,0,0,0,25,0.14,78.0,4.4,228,2026-09-22 04:25:00,PT5M,0.0,0.0,0.0,0.0,0.0
0,0,0,0,25,0.14,78.1,4.4,228,2026-09-22 04:30:00,PT5M,0.0,0.0,0.0,0.0,0.0
0,0,0,0,25,0.14,78.1,4.4,228,2026-09-22 04:35:00,PT5M,0.0,0.0,0.0,0.0,0.0
0,0,0,0,25,0.14,78.1,4.4,228,2026-09-22 04:40:00,PT5M,0.0,0.0,0.0,0.0,0.0
0,0,0,0,25,0.14,78.2,4.4,228,2026-09-22 04:45:00,PT5M,0.0,0.0,0.0,0.0,0.0
0,0,0,0,25,0.14,78.2,4.4,227,2026-09-22 04:50:00,PT5M,0.0,0.0,0.0,0.0,0.0
0,0,0,0,25,0.14,78.3,4.4,227,2026-09-22 04:55:00,PT5M,0.0,0.0,0.0,0.0,0.0
0,0,0,0,25,0.14,78.3,4.4,227,2026-09-22 05:00:00,PT5M,0.0,0.0,0.0,0.0,0.0
0,0,0,0,25,0.14,78.3,4.3,227,2026-09-22 05:05:00,PT5M,0.0,0.0,0.0,0.0,0.0
0,0,0,0,25,0.14,78.4,4.3,227,2026-09-22 05:10:00,PT5M,0.0,0.0,0.0,0.0,0.0
0,0,0,0,25,0.14,78.4,4.3,227,2026-09-22 05:15:00,PT5M,0.0,0.0,0.0,0.0,0.0
0,0,0,0,25,0.14,78.5,4.3,226,2026-09-22 05:20:00,PT5M,0.0,0.0,0.0,0.0,0.0
0,0,0,0,25,0.14,78.5,4.3,226,2026-09-22 05:25:00,PT5M,0.0,0.0,0.0,0.0,0.0
0,0,0,0,25,0.14,78.5,4.3,226,2026-09-22 05:30:00,PT5M,0.0,0.0,0.0,0.0,0.0
0,0,0,0,25,0.14,78.4,4.3,226,2026-09-22 05:35:00,PT5M,0.0,0.0,0.0,0.0,0.0
0,0,0,0,26,0.14,78.0,4.3,227,2026-09-22 05:40:00,PT5M,0.0,0.0,0.0,0.0,0.0
0,0,0,0,26,0.14,77.6,4.4,227,2026-09-22 05:45:00,PT5M,0.0,0.0,0.0,0.0,0.0
0,0,0,0,26,0.14,77.2,4.4,227,2026-09-22 05:50:00,PT5M,0.0,0.0,0.0,0.0,0.0
0,0,0,0,26,0.14,76.8,4.4,228,2026-09-22 05:55:00,PT5M,0.0,0.0,0.0,0.0,0.0
1,1,0,1,26,0.14,76.4,4.4,228,2026-09-22 06:00:00,PT5M,0.0,0.0,0.0,0.0,0.0
4,4,0,4,26,0.14,76.1,4.4,228,2026-09-22 06:05:00,PT5M,0.0,0.2105,0.1108,0.0,0.0
9,9,0,9,26,0.14,75.7,4.5,229,2026-09-22 06:10:00,PT5M,0.504,1.3075,0.9269,0.0811,0.0
14,14,0,14,26,0.14,75.3,4.5,229,2026-09-22 06:15:00,PT5M,1.207,2.6965,1.9909,0.4231,0.0
20,20,0,20,26,0.14,75.0,4.5,229,2026-09-22 06:20:00,PT5M,1.981,4.3985,3.2533,0.7087,0.0
27,27,0,27,26,0.14,74.6,4.5,230,2026-09-22 06:25:00,PT5M,2.831,6.325,4.6699,0.9921,0.0
35,35,0,35,26,0.14,74.2,4.5,230,2026-09-22 06:30:00,PT5M,3.853,8.736,6.423,1.283,0.0
44,44,0,44,26,0.14,73.9,4.6,231,2026-09-22 06:35:00,PT5M,5.013,11.5,8.4272,1.5988,0.0
54,54,0,54,27,0.14,73.5,4.6,231,2026-09-22 06:40:00,PT5M,6.276,14.4585,10.5825,1.9695,0.0
66,66,0,66,27,0.14,73.1,4.6,231,2026-09-22 06:45:00,PT5M,7.706,17.7185,12.9757,2.4363,0.0
78,78,0,78,27,0.14,72.8,4.6,232,2026-09-22 06:50:00,PT5M,9.345,21.224,15.597,3.093,0.0
91,92,0,92,27,0.14,72.4,4.6,232,2026-09-22 06:55:00,PT5M,10.964,24.787,18.2391,3.6889,0.0
106,106,0,106,27,0.14,72.1,4.7,232,2026-09-22 07:00:00,PT5M,12.694,28.5535,21.041,4.347,0.0
120,121,9,118,27,0.14,71.7,4.7,233,2026-09-22 07:05:00,PT5M,14.893,32.6635,24.2457,5.5403,0.0
136,136,28,128,27,0.14,71.4,4.7,233,2026-09-22 07:10:00,PT5M,17.696,37.413,28.0732,7.3188,0.0
152,152,48,137,27,0.14,71.0,4.7,233,2026-09-22 07:15:00,PT5M,20.882,42.56,32.2913,9.4727,0.0
168,169,69,145,27,0.14,70.7,4.7,234,2026-09-22 07:20:00,PT5M,24.332,47.9725,36.7742,11.8898,0.6915
186,186,91,153,27,0.14,70.3,4.8,234,2026-09-22 07:25:00,PT5M,28.055,53.6545,41.5282,14.5818,2.4555
204,205,114,161,27,0.14,70.0,4.8,234,2026-09-22 07:30:00,PT5M,31.913,59.512,46.4386,17.3874,4.314
222,222,133,168,27,0.14,69.6,4.8,234,2026-09-22 07:35:00,PT5M,35.606,67.6115,52.4507,18.7613,3.6005
237,238,147,176,28,0.14,69.3,4.8,235,2026-09-22 07:40:00,PT5M,38.831,73.04,56.8354,20.8266,4.622
254,254,161,183,28,0.14,69.0,4.9,235,2026-09-22 07:45:00,PT5M,41.743,77.2265,60.4182,23.0678,6.2595
270,270,175,190,28,0.14,68.6,4.9,235,2026-09-22 07:50:00,PT5M,44.413,80.481,63.3958,25.4302,8.345
287,287,189,196,28,0.14,68.3,4.9,236,2026-09-22 07:55:00,PT5M,47.038,83.634,66.2987,27.7773,10.442
304,304,203,202,28,0.14,68.0,4.9,236,2026-09-22 08:00:00,PT5M,49.609,86.672,69.1155,30.1025,12.546
321,321,216,208,28,0.14,67.6,4.9,236,2026-09-22 08:05:00,PT5M,52.093,89.5415,71.8024,32.3836,14.6445
338,338,230,214,28,0.14,67.3,5.0,237,2026-09-22 08:10:00,PT5M,54.427,92.1715,74.2922,34.5618,16.6825
355,355,244,219,28,0.14,67.0,5.0,237,2026-09-22 08:15:00,PT5M,56.736,94.69,76.7115,36.7605,18.782
372,372,257,225,28,0.14,66.7,5.0,237,2026-09-22 08:20:00,PT5M,58.957,97.031,78.9956,38.9184,20.883
390,389,270,229,28,0.14,66.3,5.0,237,2026-09-22 08:25:00,PT5M,61.098,99.2425,81.1737,41.0223,22.9535
407,407,284,234,28,0.14,66.0,5.1,238,2026-09-22 08:30:00,PT5M,63.172,100.0,83.2248,43.1192,25.071
423,423,294,239,29,0.14,65.6,5.1,238,2026-09-22 08:35:00,PT5M,64.888,100.0,84.9156,44.8604,26.835
438,438,301,244,29,0.14,65.0,5.1,238,2026-09-22 08:40:00,PT5M,66.25,100.0,86.2552,46.2448,28.2395
453,452,308,249,29,0.14,64.4,5.1,237,2026-09-22 08:45:00,PT5M,67.557,100.0,87.5296,47.5844,29.6085
467,467,315,254,29,0.14,63.9,5.1,237,2026-09-22 08:50:00,PT5M,68.815,100.0,88.7457,48.8843,30.946
482,481,322,259,29,0.14,63.3,5.2,237,2026-09-22 08:55:00,PT5M,70.03,100.0,89.8649,50.1951,32.343
496,495,329,263,29,0.14,62.8,5.2,237,2026-09-22 09:00:00,PT5M,71.206,100.0,90.8262,51.5858,33.927
511,510,337,267,29,0.14,62.2,5.2,237,2026-09-22 09:05:00,PT5M,72.463,100.0,91.8632,53.0628,35.602
525,524,345,271,29,0.14,61.7,5.2,236,2026-09-22 09:10:00,PT5M,73.7,100.0,92.8805,54.5195,37.2565
540,539,353,274,29,0.14,61.2,5.2,236,2026-09-22 09:15:00,PT5M,74.895,100.0,93.8573,55.9327,38.866
554,553,361,277,29,0.14,60.7,5.3,236,2026-09-22 09:20:00,PT5M,76.078,100.0,94.824,57.332,40.46
568,567,369,280,30,0.14,60.1,5.3,236,2026-09-22 09:25:00,PT5M,77.202,100.0,95.7338,58.6702,41.991
582,581,377,282,30,0.14,59.6,5.3,236,2026-09-22 09:30:00,PT5M,78.29,100.0,96.6094,59.9706,43.4825
595,594,384,285,30,0.14,59.1,5.3,235,2026-09-22 09:35:00,PT5M,79.273,100.0,97.3916,61.1544,44.847
608,606,390,288,30,0.14,58.6,5.3,235,2026-09-22 09:40:00,PT5M,80.156,100.0,98.086,62.226,46.0885
620,618,395,290,30,0.14,58.1,5.3,235,2026-09-22 09:45:00,PT5M,80.96,100.0,98.7084,63.2116,47.2375
631,630,400,293,30,0.14,57.6,5.4,235,2026-09-22 09:50:00,PT5M,81.725,100.0,99.2963,64.1537,48.339
643,641,405,295,30,0.14,57.1,5.4,235,2026-09-22 09:55:00,PT5M,82.46,100.0,99.8584,65.0616,49.4025
654,652,410,298,30,0.14,56.6,5.4,234,2026-09-22 10:00:00,PT5M,83.164,100.0,100.0,65.9327,50.424
664,662,415,300,30,0.14,56.1,5.4,234,2026-09-22 10:05:00,PT5M,83.828,100.0,100.0,66.7575,51.3935
674,673,419,302,31,0.14,55.6,5.4,234,2026-09-22 10:10:00,PT5M,84.453,100.0,100.0,67.538,52.314
684,682,423,304,31,0.14,55.2,5.5,234,2026-09-22 10:15:00,PT5M,85.049,100.0,100.0,68.2845,53.196
694,692,427,306,31,0.14,54.7,5.5,234,2026-09-22 10:20:00,PT5M,85.618,100.0,100.0,68.9996,54.0425
703,701,431,308,31,0.14,54.2,5.5,234,2026-09-22 10:25:00,PT5M,86.163,100.0,100.0,69.6864,54.857
712,710,435,310,31,0.14,53.8,5.5,233,2026-09-22 10:30:00,PT5M,86.684,100.0,100.0,70.3456,55.6405
721,719,439,311,31,0.14,53.3,5.5,233,2026-09-22 10:35:00,PT5M,87.178,100.0,100.0,70.9735,56.389
729,727,443,312,31,0.14,52.9,5.6,233,2026-09-22 10:40:00,PT5M,87.645,100.0,100.0,71.5705,57.103
737,734,447,313,31,0.14,52.4,5.6,233,2026-09-22 10:45:00,PT5M,88.084,100.0,100.0,72.1343,57.779
744,742,450,314,31,0.14,52.0,5.6,233,2026-09-22 10:50:00,PT5M,88.493,100.0,100.0,72.6612,58.412
751,749,454,315,32,0.14,51.5,5.6,233,2026-09-22 10:55:00,PT5M,88.87,100.0,100.0,73.1476,58.997
758,755,457,316,32,0.14,51.1,5.6,232,2026-09-22 11:00:00,PT5M,89.201,100.0,100.0,73.5652,59.4925
764,762,461,316,32,0.14,50.6,5.7,232,2026-09-22 11:05:00,PT5M,89.525,100.0,100.0,73.9853,59.999
770,767,464,316,32,0.14,50.2,5.7,232,2026-09-22 11:10:00,PT5M,89.835,100.0,100.0,74.3963,60.501
775,773,468,316,32,0.14,49.8,5.7,232,2026-09-22 11:15:00,PT5M,90.115,100.0,100.0,74.7671,60.9535
780,778,471,316,32,0.14,49.4,5.7,232,2026-09-22 11:20:00,PT5M,90.362,100.0,100.0,75.0917,61.348
785,782,474,316,32,0.14,48.9,5.7,232,2026-09-22 11:25:00,PT5M,90.584,100.0,100.0,75.3848,61.705
789,786,477,316,32,0.14,48.5,5.8,231,2026-09-22 11:30:00,PT5M,90.781,100.0,100.0,75.6462,62.0245
790,787,475,318,32,0.14,48.3,5.8,231,2026-09-22 11:35:00,PT5M,90.685,100.0,100.0,75.5758,61.977
788,785,468,322,32,0.14,48.4,5.8,231,2026-09-22 11:40:00,PT5M,90.297,100.0,100.0,75.1733,61.5615
785,783,460,326,32,0.14,48.4,5.8,231,2026-09-22 11:45:00,PT5M,89.885,100.0,100.0,74.7395,61.108
782,779,453,329,32,0.14,48.5,5.8,231,2026-09-22 11:50:00,PT5M,89.445,100.0,100.0,74.2702,60.6125
778,776,445,333,32,0.14,48.6,5.8,231,2026-09-22 11:55:00,PT5M,88.978,100.0,100.0,73.7669,60.0765
774,772,437,336,32,0.14,48.6,5.8,231,2026-09-22 12:00:00,PT5M,88.497,100.0,100.0,73.2417,59.5115
769,767,429,340,32,0.14,48.7,5.9,231,2026-09-22 12:05:00,PT5M,88.082,100.0,100.0,72.7741,58.9965
764,762,421,343,32,0.14,48.7,5.9,231,2026-09-22 12:10:00,PT5M,87.631,100.0,100.0,72.2626,58.4305
758,756,412,347,32,0.14,48.8,5.9,231,2026-09-22 12:15:00,PT5M,87.15,100.0,100.0,71.7142,57.8215
752,750,404,350,32,0.14,48.8,5.9,230,2026-09-22 12:20:00,PT5M,86.638,100.0,100.0,71.128,57.1685
745,743,395,353,32,0.14,48.9,5.9,230,2026-09-22 12:25:00,PT5M,86.097,100.0,100.0,70.5065,56.4745
738,736,387,355,32,0.14,48.9,5.9,230,2026-09-22 12:30:00,PT5M,85.527,100.0,100.0,69.8499,55.74
732,730,379,357,32,0.14,49.0,5.9,230,2026-09-22 12:35:00,PT5M,84.985,100.0,100.0,69.2047,55.002
725,723,372,359,32,0.14,49.0,6.0,230,2026-09-22 12:40:00,PT5M,84.471,100.0,100.0,68.5702,54.259
718,716,365,360,32,0.14,49.1,6.0,230,2026-09-22 12:45:00,PT5M,83.926,100.0,99.9534,67.8986,53.4735
711,709,359,361,32,0.14,49.1,6.0,230,2026-09-22 12:50:00,PT5M,83.339,100.0,99.5069,67.1711,52.6195
703,701,352,361,32,0.14,49.2,6.0,230,2026-09-22 12:55:00,PT5M,82.722,100.0,99.0349,66.4091,51.727
695,693,345,362,32,0.14,49.3,6.0,230,2026-09-22 13:00:00,PT5M,82.054,100.0,98.5035,65.6045,50.7995
686,685,338,362,32,0.14,49.3,6.0,230,2026-09-22 13:05:00,PT5M,81.414,100.0,97.9966,64.8314,49.9065
678,676,332,362,32,0.14,49.4,6.1,230,2026-09-22 13:10:00,PT5M,80.721,100.0,97.4544,63.9876,48.927
669,667,326,361,32,0.14,49.4,6.1,229,2026-09-22 13:15:00,PT5M,79.991,100.0,96.8818,63.1002,47.898
660,658,319,360,32,0.14,49.5,6.1,229,2026-09-22 13:20:00,PT5M,79.228,100.0,96.2809,62.1751,46.827
650,649,313,359,32,0.14,49.5,6.1,229,2026-09-22 13:25:00,PT5M,78.433,100.0,95.6509,61.2151,45.7185
640,639,306,358,32,0.14,49.6,6.1,229,2026-09-22 13:30:00,PT5M,77.609,100.0,94.9945,60.2235,44.576
630,629,299,357,32,0.14,49.6,6.1,229,2026-09-22 13:35:00,PT5M,76.696,100.0,94.2518,59.1402,43.3395
618,617,291,355,32,0.14,49.7,6.1,229,2026-09-22 13:40:00,PT5M,75.696,100.0,93.4241,57.9679,42.012
607,606,283,354,32,0.14,49.7,6.2,229,2026-09-22 13:45:00,PT5M,74.665,100.0,92.5679,56.7621,40.649
595,594,276,352,32,0.14,49.8,6.2,229,2026-09-22 13:50:00,PT5M,73.601,100.0,91.6815,55.5205,39.2475
583,583,268,350,32,0.14,49.9,6.2,229,2026-09-22 13:55:00,PT5M,72.504,100.0,90.765,54.243,37.8075
571,571,260,347,32,0.14,49.9,6.2,229,2026-09-22 14:00:00,PT5M,71.373,100.0,89.8172,52.9288,36.3285
559,558,252,344,32,0.14,50.0,6.2,229,2026-09-22 14:05:00,PT5M,70.205,100.0,88.8363,51.5737,34.805
547,546,245,341,32,0.14,50.0,6.2,229,2026-09-22 14:10:00,PT5M,69.003,100.0,87.8243,50.1817,33.242
534,534,237,338,32,0.14,50.1,6.2,228,2026-09-22 14:15:00,PT5M,67.768,100.0,86.7814,48.7546,31.642
521,521,229,334,32,0.14,50.1,6.3,228,2026-09-22 14:20:00,PT5M,66.48,100.0,85.6886,47.2714,29.983
508,508,221,331,32,0.14,50.2,6.3,228,2026-09-22 14:25:00,PT5M,65.133,100.0,84.5403,45.7257,28.2585
495,494,213,327,32,0.14,50.2,6.3,228,2026-09-22 14:30:00,PT5M,63.764,100.0,83.371,44.157,26.51
482,482,206,322,32,0.14,50.4,6.3,228,2026-09-22 14:35:00,PT5M,62.486,100.0,82.2688,42.7032,24.898
470,470,201,317,32,0.14,50.8,6.3,228,2026-09-22 14:40:00,PT5M,61.307,99.1865,81.2433,41.3707,23.4275
458,457,195,312,31,0.14,51.1,6.2,228,2026-09-22 14:45:00,PT5M,60.095,98.272,80.1878,40.0022,21.918
445,445,190,306,31,0.14,51.4,6.2,228,2026-09-22 14:50:00,PT5M,58.85,97.33,79.1023,38.5977,20.37
433,433,184,301,31,0.14,51.8,6.1,228,2026-09-22 14:55:00,PT5M,57.571,96.359,77.9854,37.1566,18.783
420,420,179,295,31,0.14,52.1,6.1,228,2026-09-22 15:00:00,PT5M,56.29,95.355,76.8502,35.7298,17.225
408,408,173,289,31,0.14,52.5,6.1,227,2026-09-22 15:05:00,PT5M,54.998,94.053,75.5529,34.4431,15.943
395,395,167,283,31,0.14,52.8,6.0,227,2026-09-22 15:10:00,PT5M,53.632,92.646,74.1653,33.0987,14.618
382,382,161,277,31,0.14,53.2,6.0,227,2026-09-22 15:15:00,PT5M,52.223,91.1785,72.7256,31.7204,13.2675
369,369,155,271,31,0.14,53.5,6.0,227,2026-09-22 15:20:00,PT5M,50.761,89.639,71.2228,30.2992,11.883
356,356,148,264,31,0.14,53.9,5.9,227,2026-09-22 15:25:00,PT5M,49.245,88.022,69.6536,28.8364,10.468
343,343,142,258,31,0.14,54.2,5.9,227,2026-09-22 15:30:00,PT5M,47.678,86.2585,67.9832,27.3728,9.0975
330,330,135,251,31,0.14,54.6,5.9,227,2026-09-22 15:35:00,PT5M,46.056,84.484,66.2809,25.8311,7.628
317,317,128,244,30,0.14,55.0,5.8,227,2026-09-22 15:40:00,PT5M,44.386,82.621,64.5094,24.2626,6.151
303,303,121,237,30,0.14,55.3,5.8,227,2026-09-22 15:45:00,PT5M,42.671,80.604,62.6354,22.7066,4.738
290,290,114,229,30,0.14,55.7,5.8,226,2026-09-22 15:50:00,PT5M,40.888,78.431,60.6471,21.1289,3.345
276,276,107,222,30,0.14,56.1,5.7,226,2026-09-22 15:55:00,PT5M,39.259,76.33,58.7697,19.7483,2.188
262,263,99,214,30,0.14,56.4,5.7,226,2026-09-22 16:00:00,PT5M,37.346,73.8745,56.5712,18.1208,0.8175
249,249,92,206,30,0.14,56.8,5.7,226,2026-09-22 16:05:00,PT5M,35.427,71.377,54.3477,16.5063,0.0
236,236,85,197,30,0.14,57.2,5.6,226,2026-09-22 16:10:00,PT5M,33.509,68.857,52.1129,14.9051,0.0
222,223,77,189,30,0.14,57.6,5.6,226,2026-09-22 16:15:00,PT5M,31.543,66.2405,49.8045,13.2815,0.0
209,210,70,180,30,0.14,58.0,5.6,226,2026-09-22 16:20:00,PT5M,29.514,62.4185,46.8319,12.1961,0.0
196,196,63,171,30,0.14,58.3,5.5,225,2026-09-22 16:25:00,PT5M,27.383,58.1065,43.553,11.213,0.0
183,183,55,163,29,0.14,58.7,5.5,225,2026-09-22 16:30:00,PT5M,25.221,53.8165,40.271,10.171,0.0
170,170,47,154,29,0.14,59.1,5.5,225,2026-09-22 16:35:00,PT5M,23.063,49.5365,36.9962,9.1298,0.0
157,157,38,144,29,0.14,59.5,5.4,225,2026-09-22 16:40:00,PT5M,20.925,45.2725,33.7393,8.1107,0.0
144,145,30,135,29,0.14,59.9,5.4,225,2026-09-22 16:45:00,PT5M,18.797,41.025,30.4958,7.0982,0.0
132,132,20,126,29,0.14,60.3,5.4,225,2026-09-22 16:50:00,PT5M,16.817,36.9455,27.4108,6.2232,0.0
119,120,11,117,29,0.14,60.7,5.3,225,2026-09-22 16:55:00,PT5M,14.766,32.787,24.2506,5.2814,0.0
107,107,0,107,29,0.14,61.1,5.3,224,2026-09-22 17:00:00,PT5M,12.767,28.78,21.1948,4.3392,0.0
94,94,0,94,29,0.14,61.5,5.3,224,2026-09-22 17:05:00,PT5M,11.245,25.352,18.6696,3.8204,0.0
82,82,0,82,29,0.14,61.9,5.2,224,2026-09-22 17:10:00,PT5M,9.752,22.0345,16.2164,3.2876,0.0
70,70,0,70,29,0.14,62.4,5.2,224,2026-09-22 17:15:00,PT5M,8.24,18.7295,13.7607,2.7193,0.0
59,59,0,59,29,0.14,62.8,5.2,224,2026-09-22 17:20:00,PT5M,6.892,15.5875,11.4685,2.3155,0.0
49,49,0,49,28,0.14,63.2,5.1,224,2026-09-22 17:25:00,PT5M,5.627,12.5535,9.2725,1.9815,0.0
39,39,0,39,28,0.14,63.6,5.1,223,2026-09-22 17:30:00,PT5M,4.346,9.603,7.1128,1.5792,0.0
30,30,0,30,28,0.14,64.0,5.1,223,2026-09-22 17:35:00,PT5M,3.195,6.201,4.7771,1.6129,0.189
22,22,0,22,28,0.14,64.2,5.1,223,2026-09-22 17:40:00,PT5M,2.202,4.222,3.2651,1.1389,0.182
15,15,0,15,28,0.14,64.5,5.1,224,2026-09-22 17:45:00,PT5M,1.299,2.549,1.9569,0.6411,0.049
9,9,0,9,28,0.14,64.7,5.1,224,2026-09-22 17:50:00,PT5M,0.489,1.1395,0.8314,0.1466,0.0
4,4,0,4,28,0.14,65.0,5.1,224,2026-09-22 17:55:00,PT5M,0.0,0.045,0.0237,0.0,0.0
0,0,0,0,28,0.14,65.2,5.1,224,2026-09-22 18:00:00,PT5M,0.0,0.0,0.0,0.0,0.0
0,0,0,0,28,0.14,65.5,5.1,224,2026-09-22 18:05:00,PT5M,0.0,0.0,0.0,0.0,0.0
0,0,0,0,28,0.14,65.8,5.1,224,2026-09-22 18:10:00,PT5M,0.0,0.0,0.0,0.0,0.0
0,0,0,0,28,0.14,66.0,5.1,224,2026-09-22 18:15:00,PT5M,0.0,0.0,0.0,0.0,0.0
0,0,0,0,28,0.14,66.3,5.1,224,2026-09-22 18:20:00,PT5M,0.0,0.0,0.0,0.0,0.0
0,0,0,0,28,0.14,66.5,5.1,224,2026-09-22 18:25:00,PT5M,0.0,0.0,0.0,0.0,0.0
0,0,0,0,28,0.14,66.8,5.0,224,2026-09-22 18:30:00,PT5M,0.0,0.0,0.0,0.0,0.0
0,0,0,0,28,0.14,67.1,5.0,224,2026-09-22 18:35:00,PT5M,0.0,0.0,0.0,0.0,0.0
0,0,0,0,28,0.14,67.3,5.0,224,2026-09-22 18:40:00,PT5M,0.0,0.0,0.0,0.0,0.0
0,0,0,0,28,0.14,67.6,5.0,224,2026-09-22 18:45:00,PT5M,0.0,0.0,0.0,0.0,0.0
0,0,0,0,28,0.14,67.9,5.0,224,2026-09-22 18:50:00,PT5M,0.0,0.0,0.0,0.0,0.0
0,0,0,0,28,0.14,68.1,5.0,224,2026-09-22 18:55:00,PT5M,0.0,0.0,0.0,0.0,0.0
0,0,0,0,28,0.14,68.4,5.0,224,2026-09-22 19:00:00,PT5M,0.0,0.0,0.0,0.0,0.0
0,0,0,0,27,0.14,68.7,5.0,224,2026-09-22 19:05:00,PT5M,0.0,0.0,0.0,0.0,0.0
0,0,0,0,27,0.14,69.0,5.0,224,2026-09-22 19:10:00,PT5M,0.0,0.0,0.0,0.0,0.0
0,0,0,0,27,0.14,69.2,5.0,224,2026-09-22 19:15:00,PT5M,0.0,0.0,0.0,0.0,0.0
0,0,0,0,27,0.14,69.5,5.0,224,2026-09-22 19:20:00,PT5M,0.0,0.0,0.0,0.0,0.0
0,0,0,0,27,0.14,69.8,5.0,224,2026-09-22 19:25:00,PT5M,0.0,0.0,0.0,0.0,0.0
0,0,0,0,27,0.14,70.1,5.0,224,2026-09-22 19:30:00,PT5M,0.0,0.0,0.0,0.0,0.0
0,0,0,0,27,0.14,70.3,5.0,224,2026-09-22 19:35:00,PT5M,0.0,0.0,0.0,0.0,0.0
0,0,0,0,27,0.14,70.6,5.0,225,2026-09-22 19:40:00,PT5M,0.0,0.0,0.0,0.0,0.0
0,0,0,0,27,0.14,70.9,5.0,225,2026-09-22 19:45:00,PT5M,0.0,0.0,0.0,0.0,0.0
0,0,0,0,27,0.14,71.2,5.0,225,2026-09-22 19:50:00,PT5M,0.0,0.0,0.0,0.0,0.0
0,0,0,0,27,0.14,71.5,5.0,225,2026-09-22 19:55:00,PT5M,0.0,0.0,0.0,0.0,0.0
0,0,0,0,27,0.14,71.7,5.0,225,2026-09-22 20:00:00,PT5M,0.0,0.0,0.0,0.0,0.0
0,0,0,0,27,0.14,72.0,5.0,225,2026-09-22 20:05:00,PT5M,0.0,0.0,0.0,0.0,0.0
0,0,0,0,27,0.14,72.3,5.0,225,2026-09-22 20:10:00,PT5M,0.0,0.0,0.0,0.0,0.0
0,0,0,0,27,0.14,72.6,5.0,225,2026-09-22 20:15:00,PT5M,0.0,0.0,0.0,0.0,0.0
0,0,0,0,27,0.14,72.9,5.0,225,2026-09-22 20:20:00,PT5M,0.0,0.0,0.0,0.0,0.0
0,0,0,0,27,0.14,73.2,5.0,225,2026-09-22 20:25:00,PT5M,0.0,0.0,0.0,0.0,0.0
0,0,0,0,27,0.14,73.5,5.0,225,2026-09-22 20:30:00,PT5M,0.0,0.0,0.0,0.0,0.0
0,0,0,0,27,0.14,73.7,4.9,225,2026-09-22 20:35:00,PT5M,0.0,0.0,0.0,0.0,0.0
0,0,0,0,27,0.14,73.7,4.9,225,2026-09-22 20:40:00,PT5M,0.0,0.0,0.0,0.0,0.0
0,0,0,0,27,0.14,73.8,4.9,225,2026-09-22 20:45:00,PT5M,0.0,0.0,0.0,0.0,0.0
0,0,0,0,27,0.14,73.9,4.9,225,2026-09-22 20:50:00,PT5M,0.0,0.0,0.0,0.0,0.0
0,0,0,0,27,0.14,74.0,4.8,225,2026-09-22 20:55:00,PT5M,0.0,0.0,0.0,0.0,0.0
0,0,0,0,27,0.14,74.1,4.8,225,2026-09-22 21:00:00,PT5M,0.0,0.0,0.0,0.0,0.0
0,0,0,0,27,0.14,74.2,4.8,225,2026-09-22 21:05:00,PT5M,0.0,0.0,0.0,0.0,0.0
0,0,0,0,26,0.14,74.3,4.8,225,2026-09-22 21:10:00,PT5M,0.0,0.0,0.0,0.0,0.0
0,0,0,0,26,0.14,74.3,4.7,225,2026-09-22 21:15:00,PT5M,0.0,0.0,0.0,0.0,0.0
0,0,0,0,26,0.14,74.4,4.7,225,2026-09-22 21:20:00,PT5M,0.0,0.0,0.0,0.0,0.0
0,0,0,0,26,0.14,74.5,4.7,226,2026-09-22 21:25:00,PT5M,0.0,0.0,0.0,0.0,0.0
0,0,0,0,26,0.14,74.6,4.7,226,2026-09-22 21:30:00,PT5M,0.0,0.0,0.0,0.0,0.0
0,0,0,0,26,0.14,74.7,4.7,226,2026-09-22 21:35:00,PT5M,0.0,0.0,0.0,0.0,0.0
0,0,0,0,26,0.14,74.8,4.6,226,2026-09-22 21:40:00,PT5M,0.0,0.0,0.0,0.0,0.0
0,0,0,0,26,0.14,74.8,4.6,226,2026-09-22 21:45:00,PT5M,0.0,0.0,0.0,0.0,0.0
0,0,0,0,26,0.14,74.9,4.6,226,2026-09-22 21:50:00,PT5M,0.0,0.0,0.0,0.0,0.0
0,0,0,0,26,0.14,75.0,4.6,226,2026-09-22 21:55:00,PT5M,0.0,0.0,0.0,0.0,0.0
0,0,0,0,26,0.14,75.1,4.5,226,2026-09-22 22:00:00,PT5M,0.0,0.0,0.0,0.0,0.0
0,0,0,0,26,0.14,75.2,4.5,226,2026-09-22 22:05:00,PT5M,0.0,0.0,0.0,0.0,0.0
0,0,0,0,26,0.14,75.3,4.5,226,2026-09-22 22:10:00,PT5M,0.0,0.0,0.0,0.0,0.0
0,0,0,0,26,0.14,75.4,4.5,226,2026-09-22 22:15:00,PT5M,0.0,0.0,0.0,0.0,0.0
0,0,0,0,26,0.14,75.4,4.4,226,2026-09-22 22:20:00,PT5M,0.0,0.0,0.0,0.0,0.0
0,0,0,0,26,0.14,75.5,4.4,226,2026-09-22 22:25:00,PT5M,0.0,0.0,0.0,0.0,0.0
0,0,0,0,26,0.14,75.6,4.4,226,2026-09-22 22:30:00,PT5M,0.0,0.0,0.0,0.0,0.0
0,0,0,0,26,0.14,75.7,4.4,226,2026-09-22 22:35:00,PT5M,0.0,0.0,0.0,0.0,0.0
0,0,0,0,26,0.14,75.8,4.3,226,2026-09-22 22:40:00,PT5M,0.0,0.0,0.0,0.0,0.0
0,0,0,0,26,0.14,75.9,4.3,226,2026-09-22 22:45:00,PT5M,0.0,0.0,0.0,0.0,0.0
0,0,0,0,26,0.14,76.0,4.3,226,2026-09-22 22:50:00,PT5M,0.0,0.0,0.0,0.0,0.0
0,0,0,0,26,0.14,76.1,4.3,226,2026-09-22 22:55:00,PT5M,0.0,0.0,0.0,0.0,0.0
0,0,0,0,26,0.14,76.1,4.3,227,2026-09-22 23:00:00,PT5M,0.0,0.0,0.0,0.0,0.0
0,0,0,0,26,0.14,76.2,4.2,227,2026-09-22 23:05:00,PT5M,0.0,0.0,0.0,0.0,0.0
0,0,0,0,26,0.14,76.3,4.2,227,2026-09-22 23:10:00,PT5M,0.0,0.0,0.0,0.0,0.0
0,0,0,0,26,0.14,76.4,4.2,227,2026-09-22 23:15:00,PT5M,0.0,0.0,0.0,0.0,0.0
0,0,0,0,26,0.14,76.5,4.2,227,2026-09-22 23:20:00,PT5M,0.0,0.0,0.0,0.0,0.0
0,0,0,0,26,0.14,76.6,4.1,227,2026-09-22 23:25:00,PT5M,0.0,0.0,0.0,0.0,0.0
0,0,0,0,26,0.14,76.7,4.1,227,2026-09-22 23:30:00,PT5M,0.0,0.0,0.0,0.0,0.0
0,0,0,0,26,0.14,76.8,4.1,227,2026-09-22 23:35:00,PT5M,0.0,0.0,0.0,0.0,0.0
0,0,0,0,26,0.14,76.8,4.1,227,2026-09-22 23:40:00,PT5M,0.0,0.0,0.0,0.0,0.0
0,0,0,0,26,0.14,76.9,4.1,227,2026-09-22 23:45:00,PT5M,0.0,0.0,0.0,0.0,0.0
0,0,0,0,26,0.14,77.0,4.0,227,2026-09-22 23:50:00,PT5M,0.0,0.0,0.0,0.0,0.0
0,0,0,0,26,0.14,77.1,4.0,227,2026-09-22 23:55:00,PT5M,0.0,0.0,0.0,0.0,0.0
0,0,0,0,26,0.14,77.2,4.0,227,2026-09-23 00:00:00,PT5M,0.0,0.0,0.0,0.0,0.0
0,0,0,0,26,0.14,77.3,4.0,227,2026-09-23 00:05:00,PT5M,0.0,0.0,0.0,0.0,0.0
0,0,0,0,26,0.14,77.4,4.0,227,2026-09-23 00:10:00,PT5M,0.0,0.0,0.0,0.0,0.0
0,0,0,0,26,0.14,77.5,4.0,227,2026-09-23 00:15:00,PT5M,0.0,0.0,0.0,0.0,0.0
0,0,0,0,26,0.14,77.6,4.0,227,2026-09-23 00:20:00,PT5M,0.0,0.0,0.0,0.0,0.0
0,0,0,0,26,0.14,77.6,3.9,227,2026-09-23 00:25:00,PT5M,0.0,0.0,0.0,0.0,0.0
0,0,0,0,26,0.14,77.7,3.9,227,2026-09-23 00:30:00,PT5M,0.0,0.0,0.0,0.0,0.0
0,0,0,0,26,0.14,77.8,3.9,227,2026-09-23 00:35:00,PT5M,0.0,0.0,0.0,0.0,0.0
0,0,0,0,26,0.14,77.9,3.9,227,2026-09-23 00:40:00,PT5M,0.0,0.0,0.0,0.0,0.0
0,0,0,0,26,0.14,78.0,3.9,227,2026-09-23 00:45:00,PT5M,0.0,0.0,0.0,0.0,0.0
0,0,0,0,26,0.14,78.1,3.9,227,2026-09-23 00:50:00,PT5M,0.0,0.0,0.0,0.0,0.0
0,0,0,0,26,0.14,78.2,3.8,227,2026-09-23 00:55:00,PT5M,0.0,0.0,0.0,0.0,0.0
0,0,0,0,26,0.14,78.3,3.8,227,2026-09-23 01:00:00,PT5M,0.0,0.0,0.0,0.0,0.0
0,0,0,0,25,0.14,78.4,3.8,227,2026-09-23 01:05:00,PT5M,0.0,0.0,0.0,0.0,0.0
0,0,0,0,25,0.14,78.5,3.8,227,2026-09-23 01:10:00,PT5M,0.0,0.0,0.0,0.0,0.0
0,0,0,0,25,0.14,78.5,3.8,227,2026-09-23 01:15:00,PT5M,0.0,0.0,0.0,0.0,0.0
0,0,0,0,25,0.14,78.6,3.8,227,2026-09-23 01:20:00,PT5M,0.0,0.0,0.0,0.0,0.0
0,0,0,0,25,0.14,78.7,3.8,227,2026-09-23 01:25:00,PT5M,0.0,0.0,0.0,0.0,0.0
0,0,0,0,25,0.14,78.8,3.7,227,2026-09-23 01:30:00,PT5M,0.0,0.0,0.0,0.0,0.0
0,0,0,0,25,0.14,78.9,3.7,227,2026-09-23 01:35:00,PT5M,0.0,0.0,0.0,0.0,0.0
0,0,0,0,25,0.14,79.0,3.7,227,2026-09-23 01:40:00,PT5M,0.0,0.0,0.0,0.0,0.0
0,0,0,0,25,0.14,79.1,3.7,227,2026-09-23 01:45:00,PT5M,0.0,0.0,0.0,0.0,0.0
0,0,0,0,25,0.14,79.2,3.7,227,2026-09-23 01:50:00,PT5M,0.0,0.0,0.0,0.0,0.0
0,0,0,0,25,0.14,79.3,3.7,227,2026-09-23 01:55:00,PT5M,0.0,0.0,0.0,0.0,0.0
0,0,0,0,25,0.14,79.4,3.6,227,2026-09-23 02:00:00,PT5M,0.0,0.0,0.0,0.0,0.0
0,0,0,0,25,0.14,79.5,3.6,227,2026-09-23 02:05:00,PT5M,0.0,0.0,0.0,0.0,0.0
0,0,0,0,25,0.14,79.6,3.6,227,2026-09-23 02:10:00,PT5M,0.0,0.0,0.0,0.0,0.0
0,0,0,0,25,0.14,79.6,3.6,227,2026-09-23 02:15:00,PT5M,0.0,0.0,0.0,0.0,0.0
0,0,0,0,25,0.14,79.7,3.6,227,2026-09-23 02:20:00,PT5M,0.0,0.0,0.0,0.0,0.0
0,0,0,0,25,0.14,79.8,3.6,227,2026-09-23 02:25:00,PT5M,0.0,0.0,0.0,0.0,0.0
0,0,0,0,25,0.14,79.9,3.5,227,2026-09-23 02:30:00,PT5M,0.0,0.0,0.0,0.0,0.0
0,0,0,0,25,0.14,80.0,3.5,227,2026-09-23 02:35:00,PT5M,0.0,0.0,0.0,0.0,0.0
0,0,0,0,25,0.14,79.9,3.5,228,2026-09-23 02:40:00,PT5M,0.0,0.0,0.0,0.0,0.0
0,0,0,0,25,0.14,79.9,3.5,228,2026-09-23 02:45:00,PT5M,0.0,0.0,0.0,0.0,0.0
0,0,0,0,25,0.14,79.9,3.5,228,2026-09-23 02:50:00,PT5M,0.0,0.0,0.0,0.0,0.0
0,0,0,0,25,0.14,79.9,3.5,228,2026-09-23 02:55:00,PT5M,0.0,0.0,0.0,0.0,0.0
0,0,0,0,25,0.14,79.9,3.6,228,2026-09-23 03:00:00,PT5M,0.0,0.0,0.0,0.0,0.0
0,0,0,0,25,0.14,79.9,3.6,228,2026-09-23 03:05:00,PT5M,0.0,0.0,0.0,0.0,0.0
0,0,0,0,25,0.14,79.9,3.6,228,2026-09-23 03:10:00,PT5M,0.0,0.0,0.0,0.0,0.0
0,0,0,0,25,0.14,79.9,3.6,229,2026-09-23 03:15:00,PT5M,0.0,0.0,0.0,0.0,0.0
0,0,0,0,25,0.14,79.8,3.6,229,2026-09-23 03:20:00,PT5M,0.0,0.0,0.0,0.0,0.0
0,0,0,0,25,0.14,79.8,3.6,229,2026-09-23 03:25:00,PT5M,0.0,0.0,0.0,0.0,0.0
0,0,0,0,25,0.14,79.8,3.6,229,2026-09-23 03:30:00,PT5M,0.0,0.0,0.0,0.0,0.0
0,0,0,0,25,0.14,79.8,3.6,229,2026-09-23 03:35:00,PT5M,0.0,0.0,0.0,0.0,0.0
0,0,0,0,25,0.14,79.8,3.6,229,2026-09-23 03:40:00,PT5M,0.0,0.0,0.0,0.0,0.0
0,0,0,0,25,0.14,79.8,3.6,230,2026-09-23 03:45:00,PT5M,0.0,0.0,0.0,0.0,0.0
0,0,0,0,25,0.14,79.8,3.6,230,2026-09-23 03:50:00,PT5M,0.0,0.0,0.0,0.0,0.0
0,0,0,0,25,0.14,79.7,3.6,230,2026-09-23 03:55:00,PT5M,0.0,0.0,0.0,0.0,0.0
0,0,0,0,25,0.14,79.7,3.6,230,2026-09-23 04:00:00,PT5M,0.0,0.0,0.0,0.0,0.0
0,0,0,0,25,0.14,79.7,3.6,230,2026-09-23 04:05:00,PT5M,0.0,0.0,0.0,0.0,0.0
0,0,0,0,25,0.14,79.7,3.6,230,2026-09-23 04:10:00,PT5M,0.0,0.0,0.0,0.0,0.0
0,0,0,0,25,0.14,79.7,3.6,230,2026-09-23 04:15:00,PT5M,0.0,0.0,0.0,0.0,0.0
0,0,0,0,25,0.14,79.7,3.6,231,2026-09-23 04:20:00,PT5M,0.0,0.0,0.0,0.0,0.0
0,0,0,0,25,0.14,79.7,3.6,231,2026-09-23 04:25:00,PT5M,0.0,0.0,0.0,0.0,0.0
0,0,0,0,25,0.14,79.6,3.6,231,2026-09-23 04:30:00,PT5M,0.0,0.0,0.0,0.0,0.0
0,0,0,0,25,0.14,79.6,3.6,231,2026-09-23 04:35:00,PT5M,0.0,0.0,0.0,0.0,0.0
0,0,0,0,25,0.14,79.6,3.6,231,2026-09-23 04:40:00,PT5M,0.0,0.0,0.0,0.0,0.0
0,0,0,0,25,0.14,79.6,3.6,231,2026-09-23 04:45:00,PT5M,0.0,0.0,0.0,0.0,0.0
0,0,0,0,25,0.14,79.6,3.6,232,2026-09-23 04:50:00,PT5M,0.0,0.0,0.0,0.0,0.0
0,0,0,0,25,0.14,79.6,3.6,232,2026-09-23 04:55:00,PT5M,0.0,0.0,0.0,0.0,0.0
0,0,0,0,25,0.14,79.6,3.6,232,2026-09-23 05:00:00,PT5M,0.0,0.0,0.0,0.0,0.0
0,0,0,0,25,0.14,79.5,3.6,232,2026-09-23 05:05:00,PT5M,0.0,0.0,0.0,0.0,0.0
0,0,0,0,25,0.14,79.5,3.6,232,2026-09-23 05:10:00,PT5M,0.0,0.0,0.0,0.0,0.0
0,0,0,0,25,0.14,79.5,3.6,232,2026-09-23 05:15:00,PT5M,0.0,0.0,0.0,0.0,0.0
0,0,0,0,25,0.14,79.5,3.6,232,2026-09-23 05:20:00,PT5M,0.0,0.0,0.0,0.0,0.0
0,0,0,0,25,0.14,79.5,3.6,233,2026-09-23 05:25:00,PT5M,0.0,0.0,0.0,0.0,0.0
0,0,0,0,25,0.14,79.5,3.6,233,2026-09-23 05:30:00,PT5M,0.0,0.0,0.0,0.0,0.0
0,0,0,0,25,0.14,79.2,3.6,233,2026-09-23 05:35:00,PT5M,0.0,0.0,0.0,0.0,0.0
0,0,0,0,25,0.14,78.6,3.7,233,2026-09-23 05:40:00,PT5M,0.0,0.0,0.0,0.0,0.0
0,0,0,0,25,0.14,78.0,3.7,233,2026-09-23 05:45:00,PT5M,0.0,0.0,0.0,0.0,0.0
0,0,0,0,25,0.14,77.4,3.7,233,2026-09-23 05:50:00,PT5M,0.0,0.0,0.0,0.0,0.0
0,0,0,0,26,0.14,76.8,3.7,234,2026-09-23 05:55:00,PT5M,0.0,0.0,0.0,0.0,0.0
1,1,0,1,26,0.14,76.2,3.7,234,2026-09-23 06:00:00,PT5M,0.0,0.0,0.0,0.0,0.0
4,4,0,4,26,0.14,75.6,3.7,234,2026-09-23 06:05:00,PT5M,0.0,0.2315,0.1218,0.0,0.0
9,9,0,9,26,0.14,75.1,3.7,234,2026-09-23 06:10:00,PT5M,0.483,1.3105,0.9185,0.0475,0.0
14,14,0,14,26,0.14,74.5,3.7,234,2026-09-23 06:15:00,PT5M,1.17,2.6875,1.9687,0.3713,0.0
20,20,0,20,26,0.14,73.9,3.8,235,2026-09-23 06:20:00,PT5M,1.932,4.429,3.2462,0.6178,0.0
27,27,0,27,26,0.14,73.4,3.8,235,2026-09-23 06:25:00,PT5M,2.78,6.435,4.7037,0.8563,0.0
35,35,0,35,27,0.14,72.8,3.8,235,2026-09-23 06:30:00,PT5M,3.809,8.8915,6.484,1.134,0.0
44,44,0,44,27,0.14,72.3,3.8,235,2026-09-23 06:35:00,PT5M,4.975,11.704,8.5165,1.4335,0.0
54,54,0,54,27,0.14,71.7,3.8,235,2026-09-23 06:40:00,PT5M,6.25,14.7265,10.7112,1.7888,0.0
66,66,0,66,27,0.14,71.2,3.8,235,2026-09-23 06:45:00,PT5M,7.704,18.068,13.1586,2.2494,0.0
78,79,0,79,27,0.14,70.7,3.8,236,2026-09-23 06:50:00,PT5M,9.367,21.663,15.8385,2.8955,0.0
92,92,0,92,27,0.14,70.1,3.8,236,2026-09-23 06:55:00,PT5M,11.021,25.3235,18.5485,3.4935,0.0
107,107,0,107,27,0.14,69.6,3.8,236,2026-09-23 07:00:00,PT5M,12.789,29.181,21.4162,4.1618,0.0
122,122,7,120,27,0.14,69.1,3.9,236,2026-09-23 07:05:00,PT5M,14.94,33.2705,24.5875,5.2925,0.0
137,137,26,129,28,0.14,68.6,3.9,236,2026-09-23 07:10:00,PT5M,17.794,38.065,28.4628,7.1252,0.0
154,154,47,139,28,0.14,68.1,3.9,237,2026-09-23 07:15:00,PT5M,21.048,43.264,32.7404,9.3556,0.0
171,171,69,147,28,0.14,67.6,3.9,237,2026-09-23 07:20:00,PT5M,24.584,48.737,37.2959,11.8721,0.431
189,189,92,155,28,0.14,67.1,3.9,237,2026-09-23 07:25:00,PT5M,28.412,54.4845,42.1341,14.6899,2.3395
208,208,116,163,28,0.14,66.6,3.9,237,2026-09-23 07:30:00,PT5M,32.394,60.4055,47.1367,17.6513,4.3825
225,225,135,170,28,0.14,66.1,3.9,237,2026-09-23 07:35:00,PT5M,36.167,68.6495,53.2628,19.0712,3.6845
241,241,149,178,28,0.14,65.6,3.9,237,2026-09-23 07:40:00,PT5M,39.406,74.137,57.6852,21.1268,4.675
258,258,163,185,28,0.14,65.1,4.0,238,2026-09-23 07:45:00,PT5M,42.301,78.2815,61.2378,23.3642,6.3205
275,275,177,192,29,0.14,64.6,4.0,238,2026-09-23 07:50:00,PT5M,44.971,81.568,64.2323,25.7097,8.374
292,291,191,199,29,0.14,64.1,4.0,238,2026-09-23 07:55:00,PT5M,47.595,84.753,67.1515,28.0385,10.437
309,308,205,206,29,0.14,63.7,4.0,238,2026-09-23 08:00:00,PT5M,50.164,87.824,69.9847,30.3433,12.504
326,326,219,212,29,0.14,63.2,4.0,238,2026-09-23 08:05:00,PT5M,52.669,90.7615,72.7174,32.6206,14.5765
343,343,233,217,29,0.14,62.7,4.0,238,2026-09-23 08:10:00,PT5M,55.05,93.497,75.2849,34.8151,16.603
361,360,247,223,29,0.14,62.3,4.0,238,2026-09-23 08:15:00,PT5M,57.399,96.113,77.7745,37.0235,18.685
378,378,261,228,29,0.14,61.8,4.0,239,2026-09-23 08:20:00,PT5M,59.655,98.5425,80.1218,39.1882,20.7675
396,395,275,232,29,0.14,61.4,4.1,239,2026-09-23 08:25:00,PT5M,61.827,100.0,82.3243,41.3297,22.8815
414,413,289,237,30,0.14,60.9,4.1,239,2026-09-23 08:30:00,PT5M,63.928,100.0,84.439,43.417,24.9565
430,429,299,242,30,0.14,60.4,4.1,239,2026-09-23 08:35:00,PT5M,65.595,100.0,86.131,45.059,26.576
444,444,305,247,30,0.14,59.8,4.1,239,2026-09-23 08:40:00,PT5M,66.837,100.0,87.414,46.26,27.74
459,458,311,253,30,0.14,59.2,4.1,239,2026-09-23 08:45:00,PT5M,68.022,100.0,88.6609,47.3831,28.8075
473,472,316,258,30,0.14,58.7,4.2,239,2026-09-23 08:50:00,PT5M,69.159,100.0,89.8197,48.4983,29.903
487,486,322,263,30,0.14,58.1,4.2,239,2026-09-23 08:55:00,PT5M,70.254,100.0,90.9281,49.5799,30.9725
501,499,327,268,30,0.14,57.6,4.2,239,2026-09-23 09:00:00,PT5M,71.308,100.0,91.9884,50.6276,32.0145
515,513,334,273,30,0.14,57.0,4.3,238,2026-09-23 09:05:00,PT5M,72.449,100.0,92.9816,51.9164,33.4365
529,527,340,277,31,0.14,56.5,4.3,238,2026-09-23 09:10:00,PT5M,73.567,100.0,93.9414,53.1926,34.855
542,541,347,280,31,0.14,55.9,4.3,238,2026-09-23 09:15:00,PT5M,74.644,100.0,94.8631,54.4249,36.227
556,555,354,284,31,0.14,55.4,4.3,238,2026-09-23 09:20:00,PT5M,75.683,100.0,95.7498,55.6162,37.5555
569,568,360,288,31,0.14,54.9,4.4,238,2026-09-23 09:25:00,PT5M,76.684,100.0,96.6013,56.7667,38.8405
582,581,366,291,31,0.14,54.4,4.4,238,2026-09-23 09:30:00,PT5M,77.683,100.0,97.4543,57.9117,40.117
596,594,373,294,31,0.14,53.8,4.4,238,2026-09-23 09:35:00,PT5M,78.685,100.0,98.2963,59.0737,41.423
609,607,381,296,31,0.14,53.3,4.4,238,2026-09-23 09:40:00,PT5M,79.719,100.0,99.156,60.282,42.788
622,620,388,298,31,0.14,52.8,4.5,238,2026-09-23 09:45:00,PT5M,80.669,100.0,99.9366,61.4014,44.06
635,633,395,300,32,0.14,52.3,4.5,238,2026-09-23 09:50:00,PT5M,81.578,100.0,100.0,62.4767,45.285
647,645,402,302,32,0.14,51.8,4.5,238,2026-09-23 09:55:00,PT5M,82.455,100.0,100.0,63.5174,46.473
659,657,409,303,32,0.14,51.3,4.6,238,2026-09-23 10:00:00,PT5M,83.296,100.0,100.0,64.5176,47.6165
671,668,416,305,32,0.14,50.8,4.6,237,2026-09-23 10:05:00,PT5M,84.094,100.0,100.0,65.4704,48.7085
682,680,422,306,32,0.14,50.4,4.6,237,2026-09-23 10:10:00,PT5M,84.85,100.0,100.0,66.3774,49.7515
693,691,428,308,32,0.14,49.9,4.6,237,2026-09-23 10:15:00,PT5M,85.575,100.0,100.0,67.2498,50.7565
704,701,434,309,32,0.14,49.4,4.7,237,2026-09-23 10:20:00,PT5M,86.269,100.0,100.0,68.088,51.7245
714,711,440,310,32,0.14,48.9,4.7,237,2026-09-23 10:25:00,PT5M,86.938,100.0,100.0,68.8986,52.6625
724,721,447,310,32,0.14,48.5,4.7,237,2026-09-23 10:30:00,PT5M,87.579,100.0,100.0,69.6782,53.567
733,731,452,311,33,0.14,48.0,4.7,237,2026-09-23 10:35:00,PT5M,88.131,100.0,100.0,70.3452,54.3375
742,739,456,312,33,0.14,47.6,4.8,237,2026-09-23 10:40:00,PT5M,88.593,100.0,100.0,70.8983,54.9725
750,747,459,313,33,0.14,47.1,4.8,237,2026-09-23 10:45:00,PT5M,89.027,100.0,100.0,71.4183,55.57
757,754,463,314,33,0.14,46.7,4.8,237,2026-09-23 10:50:00,PT5M,89.431,100.0,100.0,71.9023,56.126
764,761,467,315,33,0.14,46.2,4.8,237,2026-09-23 10:55:00,PT5M,89.802,100.0,100.0,72.3449,56.633
771,768,471,315,33,0.14,45.8,4.9,237,2026-09-23 11:00:00,PT5M,90.128,100.0,100.0,72.7235,57.059
777,774,474,316,33,0.14,45.4,4.9,237,2026-09-23 11:05:00,PT5M,90.44,100.0,100.0,73.0961,57.486
783,780,477,316,33,0.14,44.9,4.9,237,2026-09-23 11:10:00,PT5M,90.73,100.0,100.0,73.4495,57.8965
788,785,480,317,34,0.14,44.5,5.0,237,2026-09-23 11:15:00,PT5M,90.989,100.0,100.0,73.7622,58.2575
793,790,483,317,34,0.14,44.1,5.0,236,2026-09-23 11:20:00,PT5M,91.217,100.0,100.0,74.0328,58.5665
798,795,485,317,34,0.14,43.7,5.0,236,2026-09-23 11:25:00,PT5M,91.42,100.0,100.0,74.2729,58.84
802,799,488,317,34,0.14,43.3,5.0,236,2026-09-23 11:30:00,PT5M,91.597,100.0,100.0,74.4812,59.0765
804,801,488,318,34,0.14,43.0,5.1,236,2026-09-23 11:35:00,PT5M,91.648,100.0,100.0,74.538,59.1385
805,802,487,320,34,0.14,43.0,5.1,236,2026-09-23 11:40:00,PT5M,91.572,100.0,100.0,74.441,59.0225
806,802,485,322,34,0.14,42.9,5.1,236,2026-09-23 11:45:00,PT5M,91.469,100.0,100.0,74.3111,58.8685
806,802,483,323,34,0.14,42.9,5.2,235,2026-09-23 11:50:00,PT5M,91.339,100.0,100.0,74.148,58.6755
805,802,480,324,34,0.14,42.8,5.2,235,2026-09-23 11:55:00,PT5M,91.179,100.0,100.0,73.949,58.4415
804,801,478,326,34,0.14,42.7,5.3,235,2026-09-23 12:00:00,PT5M,91.015,100.0,100.0,73.7395,58.191
802,799,476,326,34,0.14,42.7,5.3,235,2026-09-23 12:05:00,PT5M,90.934,100.0,100.0,73.6095,58.017
801,797,474,327,34,0.14,42.6,5.3,235,2026-09-23 12:10:00,PT5M,90.842,100.0,100.0,73.4644,57.824
798,795,473,326,34,0.14,42.6,5.4,234,2026-09-23 12:15:00,PT5M,90.722,100.0,100.0,73.2857,57.5925
795,792,471,326,34,0.14,42.5,5.4,234,2026-09-23 12:20:00,PT5M,90.573,100.0,100.0,73.0728,57.322
792,789,469,326,34,0.14,42.5,5.4,234,2026-09-23 12:25:00,PT5M,90.398,100.0,100.0,72.8283,57.015
789,786,467,326,34,0.14,42.4,5.5,234,2026-09-23 12:30:00,PT5M,90.197,100.0,100.0,72.5533,56.6735
784,781,465,325,34,0.14,42.3,5.5,234,2026-09-23 12:35:00,PT5M,89.973,100.0,100.0,72.2728,56.342
780,777,463,324,34,0.14,42.3,5.6,233,2026-09-23 12:40:00,PT5M,89.723,100.0,100.0,71.9825,56.0155
775,772,461,323,34,0.14,42.2,5.6,233,2026-09-23 12:45:00,PT5M,89.447,100.0,100.0,71.6602,55.6515
770,767,458,322,34,0.14,42.2,5.6,233,2026-09-23 12:50:00,PT5M,89.137,100.0,100.0,71.2912,55.2295
764,761,456,321,34,0.14,42.1,5.7,233,2026-09-23 12:55:00,PT5M,88.804,100.0,100.0,70.8953,54.777
758,755,453,320,34,0.14,42.0,5.7,233,2026-09-23 13:00:00,PT5M,88.462,100.0,100.0,70.4978,54.3295
751,748,450,319,34,0.14,42.0,5.8,232,2026-09-23 13:05:00,PT5M,88.081,100.0,100.0,70.0584,53.8375
743,741,446,319,34,0.14,41.9,5.8,232,2026-09-23 13:10:00,PT5M,87.634,100.0,100.0,69.5351,53.2455
736,733,441,318,34,0.14,41.9,5.8,232,2026-09-23 13:15:00,PT5M,87.155,100.0,100.0,68.9729,52.6085
727,725,437,317,34,0.14,41.8,5.9,232,2026-09-23 13:20:00,PT5M,86.647,100.0,100.0,68.3768,51.933
719,716,432,316,35,0.14,41.7,5.9,232,2026-09-23 13:25:00,PT5M,86.11,100.0,100.0,67.7474,51.2205
710,707,428,315,35,0.14,41.7,6.0,231,2026-09-23 13:30:00,PT5M,85.545,100.0,100.0,67.0866,50.4735
699,696,420,315,35,0.14,41.6,6.0,231,2026-09-23 13:35:00,PT5M,84.706,100.0,100.0,66.1095,49.372
685,683,407,317,35,0.14,41.6,6.0,231,2026-09-23 13:40:00,PT5M,83.594,100.0,100.0,64.8185,47.92
672,669,396,318,35,0.14,41.5,6.1,231,2026-09-23 13:45:00,PT5M,82.448,100.0,100.0,63.4923,46.4315
658,656,384,318,35,0.14,41.5,6.1,231,2026-09-23 13:50:00,PT5M,81.265,100.0,100.0,62.1274,44.903
644,642,372,318,35,0.14,41.4,6.2,231,2026-09-23 13:55:00,PT5M,80.046,100.0,99.3673,60.7247,43.335
629,628,360,318,35,0.14,41.3,6.2,230,2026-09-23 14:00:00,PT5M,78.789,100.0,98.2953,59.2827,41.7265
615,613,349,318,35,0.14,41.3,6.2,230,2026-09-23 14:05:00,PT5M,77.457,100.0,97.1504,57.7636,40.039
601,599,338,316,35,0.14,41.2,6.3,230,2026-09-23 14:10:00,PT5M,76.152,100.0,96.0333,56.2707,38.377
586,584,327,315,35,0.14,41.2,6.3,230,2026-09-23 14:15:00,PT5M,74.812,100.0,94.8819,54.7421,36.6785
571,570,316,313,35,0.14,41.1,6.4,230,2026-09-23 14:20:00,PT5M,73.405,100.0,93.6657,53.1443,34.909
556,554,304,311,35,0.14,41.1,6.4,230,2026-09-23 14:25:00,PT5M,71.941,100.0,92.3941,51.4879,33.0795
540,539,293,309,35,0.14,41.0,6.4,229,2026-09-23 14:30:00,PT5M,70.441,100.0,91.0859,49.7961,31.215
526,525,284,306,35,0.14,41.2,6.4,229,2026-09-23 14:35:00,PT5M,69.117,100.0,89.9298,48.3042,29.572
513,512,278,301,35,0.14,41.6,6.4,229,2026-09-23 14:40:00,PT5M,67.97,100.0,88.9278,47.0122,28.1495
499,499,271,297,35,0.14,42.0,6.4,229,2026-09-23 14:45:00,PT5M,66.787,100.0,87.8919,45.6821,26.687
486,485,264,292,34,0.14,42.4,6.4,229,2026-09-23 14:50:00,PT5M,65.568,100.0,86.7498,44.3862,25.322
472,471,257,288,34,0.14,42.8,6.4,228,2026-09-23 14:55:00,PT5M,64.311,100.0,85.4999,43.1221,24.0515
459,458,251,282,34,0.14,43.2,6.4,228,2026-09-23 15:00:00,PT5M,63.065,100.0,84.2515,41.8785,22.81
445,444,243,278,34,0.14,43.6,6.4,228,2026-09-23 15:05:00,PT5M,61.745,100.0,82.9012,40.5888,21.5475
431,430,235,273,34,0.14,44.1,6.4,228,2026-09-23 15:10:00,PT5M,60.287,100.0,81.3895,39.1845,20.1915
416,416,226,268,34,0.14,44.5,6.3,228,2026-09-23 15:15:00,PT5M,58.772,98.737,79.8059,37.7381,18.807
402,401,217,263,34,0.14,44.9,6.3,227,2026-09-23 15:20:00,PT5M,57.235,96.9815,78.1539,36.3161,17.4885
387,387,208,258,33,0.14,45.4,6.3,227,2026-09-23 15:25:00,PT5M,55.583,95.1345,76.3992,34.7668,16.0315
372,372,198,253,33,0.14,45.8,6.3,227,2026-09-23 15:30:00,PT5M,53.862,93.1765,74.5535,33.1705,14.5475
358,358,190,247,33,0.14,46.3,6.3,227,2026-09-23 15:35:00,PT5M,52.203,91.2185,72.7371,31.6689,13.1875
344,344,183,240,33,0.14,46.7,6.3,227,2026-09-23 15:40:00,PT5M,50.604,89.233,70.9347,30.2733,11.975
330,330,175,234,33,0.14,47.2,6.3,226,2026-09-23 15:45:00,PT5M,48.919,87.048,68.9866,28.8514,10.79
315,315,166,227,33,0.14,47.6,6.3,226,2026-09-23 15:50:00,PT5M,47.135,84.6705,66.8902,27.3798,9.5995
301,301,158,220,33,0.14,48.1,6.2,226,2026-09-23 15:55:00,PT5M,45.254,82.1075,64.6503,25.8577,8.4005
286,286,149,213,33,0.14,48.6,6.2,226,2026-09-23 16:00:00,PT5M,43.279,79.371,62.2745,24.2835,7.187
272,272,142,205,32,0.14,49.0,6.2,226,2026-09-23 16:05:00,PT5M,41.377,76.7215,59.9791,22.7749,6.0325
258,258,135,197,32,0.14,49.5,6.2,225,2026-09-23 16:10:00,PT5M,39.564,74.193,57.7895,21.3385,4.935
244,244,129,188,32,0.14,50.0,6.2,225,2026-09-23 16:15:00,PT5M,37.686,71.552,55.5099,19.8621,3.82
230,230,122,180,32,0.14,50.5,6.2,225,2026-09-23 16:20:00,PT5M,35.465,67.3645,52.2539,18.6761,3.5655
216,216,114,171,32,0.14,51.0,6.2,225,2026-09-23 16:25:00,PT5M,33.075,62.781,48.7095,17.4405,3.369
202,202,107,162,32,0.14,51.5,6.2,224,2026-09-23 16:30:00,PT5M,30.642,58.1425,45.1157,16.1683,3.1415
188,188,98,153,32,0.14,52.0,6.1,224,2026-09-23 16:35:00,PT5M,28.275,53.6545,41.6324,14.9176,2.8955
174,174,89,144,32,0.14,52.5,6.1,224,2026-09-23 16:40:00,PT5M,25.727,49.0155,37.9839,13.4701,2.4385
159,160,78,135,31,0.14,53.0,6.1,224,2026-09-23 16:45:00,PT5M,23.183,44.3895,34.3441,12.0219,1.9765
145,146,68,126,31,0.14,53.6,6.1,224,2026-09-23 16:50:00,PT5M,20.675,39.8205,30.7514,10.5986,1.5295
132,132,56,116,31,0.14,54.1,6.1,223,2026-09-23 16:55:00,PT5M,18.232,35.353,27.2429,9.2211,1.111
118,118,43,107,31,0.14,54.6,6.1,223,2026-09-23 17:00:00,PT5M,15.811,30.975,23.7919,7.8301,0.647
104,104,26,98,31,0.14,55.2,6.1,223,2026-09-23 17:05:00,PT5M,13.355,26.665,20.3601,6.3499,0.045
90,90,10,88,31,0.14,55.7,6.1,223,2026-09-23 17:10:00,PT5M,11.044,22.5785,17.1147,4.9733,0.0
77,77,0,77,31,0.14,56.3,6.1,222,2026-09-23 17:15:00,PT5M,9.049,18.842,14.2031,3.8949,0.0
65,65,0,65,30,0.14,56.8,6.0,222,2026-09-23 17:20:00,PT5M,7.579,15.6485,11.826,3.332,0.0
53,53,0,53,30,0.14,57.4,6.0,222,2026-09-23 17:25:00,PT5M,6.18,12.572,9.5442,2.8158,0.0
42,43,0,43,30,0.14,58.0,6.0,222,2026-09-23 17:30:00,PT5M,4.771,9.595,7.3099,2.2321,0.0
33,33,0,33,30,0.14,58.4,6.0,222,2026-09-23 17:35:00,PT5M,3.545,6.9755,5.3505,1.7395,0.1145
24,24,0,24,30,0.14,58.7,6.0,222,2026-09-23 17:40:00,PT5M,2.484,4.7605,3.6821,1.2859,0.2075
16,17,0,17,30,0.14,59.0,5.9,222,2026-09-23 17:45:00,PT5M,1.5,2.838,2.2042,0.7958,0.162
10,10,0,10,30,0.14,59.2,5.9,222,2026-09-23 17:50:00,PT5M,0.597,1.2065,0.9178,0.2762,0.0
4,4,0,4,30,0.14,59.5,5.8,222,2026-09-23 17:55:00,PT5M,0.0,0.012,0.0063,0.0,0.0
0,0,0,0,30,0.14,59.8,5.8,222,2026-09-23 18:00:00,PT5M,0.0,0.0,0.0,0.0,0.0
0,0,0,0,30,0.14,60.1,5.7,222,2026-09-23 18:05:00,PT5M,0.0,0.0,0.0,0.0,0.0
0,0,0,0,30,0.14,60.4,5.7,222,2026-09-23 18:10:00,PT5M,0.0,0.0,0.0,0.0,0.0
0,0,0,0,30,0.14,60.7,5.6,223,2026-09-23 18:15:00,PT5M,0.0,0.0,0.0,0.0,0.0
0,0,0,0,29,0.14,61.0,5.6,223,2026-09-23 18:20:00,PT5M,0.0,0.0,0.0,0.0,0.0
0,0,0,0,29,0.14,61.3,5.5,223,2026-09-23 18:25:00,PT5M,0.0,0.0,0.0,0.0,0.0
0,0,0,0,29,0.14,61.6,5.5,223,2026-09-23 18:30:00,PT5M,0.0,0.0,0.0,0.0,0.0
0,0,0,0,29,0.14,61.9,5.4,223,2026-09-23 18:35:00,PT5M,0.0,0.0,0.0,0.0,0.0
0,0,0,0,29,0.14,62.2,5.4,223,2026-09-23 18:40:00,PT5M,0.0,0.0,0.0,0.0,0.0
0,0,0,0,29,0.14,62.5,5.4,223,2026-09-23 18:45:00,PT5M,0.0,0.0,0.0,0.0,0.0
0,0,0,0,29,0.14,62.8,5.3,223,2026-09-23 18:50:00,PT5M,0.0,0.0,0.0,0.0,0.0
0,0,0,0,29,0.14,63.1,5.3,224,2026-09-23 18:55:00,PT5M,0.0,0.0,0.0,0.0,0.0
0,0,0,0,29,0.14,63.4,5.2,224,2026-09-23 19:00:00,PT5M,0.0,0.0,0.0,0.0,0.0
0,0,0,0,29,0.14,63.7,5.2,224,2026-09-23 19:05:00,PT5M,0.0,0.0,0.0,0.0,0.0
0,0,0,0,29,0.14,64.0,5.1,224,2026-09-23 19:10:00,PT5M,0.0,0.0,0.0,0.0,0.0
0,0,0,0,29,0.14,64.3,5.1,224,2026-09-23 19:15:00,PT5M,0.0,0.0,0.0,0.0,0.0
0,0,0,0,29,0.14,64.7,5.0,224,2026-09-23 19:20:00,PT5M,0.0,0.0,0.0,0.0,0.0
0,0,0,0,29,0.14,65.0,5.0,224,2026-09-23 19:25:00,PT5M,0.0,0.0,0.0,0.0,0.0
0,0,0,0,28,0.14,65.3,4.9,225,2026-09-23 19:30:00,PT5M,0.0,0.0,0.0,0.0,0.0
0,0,0,0,28,0.14,65.6,4.9,225,2026-09-23 19:35:00,PT5M,0.0,0.0,0.0,0.0,0.0
0,0,0,0,28,0.14,65.9,4.9,225,2026-09-23 19:40:00,PT5M,0.0,0.0,0.0,0.0,0.0
0,0,0,0,28,0.14,66.2,4.8,225,2026-09-23 19:45:00,PT5M,0.0,0.0,0.0,0.0,0.0
0,0,0,0,28,0.14,66.6,4.8,225,2026-09-23 19:50:00,PT5M,0.0,0.0,0.0,0.0,0.0
0,0,0,0,28,0.14,66.9,4.7,225,2026-09-23 19:55:00,PT5M,0.0,0.0,0.0,0.0,0.0
0,0,0,0,28,0.14,67.2,4.7,226,2026-09-23 20:00:00,PT5M,0.0,0.0,0.0,0.0,0.0
0,0,0,0,28,0.14,67.6,4.6,226,2026-09-23 20:05:00,PT5M,0.0,0.0,0.0,0.0,0.0
0,0,0,0,28,0.14,67.9,4.6,226,2026-09-23 20:10:00,PT5M,0.0,0.0,0.0,0.0,0.0
0,0,0,0,28,0.14,68.2,4.5,226,2026-09-23 20:15:00,PT5M,0.0,0.0,0.0,0.0,0.0
0,0,0,0,28,0.14,68.6,4.5,226,2026-09-23 20:20:00,PT5M,0.0,0.0,0.0,0.0,0.0
0,0,0,0,28,0.14,68.9,4.5,227,2026-09-23 20:25:00,PT5M,0.0,0.0,0.0,0.0,0.0
0,0,0,0,28,0.14,69.2,4.4,227,2026-09-23 20:30:00,PT5M,0.0,0.0,0.0,0.0,0.0
0,0,0,0,28,0.14,69.5,4.4,227,2026-09-23 20:35:00,PT5M,0.0,0.0,0.0,0.0,0.0
0,0,0,0,28,0.14,69.6,4.4,227,2026-09-23 20:40:00,PT5M,0.0,0.0,0.0,0.0,0.0
0,0,0,0,27,0.14,69.7,4.4,227,2026-09-23 20:45:00,PT5M,0.0,0.0,0.0,0.0,0.0
0,0,0,0,27,0.14,69.8,4.4,227,2026-09-23 20:50:00,PT5M,0.0,0.0,0.0,0.0,0.0
0,0,0,0,27,0.14,69.9,4.3,227,2026-09-23 20:55:00,PT5M,0.0,0.0,0.0,0.0,0.0
0,0,0,0,27,0.14,70.0,4.3,228,2026-09-23 21:00:00,PT5M,0.0,0.0,0.0,0.0,0.0
0,0,0,0,27,0.14,70.1,4.3,228,2026-09-23 21:05:00,PT5M,0.0,0.0,0.0,0.0,0.0
0,0,0,0,27,0.14,70.3,4.3,228,2026-09-23 21:10:00,PT5M,0.0,0.0,0.0,0.0,0.0
0,0,0,0,27,0.14,70.4,4.3,228,2026-09-23 21:15:00,PT5M,0.0,0.0,0.0,0.0,0.0
0,0,0,0,27,0.14,70.5,4.3,228,2026-09-23 21:20:00,PT5M,0.0,0.0,0.0,0.0,0.0
0,0,0,0,27,0.14,70.6,4.3,228,2026-09-23 21:25:00,PT5M,0.0,0.0,0.0,0.0,0.0
0,0,0,0,27,0.14,70.7,4.3,228,2026-09-23 21:30:00,PT5M,0.0,0.0,0.0,0.0,0.0
0,0,0,0,27,0.14,70.8,4.3,229,2026-09-23 21:35:00,PT5M,0.0,0.0,0.0,0.0,0.0
0,0,0,0,27,0.14,70.9,4.3,229,2026-09-23 21:40:00,PT5M,0.0,0.0,0.0,0.0,0.0
0,0,0,0,27,0.14,71.1,4.3,229,2026-09-23 21:45:00,PT5M,0.0,0.0,0.0,0.0,0.0
0,0,0,0,27,0.14,71.2,4.2,229,2026-09-23 21:50:00,PT5M,0.0,0.0,0.0,0.0,0.0
0,0,0,0,27,0.14,71.3,4.2,229,2026-09-23 21:55:00,PT5M,0.0,0.0,0.0,0.0,0.0
0,0,0,0,27,0.14,71.4,4.2,229,2026-09-23 22:00:00,PT5M,0.0,0.0,0.0,0.0,0.0
0,0,0,0,27,0.14,71.5,4.2,229,2026-09-23 22:05:00,PT5M,0.0,0.0,0.0,0.0,0.0
0,0,0,0,27,0.14,71.6,4.2,230,2026-09-23 22:10:00,PT5M,0.0,0.0,0.0,0.0,0.0
0,0,0,0,27,0.14,71.8,4.2,230,2026-09-23 22:15:00,PT5M,0.0,0.0,0.0,0.0,0.0
0,0,0,0,27,0.14,71.9,4.2,230,2026-09-23 22:20:00,PT5M,0.0,0.0,0.0,0.0,0.0
0,0,0,0,27,0.14,72.0,4.2,230,2026-09-23 22:25:00,PT5M,0.0,0.0,0.0,0.0,0.0
0,0,0,0,27,0.14,72.1,4.2,230,2026-09-23 22:30:00,PT5M,0.0,0.0,0.0,0.0,0.0
0,0,0,0,27,0.14,72.2,4.2,230,2026-09-23 22:35:00,PT5M,0.0,0.0,0.0,0.0,0.0
0,0,0,0,27,0.14,72.3,4.2,230,2026-09-23 22:40:00,PT5M,0.0,0.0,0.0,0.0,0.0
0,0,0,0,27,0.14,72.5,4.1,231,2026-09-23 22:45:00,PT5M,0.0,0.0,0.0,0.0,0.0
0,0,0,0,27,0.14,72.6,4.1,231,2026-09-23 22:50:00,PT5M,0.0,0.0,0.0,0.0,0.0
0,0,0,0,27,0.14,72.7,4.1,231,2026-09-23 22:55:00,PT5M,0.0,0.0,0.0,0.0,0.0
0,0,0,0,27,0.14,72.8,4.1,231,2026-09-23 23:00:00,PT5M,0.0,0.0,0.0,0.0,0.0
0,0,0,0,27,0.14,72.9,4.1,231,2026-09-23 23:05:00,PT5M,0.0,0.0,0.0,0.0,0.0
0,0,0,0,27,0.14,73.1,4.1,231,2026-09-23 23:10:00,PT5M,0.0,0.0,0.0,0.0,0.0
0,0,0,0,27,0.14,73.2,4.1,231,2026-09-23 23:15:00,PT5M,0.0,0.0,0.0,0.0,0.0
0,0,0,0,27,0.14,73.3,4.1,232,2026-09-23 23:20:00,PT5M,0.0,0.0,0.0,0.0,0.0
0,0,0,0,27,0.14,73.4,4.1,232,2026-09-23 23:25:00,PT5M,0.0,0.0,0.0,0.0,0.0
0,0,0,0,27,0.14,73.5,4.1,232,2026-09-23 23:30:00,PT5M,0.0,0.0,0.0,0.0,0.0
0,0,0,0,27,0.14,73.6,4.1,232,2026-09-23 23:35:00,PT5M,0.0,0.0,0.0,0.0,0.0
0,0,0,0,27,0.14,73.7,4.1,232,2026-09-23 23:40:00,PT5M,0.0,0.0,0.0,0.0,0.0
0,0,0,0,27,0.14,73.8,4.0,231,2026-09-23 23:45:00,PT5M,0.0,0.0,0.0,0.0,0.0
0,0,0,0,26,0.14,73.8,4.0,231,2026-09-23 23:50:00,PT5M,0.0,0.0,0.0,0.0,0.0
0,0,0,0,26,0.14,73.9,4.0,231,2026-09-23 23:55:00,PT5M,0.0,0.0,0.0,0.0,0.0
0,0,0,0,26,0.14,73.9,4.0,231,2026-09-24 00:00:00,PT5M,0.0,0.0,0.0,0.0,0.0
0,0,0,0,26,0.14,74.0,4.0,230,2026-09-24 00:05:00,PT5M,0.0,0.0,0.0,0.0,0.0
0,0,0,0,26,0.14,74.0,4.0,230,2026-09-24 00:10:00,PT5M,0.0,0.0,0.0,0.0,0.0
0,0,0,0,26,0.14,74.1,4.0,230,2026-09-24 00:15:00,PT5M,0.0,0.0,0.0,0.0,0.0
0,0,0,0,26,0.14,74.2,4.0,229,2026-09-24 00:20:00,PT5M,0.0,0.0,0.0,0.0,0.0
0,0,0,0,26,0.14,74.2,4.0,229,2026-09-24 00:25:00,PT5M,0.0,0.0,0.0,0.0,0.0
0,0,0,0,26,0.14,74.3,4.0,229,2026-09-24 00:30:00,PT5M,0.0,0.0,0.0,0.0,0.0
0,0,0,0,26,0.14,74.3,4.0,229,2026-09-24 00:35:00,PT5M,0.0,0.0,0.0,0.0,0.0
0,0,0,0,26,0.14,74.4,4.0,228,2026-09-24 00:40:00,PT5M,0.0,0.0,0.0,0.0,0.0
0,0,0,0,26,0.14,74.5,4.0,228,2026-09-24 00:45:00,PT5M,0.0,0.0,0.0,0.0,0.0
0,0,0,0,26,0.14,74.5,4.0,228,2026-09-24 00:50:00,PT5M,0.0,0.0,0.0,0.0,0.0
0,0,0,0,26,0.14,74.6,4.0,227,2026-09-24 00:55:00,PT5M,0.0,0.0,0.0,0.0,0.0
0,0,0,0,26,0.14,74.6,4.0,227,2026-09-24 01:00:00,PT5M,0.0,0.0,0.0,0.0,0.0
0,0,0,0,26,0.14,74.7,4.0,227,2026-09-24 01:05:00,PT5M,0.0,0.0,0.0,0.0,0.0
0,0,0,0,26,0.14,74.8,4.0,227,2026-09-24 01:10:00,PT5M,0.0,0.0,0.0,0.0,0.0
0,0,0,0,26,0.14,74.8,4.0,226,2026-09-24 01:15:00,PT5M,0.0,0.0,0.0,0.0,0.0
0,0,0,0,26,0.14,74.9,3.9,226,2026-09-24 01:20:00,PT5M,0.0,0.0,0.0,0.0,0.0
0,0,0,0,26,0.14,75.0,3.9,226,2026-09-24 01:25:00,PT5M,0.0,0.0,0.0,0.0,0.0
0,0,0,0,26,0.14,75.0,3.9,225,2026-09-24 01:30:00,PT5M,0.0,0.0,0.0,0.0,0.0
0,0,0,0,26,0.14,75.1,3.9,225,2026-09-24 01:35:00,PT5M,0.0,0.0,0.0,0.0,0.0
0,0,0,0,26,0.14,75.1,3.9,225,2026-09-24 01:40:00,PT5M,0.0,0.0,0.0,0.0,0.0
0,0,0,0,26,0.14,75.2,3.9,225,2026-09-24 01:45:00,PT5M,0.0,0.0,0.0,0.0,0.0
0,0,0,0,26,0.14,75.3,3.9,224,2026-09-24 01:50:00,PT5M,0.0,0.0,0.0,0.0,0.0
0,0,0,0,26,0.14,75.3,3.9,224,2026-09-24 01:55:00,PT5M,0.0,0.0,0.0,0.0,0.0
0,0,0,0,26,0.14,75.4,3.9,224,2026-09-24 02:00:00,PT5M,0.0,0.0,0.0,0.0,0.0
0,0,0,0,26,0.14,75.4,3.9,223,2026-09-24 02:05:00,PT5M,0.0,0.0,0.0,0.0,0.0
0,0,0,0,26,0.14,75.5,3.9,223,2026-09-24 02:10:00,PT5M,0.0,0.0,0.0,0.0,0.0
0,0,0,0,26,0.14,75.6,3.9,223,2026-09-24 02:15:00,PT5M,0.0,0.0,0.0,0.0,0.0
0,0,0,0,26,0.14,75.6,3.9,223,2026-09-24 02:20:00,PT5M,0.0,0.0,0.0,0.0,0.0
0,0,0,0,26,0.14,75.7,3.9,222,2026-09-24 02:25:00,PT5M,0.0,0.0,0.0,0.0,0.0
0,0,0,0,26,0.14,75.7,3.9,222,2026-09-24 02:30:00,PT5M,0.0,0.0,0.0,0.0,0.0
0,0,0,0,26,0.14,75.8,3.9,222,2026-09-24 02:35:00,PT5M,0.0,0.0,0.0,0.0,0.0
0,0,0,0,26,0.14,75.9,3.9,222,2026-09-24 02:40:00,PT5M,0.0,0.0,0.0,0.0,0.0
0,0,0,0,26,0.14,75.9,3.9,222,2026-09-24 02:45:00,PT5M,0.0,0.0,0.0,0.0,0.0
0,0,0,0,26,0.14,76.0,3.9,222,2026-09-24 02:50:00,PT5M,0.0,0.0,0.0,0.0,0.0
0,0,0,0,26,0.14,76.0,3.9,222,2026-09-24 02:55:00,PT5M,0.0,0.0,0.0,0.0,0.0
0,0,0,0,26,0.14,76.1,3.9,222,2026-09-24 03:00:00,PT5M,0.0,0.0,0.0,0.0,0.0
0,0,0,0,26,0.14,76.1,3.9,222,2026-09-24 03:05:00,PT5M,0.0,0.0,0.0,0.0,0.0
0,0,0,0,26,0.14,76.2,3.9,222,2026-09-24 03:10:00,PT5M,0.0,0.0,0.0,0.0,0.0
0,0,0,0,26,0.14,76.2,3.9,222,2026-09-24 03:15:00,PT5M,0.0,0.0,0.0,0.0,0.0
0,0,0,0,26,0.14,76.3,4.0,222,2026-09-24 03:20:00,PT5M,0.0,0.0,0.0,0.0,0.0
0,0,0,0,26,0.14,76.3,4.0,222,2026-09-24 03:25:00,PT5M,0.0,0.0,0.0,0.0,0.0
0,0,0,0,26,0.14,76.4,4.0,222,2026-09-24 03:30:00,PT5M,0.0,0.0,0.0,0.0,0.0
0,0,0,0,26,0.14,76.4,4.0,222,2026-09-24 03:35:00,PT5M,0.0,0.0,0.0,0.0,0.0
0,0,0,0,26,0.14,76.5,4.0,222,2026-09-24 03:40:00,PT5M,0.0,0.0,0.0,0.0,0.0
0,0,0,0,26,0.14,76.5,4.0,222,2026-09-24 03:45:00,PT5M,0.0,0.0,0.0,0.0,0.0
0,0,0,0,26,0.14,76.6,4.0,222,2026-09-24 03:50:00,PT5M,0.0,0.0,0.0,0.0,0.0
0,0,0,0,26,0.14,76.6,4.0,221,2026-09-24 03:55:00,PT5M,0.0,0.0,0.0,0.0,0.0
0,0,0,0,26,0.14,76.7,4.0,221,2026-09-24 04:00:00,PT5M,0.0,0.0,0.0,0.0,0.0
0,0,0,0,26,0.14,76.7,4.0,221,2026-09-24 04:05:00,PT5M,0.0,0.0,0.0,0.0,0.0
0,0,0,0,26,0.14,76.8,4.0,221,2026-09-24 04:10:00,PT5M,0.0,0.0,0.0,0.0,0.0
0,0,0,0,26,0.14,76.8,4.0,221,2026-09-24 04:15:00,PT5M,0.0,0.0,0.0,0.0,0.0
0,0,0,0,26,0.14,76.9,4.0,221,2026-09-24 04:20:00,PT5M,0.0,0.0,0.0,0.0,0.0
0,0,0,0,26,0.14,76.9,4.0,221,2026-09-24 04:25:00,PT5M,0.0,0.0,0.0,0.0,0.0
0,0,0,0,26,0.14,77.0,4.0,221,2026-09-24 04:30:00,PT5M,0.0,0.0,0.0,0.0,0.0
0,0,0,0,26,0.14,77.0,4.0,221,2026-09-24 04:35:00,PT5M,0.0,0.0,0.0,0.0,0.0
0,0,0,0,26,0.14,77.1,4.0,221,2026-09-24 04:40:00,PT5M,0.0,0.0,0.0,0.0,0.0
0,0,0,0,26,0.14,77.1,4.1,221,2026-09-24 04:45:00,PT5M,0.0,0.0,0.0,0.0,0.0
0,0,0,0,26,0.14,77.2,4.1,221,2026-09-24 04:50:00,PT5M,0.0,0.0,0.0,0.0,0.0
0,0,0,0,26,0.14,77.2,4.1,221,2026-09-24 04:55:00,PT5M,0.0,0.0,0.0,0.0,0.0
0,0,0,0,26,0.14,77.3,4.1,221,2026-09-24 05:00:00,PT5M,0.0,0.0,0.0,0.0,0.0
0,0,0,0,26,0.14,77.3,4.1,221,2026-09-24 05:05:00,PT5M,0.0,0.0,0.0,0.0,0.0
0,0,0,0,26,0.14,77.4,4.1,221,2026-09-24 05:10:00,PT5M,0.0,0.0,0.0,0.0,0.0
0,0,0,0,25,0.14,77.4,4.1,221,2026-09-24 05:15:00,PT5M,0.0,0.0,0.0,0.0,0.0
0,0,0,0,25,0.14,77.5,4.1,221,2026-09-24 05:20:00,PT5M,0.0,0.0,0.0,0.0,0.0
0,0,0,0,25,0.14,77.5,4.1,221,2026-09-24 05:25:00,PT5M,0.0,0.0,0.0,0.0,0.0
0,0,0,0,25,0.14,77.6,4.1,221,2026-09-24 05:30:00,PT5M,0.0,0.0,0.0,0.0,0.0
0,0,0,0,26,0.14,77.3,4.1,221,2026-09-24 05:35:00,PT5M,0.0,0.0,0.0,0.0,0.0
0,0,0,0,26,0.14,76.7,4.2,222,2026-09-24 05:40:00,PT5M,0.0,0.0,0.0,0.0,0.0
0,0,0,0,26,0.14,76.1,4.2,222,2026-09-24 05:45:00,PT5M,0.0,0.0,0.0,0.0,0.0
0,0,0,0,26,0.14,75.6,4.2,222,2026-09-24 05:50:00,PT5M,0.0,0.0,0.0,0.0,0.0
0,0,0,0,26,0.14,75.0,4.2,223,2026-09-24 05:55:00,PT5M,0.0,0.0,0.0,0.0,0.0
1,1,0,1,26,0.14,74.4,4.3,223,2026-09-24 06:00:00,PT5M,0.0,0.0,0.0,0.0,0.0
7,7,0,7,26,0.14,73.9,4.3,223,2026-09-24 06:05:00,PT5M,0.241,0.526,0.391,0.091,0.0
14,14,0,14,26,0.14,73.3,4.3,224,2026-09-24 06:10:00,PT5M,1.261,2.164,1.7363,0.7857,0.358
24,24,0,24,27,0.14,72.8,4.4,224,2026-09-24 06:15:00,PT5M,2.477,3.9035,3.2278,1.7262,1.0505
35,35,0,35,27,0.14,72.2,4.4,224,2026-09-24 06:20:00,PT5M,3.893,6.108,5.0588,2.7272,1.678
48,48,31,45,27,0.14,71.7,4.4,225,2026-09-24 06:25:00,PT5M,6.048,9.2025,7.7082,4.3878,2.8935
63,63,84,52,27,0.14,71.1,4.5,225,2026-09-24 06:30:00,PT5M,9.347,13.6215,11.5967,7.0973,5.0725
80,80,132,59,27,0.14,70.6,4.5,225,2026-09-24 06:35:00,PT5M,13.022,19.974,16.6809,9.3631,6.07
95,95,163,66,27,0.14,70.1,4.5,225,2026-09-24 06:40:00,PT5M,16.347,24.9105,20.854,11.84,7.7835
112,112,192,73,27,0.14,69.5,4.6,226,2026-09-24 06:45:00,PT5M,19.889,30.048,25.2358,14.5422,9.73
129,129,221,80,27,0.14,69.0,4.6,226,2026-09-24 06:50:00,PT5M,23.649,35.3915,29.8292,17.4688,11.9065
147,147,249,86,28,0.14,68.5,4.6,226,2026-09-24 06:55:00,PT5M,27.517,40.8995,34.5603,20.4737,14.1345
165,164,274,92,28,0.14,68.0,4.7,227,2026-09-24 07:00:00,PT5M,31.54,46.651,39.493,23.587,16.429
182,182,293,99,28,0.14,67.5,4.7,227,2026-09-24 07:05:00,PT5M,35.444,52.418,44.3775,26.5105,18.47
200,200,311,105,28,0.14,67.0,4.7,227,2026-09-24 07:10:00,PT5M,39.553,58.4785,49.5136,29.5924,20.6275
218,218,328,111,28,0.14,66.5,4.7,227,2026-09-24 07:15:00,PT5M,43.688,64.596,54.692,32.684,22.78
237,236,344,117,28,0.14,66.0,4.8,228,2026-09-24 07:20:00,PT5M,47.836,70.7945,59.9192,35.7528,24.8775
255,254,359,123,28,0.14,65.5,4.8,228,2026-09-24 07:25:00,PT5M,51.983,76.9575,65.1273,38.8387,27.0085
273,272,373,128,28,0.14,65.0,4.8,228,2026-09-24 07:30:00,PT5M,56.128,83.131,70.3399,41.9161,29.125
292,291,386,134,29,0.14,64.5,4.9,228,2026-09-24 07:35:00,PT5M,60.276,89.3445,75.575,44.977,31.2075
310,309,398,139,29,0.14,64.1,4.9,229,2026-09-24 07:40:00,PT5M,64.473,95.7035,80.9098,48.0362,33.2425
328,327,411,144,29,0.14,63.6,4.9,229,2026-09-24 07:45:00,PT5M,67.288,99.6655,84.3285,50.2475,34.9105
346,345,422,149,29,0.14,63.1,5.0,229,2026-09-24 07:50:00,PT5M,69.369,100.0,86.7277,52.0103,36.387
365,363,433,154,29,0.14,62.7,5.0,229,2026-09-24 07:55:00,PT5M,71.352,100.0,89.0041,53.6999,37.8125
383,381,443,158,29,0.14,62.2,5.0,230,2026-09-24 08:00:00,PT5M,73.228,100.0,91.1467,55.3093,39.182
401,399,453,163,29,0.14,61.7,5.1,230,2026-09-24 08:05:00,PT5M,75.015,100.0,93.175,56.855,40.5105
419,417,463,167,29,0.14,61.3,5.1,230,2026-09-24 08:10:00,PT5M,76.696,100.0,95.0665,58.3255,41.7915
436,434,473,171,30,0.14,60.8,5.1,230,2026-09-24 08:15:00,PT5M,78.233,100.0,96.7724,59.6936,43.0075
454,452,482,175,30,0.14,60.4,5.2,231,2026-09-24 08:20:00,PT5M,79.618,100.0,98.2809,60.9551,44.158
471,469,490,179,30,0.14,59.9,5.2,231,2026-09-24 08:25:00,PT5M,80.838,100.0,99.5716,62.1044,45.2435
488,486,498,182,30,0.14,59.5,5.2,231,2026-09-24 08:30:00,PT5M,81.972,100.0,100.0,63.1892,46.284
505,503,506,186,30,0.14,59.0,5.3,231,2026-09-24 08:35:00,PT5M,83.105,100.0,100.0,64.3043,47.383
522,520,515,188,30,0.14,58.3,5.3,231,2026-09-24 08:40:00,PT5M,84.244,100.0,100.0,65.4546,48.5435
539,537,524,191,30,0.14,57.7,5.3,231,2026-09-24 08:45:00,PT5M,85.319,100.0,100.0,66.5514,49.66
556,553,532,194,30,0.14,57.0,5.3,231,2026-09-24 08:50:00,PT5M,86.339,100.0,100.0,67.603,50.74
572,570,540,196,31,0.14,56.4,5.3,232,2026-09-24 08:55:00,PT5M,87.309,100.0,100.0,68.5856,51.734
589,586,548,198,31,0.14,55.8,5.3,232,2026-09-24 09:00:00,PT5M,88.284,100.0,100.0,69.6114,52.8055
605,602,558,200,31,0.14,55.1,5.3,232,2026-09-24 09:05:00,PT5M,89.289,100.0,100.0,70.6822,53.9355
622,619,567,201,31,0.14,54.5,5.3,232,2026-09-24 09:10:00,PT5M,90.249,100.0,100.0,71.8554,55.3005
638,635,576,202,31,0.14,53.9,5.3,232,2026-09-24 09:15:00,PT5M,91.167,100.0,100.0,72.9949,56.6395
654,650,585,202,31,0.14,53.3,5.3,232,2026-09-24 09:20:00,PT5M,92.045,100.0,100.0,74.0916,57.933
669,666,594,203,32,0.14,52.7,5.3,232,2026-09-24 09:25:00,PT5M,92.886,100.0,100.0,75.1479,59.183
685,681,603,203,32,0.14,52.2,5.3,232,2026-09-24 09:30:00,PT5M,93.691,100.0,100.0,76.1647,60.3905
700,696,611,204,32,0.14,51.6,5.3,232,2026-09-24 09:35:00,PT5M,94.462,100.0,100.0,77.1349,61.54
714,710,620,204,32,0.14,51.0,5.3,232,2026-09-24 09:40:00,PT5M,95.201,100.0,100.0,78.0592,62.631
728,724,627,204,32,0.14,50.5,5.3,232,2026-09-24 09:45:00,PT5M,95.854,100.0,100.0,78.8885,63.619
742,738,634,204,32,0.14,49.9,5.3,232,2026-09-24 09:50:00,PT5M,96.471,100.0,100.0,79.6763,64.5605
755,751,641,204,32,0.14,49.4,5.3,232,2026-09-24 09:55:00,PT5M,97.062,100.0,100.0,80.4328,65.466
768,764,648,204,33,0.14,48.8,5.3,233,2026-09-24 10:00:00,PT5M,97.625,100.0,100.0,81.154,66.3295
780,776,654,204,33,0.14,48.3,5.4,233,2026-09-24 10:05:00,PT5M,98.152,100.0,100.0,81.8317,67.143
792,788,660,204,33,0.14,47.8,5.4,233,2026-09-24 10:10:00,PT5M,98.642,100.0,100.0,82.4657,67.9065
804,799,666,204,33,0.14,47.2,5.4,233,2026-09-24 10:15:00,PT5M,99.107,100.0,100.0,83.0691,68.6345
815,810,671,204,33,0.14,46.7,5.4,233,2026-09-24 10:20:00,PT5M,99.548,100.0,100.0,83.6425,69.327
826,821,677,204,33,0.14,46.2,5.4,233,2026-09-24 10:25:00,PT5M,99.968,100.0,100.0,84.1904,69.99
836,831,682,203,34,0.14,45.7,5.4,233,2026-09-24 10:30:00,PT5M,100.0,100.0,100.0,84.345,70.255
845,840,686,203,34,0.14,45.2,5.4,233,2026-09-24 10:35:00,PT5M,100.0,100.0,100.0,84.4629,70.479
854,849,689,204,34,0.14,44.7,5.4,233,2026-09-24 10:40:00,PT5M,100.0,100.0,100.0,84.5758,70.6935
861,856,692,204,34,0.14,44.2,5.4,233,2026-09-24 10:45:00,PT5M,100.0,100.0,100.0,84.6824,70.896
869,864,694,205,34,0.14,43.7,5.4,233,2026-09-24 10:50:00,PT5M,100.0,100.0,100.0,84.7808,71.083
876,871,696,205,34,0.14,43.3,5.4,233,2026-09-24 10:55:00,PT5M,100.0,100.0,100.0,84.8679,71.2485
882,877,699,206,34,0.14,42.8,5.4,233,2026-09-24 11:00:00,PT5M,100.0,100.0,100.0,84.9339,71.374
888,883,700,206,35,0.14,42.3,5.4,234,2026-09-24 11:05:00,PT5M,100.0,100.0,100.0,85.0097,71.518
894,888,702,207,35,0.14,41.9,5.4,234,2026-09-24 11:10:00,PT5M,100.0,100.0,100.0,85.0874,71.6655
898,893,703,207,35,0.14,41.4,5.4,234,2026-09-24 11:15:00,PT5M,100.0,100.0,100.0,85.1518,71.788
903,897,704,208,35,0.14,41.0,5.4,234,2026-09-24 11:20:00,PT5M,100.0,100.0,100.0,85.2042,71.8875
907,901,705,208,35,0.14,40.5,5.4,234,2026-09-24 11:25:00,PT5M,100.0,100.0,100.0,85.2489,71.9725
910,904,706,209,35,0.14,40.1,5.4,234,2026-09-24 11:30:00,PT5M,100.0,100.0,100.0,85.2868,72.0445
910,905,701,212,35,0.14,39.9,5.5,234,2026-09-24 11:35:00,PT5M,100.0,100.0,100.0,85.2742,72.0205
908,902,691,218,35,0.14,40.1,5.5,234,2026-09-24 11:40:00,PT5M,100.0,100.0,100.0,85.2102,71.899
905,899,681,224,35,0.14,40.2,5.5,233,2026-09-24 11:45:00,PT5M,100.0,100.0,100.0,85.1387,71.763
901,896,671,230,35,0.14,40.4,5.5,233,2026-09-24 11:50:00,PT5M,100.0,100.0,100.0,85.0597,71.613
897,892,661,236,35,0.14,40.5,5.5,233,2026-09-24 11:55:00,PT5M,99.943,100.0,100.0,84.9161,71.3915
892,887,650,241,35,0.14,40.6,5.6,233,2026-09-24 12:00:00,PT5M,99.455,100.0,100.0,84.3342,70.725
887,882,640,247,35,0.14,40.8,5.6,233,2026-09-24 12:05:00,PT5M,99.029,100.0,100.0,83.8077,70.108
881,876,629,252,35,0.14,40.9,5.6,232,2026-09-24 12:10:00,PT5M,98.583,100.0,100.0,83.2548,69.459
875,870,619,257,35,0.14,41.1,5.6,232,2026-09-24 12:15:00,PT5M,98.113,100.0,100.0,82.6717,68.774
868,863,609,261,35,0.14,41.2,5.7,232,2026-09-24 12:20:00,PT5M,97.618,100.0,100.0,82.0572,68.052
861,856,598,266,35,0.14,41.4,5.7,232,2026-09-24 12:25:00,PT5M,97.098,100.0,100.0,81.4114,67.293
853,849,588,270,35,0.14,41.5,5.7,231,2026-09-24 12:30:00,PT5M,96.554,100.0,100.0,80.7366,66.5005
844,840,576,275,35,0.14,41.7,5.7,231,2026-09-24 12:35:00,PT5M,95.928,100.0,100.0,79.9751,65.617
835,830,563,280,35,0.14,41.8,5.8,231,2026-09-24 12:40:00,PT5M,95.218,100.0,100.0,79.1241,64.639
825,821,550,285,35,0.14,41.9,5.8,231,2026-09-24 12:45:00,PT5M,94.481,100.0,100.0,78.24,63.6225
814,810,537,290,35,0.14,42.1,5.8,231,2026-09-24 12:50:00,PT5M,93.71,100.0,100.0,77.3084,62.5465
803,799,525,294,35,0.14,42.2,5.8,230,2026-09-24 12:55:00,PT5M,92.983,100.0,100.0,76.4188,61.5105
792,788,512,298,35,0.14,42.4,5.8,230,2026-09-24 13:00:00,PT5M,92.173,100.0,100.0,75.4562,60.4105
781,777,499,302,35,0.14,42.5,5.9,230,2026-09-24 13:05:00,PT5M,91.33,100.0,100.0,74.4579,59.2725
769,765,486,305,35,0.14,42.7,5.9,230,2026-09-24 13:10:00,PT5M,90.432,100.0,100.0,73.3883,58.0485
756,753,474,308,34,0.14,42.8,5.9,230,2026-09-24 13:15:00,PT5M,89.498,100.0,100.0,72.2772,56.778
744,740,461,311,34,0.14,43.0,5.9,230,2026-09-24 13:20:00,PT5M,88.527,100.0,100.0,71.1254,55.4635
731,728,448,314,34,0.14,43.1,6.0,229,2026-09-24 13:25:00,PT5M,87.521,100.0,100.0,69.936,54.109
718,715,436,316,34,0.14,43.3,6.0,229,2026-09-24 13:30:00,PT5M,86.48,100.0,100.0,68.71,52.7165
705,702,424,318,34,0.14,43.4,6.0,229,2026-09-24 13:35:00,PT5M,85.466,100.0,100.0,67.5192,51.3665
692,689,414,318,34,0.14,43.6,6.0,229,2026-09-24 13:40:00,PT5M,84.484,100.0,100.0,66.3685,50.064
679,677,403,319,34,0.14,43.7,6.1,229,2026-09-24 13:45:00,PT5M,83.467,100.0,100.0,65.1802,48.7215
666,664,393,319,34,0.14,43.9,6.1,228,2026-09-24 13:50:00,PT5M,82.413,100.0,100.0,63.9523,47.337
653,650,382,319,34,0.14,44.0,6.1,228,2026-09-24 13:55:00,PT5M,81.322,100.0,99.9593,62.6847,45.9105
639,637,372,318,34,0.14,44.2,6.1,228,2026-09-24 14:00:00,PT5M,80.193,100.0,99.0095,61.3765,44.441
625,623,362,317,34,0.14,44.4,6.2,228,2026-09-24 14:05:00,PT5M,79.036,100.0,98.0354,60.0366,42.9365
611,609,352,316,34,0.14,44.5,6.2,228,2026-09-24 14:10:00,PT5M,77.811,100.0,96.9946,58.6274,41.3615
597,595,342,314,34,0.14,44.7,6.2,228,2026-09-24 14:15:00,PT5M,76.598,100.0,95.9677,57.2283,39.795
583,581,332,312,34,0.14,44.8,6.2,227,2026-09-24 14:20:00,PT5M,75.309,100.0,94.8689,55.7491,38.1445
568,566,322,310,34,0.14,45.0,6.3,227,2026-09-24 14:25:00,PT5M,73.969,100.0,93.7213,54.2167,36.439
553,551,311,307,34,0.14,45.1,6.3,227,2026-09-24 14:30:00,PT5M,72.589,100.0,92.5345,52.6435,34.692
539,538,303,304,34,0.14,45.3,6.3,227,2026-09-24 14:35:00,PT5M,71.372,100.0,91.4959,51.2481,33.136
526,525,298,300,34,0.14,45.5,6.3,227,2026-09-24 14:40:00,PT5M,70.32,100.0,90.5626,50.0774,31.8585
513,512,292,295,34,0.14,45.6,6.3,227,2026-09-24 14:45:00,PT5M,69.231,100.0,89.4957,48.9663,30.7275
500,498,286,290,34,0.14,45.8,6.3,227,2026-09-24 14:50:00,PT5M,68.105,100.0,88.3855,47.8245,29.5715
486,485,280,285,33,0.14,46.0,6.3,227,2026-09-24 14:55:00,PT5M,66.94,100.0,87.2291,46.6509,28.39
473,472,275,280,33,0.14,46.1,6.3,227,2026-09-24 15:00:00,PT5M,65.801,100.0,86.0607,45.5413,27.307
459,458,269,275,33,0.14,46.3,6.3,226,2026-09-24 15:05:00,PT5M,64.627,100.0,84.8646,44.3894,26.175
445,444,263,270,33,0.14,46.5,6.3,226,2026-09-24 15:10:00,PT5M,63.37,100.0,83.5665,43.1735,24.996
431,430,256,264,33,0.14,46.7,6.3,226,2026-09-24 15:15:00,PT5M,62.063,100.0,82.2064,41.9196,23.79
417,416,249,258,33,0.14,46.8,6.3,226,2026-09-24 15:20:00,PT5M,60.693,98.843,80.7716,40.6144,22.543
403,402,242,253,33,0.14,47.0,6.3,226,2026-09-24 15:25:00,PT5M,59.262,97.2595,79.2604,39.2636,21.2645
388,387,235,247,33,0.14,47.2,6.2,226,2026-09-24 15:30:00,PT5M,57.766,95.5895,77.6728,37.8592,19.9425
373,373,227,241,33,0.14,47.4,6.2,226,2026-09-24 15:35:00,PT5M,56.183,93.7755,75.9682,36.3978,18.5905
358,357,217,235,33,0.14,47.6,6.2,226,2026-09-24 15:40:00,PT5M,54.399,91.6725,74.0163,34.7817,17.1255
342,342,208,228,33,0.14,47.7,6.2,226,2026-09-24 15:45:00,PT5M,52.522,89.371,71.9159,33.1281,15.673
327,326,198,222,33,0.14,47.9,6.2,226,2026-09-24 15:50:00,PT5M,50.55,86.8895,69.6757,31.4243,14.2105
311,311,188,215,33,0.14,48.1,6.2,226,2026-09-24 15:55:00,PT5M,48.488,84.237,67.303,29.673,12.739
295,295,177,208,33,0.14,48.3,6.2,226,2026-09-24 16:00:00,PT5M,46.34,81.429,64.8076,27.8724,11.251
280,280,167,201,33,0.14,48.5,6.2,226,2026-09-24 16:05:00,PT5M,44.171,78.567,62.2739,26.0681,9.775
265,264,158,193,32,0.14,48.6,6.2,226,2026-09-24 16:10:00,PT5M,41.991,75.6715,59.7173,24.2647,8.3105
249,249,148,185,32,0.14,48.8,6.2,225,2026-09-24 16:15:00,PT5M,39.749,72.6665,57.0737,22.4243,6.8315
234,234,138,177,32,0.14,49.0,6.2,225,2026-09-24 16:20:00,PT5M,37.023,67.8245,53.234,20.812,6.2215
219,219,127,169,32,0.14,49.2,6.2,225,2026-09-24 16:25:00,PT5M,34.21,62.841,49.2787,19.1413,5.579
204,204,117,160,32,0.14,49.4,6.2,225,2026-09-24 16:30:00,PT5M,31.403,57.877,45.3365,17.4695,4.929
189,189,106,151,32,0.14,49.6,6.2,225,2026-09-24 16:35:00,PT5M,28.669,53.047,41.4993,15.8387,4.291
174,174,95,143,32,0.14,49.8,6.2,225,2026-09-24 16:40:00,PT5M,26.126,48.4185,37.8587,14.3933,3.8335
160,160,84,134,32,0.14,49.9,6.2,225,2026-09-24 16:45:00,PT5M,23.464,43.688,34.108,12.82,3.24
146,146,72,125,32,0.14,50.1,6.2,225,2026-09-24 16:50:00,PT5M,20.852,39.0375,30.4232,11.2808,2.6665
131,132,60,115,32,0.14,50.3,6.2,225,2026-09-24 16:55:00,PT5M,18.317,34.509,26.839,9.795,2.125
117,117,45,106,32,0.14,50.5,6.2,225,2026-09-24 17:00:00,PT5M,15.785,30.061,23.2986,8.2714,1.509
103,103,28,97,32,0.14,50.7,6.2,225,2026-09-24 17:05:00,PT5M,13.282,25.7615,19.8501,6.7139,0.8025
89,89,11,87,32,0.14,50.9,6.2,225,2026-09-24 17:10:00,PT5M,10.925,21.6955,16.5936,5.2564,0.1545
76,76,0,76,32,0.14,51.1,6.2,225,2026-09-24 17:15:00,PT5M,8.907,18.0045,13.6951,4.1189,0.0
64,64,0,64,32,0.14,51.3,6.2,225,2026-09-24 17:20:00,PT5M,7.441,14.8855,11.3591,3.5229,0.0
52,52,0,52,31,0.14,51.5,6.2,224,2026-09-24 17:25:00,PT5M,6.034,11.883,9.1124,2.9556,0.185
42,42,0,42,31,0.14,51.7,6.2,224,2026-09-24 17:30:00,PT5M,4.629,8.972,6.9148,2.3432,0.286
32,32,0,32,31,0.14,52.0,6.1,224,2026-09-24 17:35:00,PT5M,3.407,6.4955,5.0325,1.7815,0.3185
23,23,0,23,31,0.14,52.4,6.1,224,2026-09-24 17:40:00,PT5M,2.334,4.355,3.3977,1.2703,0.313
15,15,0,15,31,0.14,52.8,6.1,224,2026-09-24 17:45:00,PT5M,1.354,2.5485,1.9827,0.7253,0.1595
9,9,0,9,31,0.14,53.2,6.1,224,2026-09-24 17:50:00,PT5M,0.468,0.9965,0.7462,0.1898,0.0
3,3,0,3,31,0.14,53.6,6.1,224,2026-09-24 17:55:00,PT5M,0.0,0.0,0.0,0.0,0.0
0,0,0,0,31,0.14,54.0,6.1,224,2026-09-24 18:00:00,PT5M,0.0,0.0,0.0,0.0,0.0
0,0,0,0,31,0.14,54.4,6.1,224,2026-09-24 18:05:00,PT5M,0.0,0.0,0.0,0.0,0.0
0,0,0,0,31,0.14,54.9,6.0,223,2026-09-24 18:10:00,PT5M,0.0,0.0,0.0,0.0,0.0
0,0,0,0,30,0.14,55.3,6.0,223,2026-09-24 18:15:00,PT5M,0.0,0.0,0.0,0.0,0.0
0,0,0,0,30,0.14,55.7,6.0,223,2026-09-24 18:20:00,PT5M,0.0,0.0,0.0,0.0,0.0
0,0,0,0,30,0.14,56.2,6.0,223,2026-09-24 18:25:00,PT5M,0.0,0.0,0.0,0.0,0.0
0,0,0,0,30,0.14,56.6,6.0,223,2026-09-24 18:30:00,PT5M,0.0,0.0,0.0,0.0,0.0
0,0,0,0,30,0.14,57.1,6.0,223,2026-09-24 18:35:00,PT5M,0.0,0.0,0.0,0.0,0.0
0,0,0,0,30,0.14,57.5,5.9,223,2026-09-24 18:40:00,PT5M,0.0,0.0,0.0,0.0,0.0
0,0,0,0,30,0.14,57.9,5.9,223,2026-09-24 18:45:00,PT5M,0.0,0.0,0.0,0.0,0.0
0,0,0,0,30,0.14,58.4,5.9,223,2026-09-24 18:50:00,PT5M,0.0,0.0,0.0,0.0,0.0
0,0,0,0,30,0.14,58.9,5.9,222,2026-09-24 18:55:00,PT5M,0.0,0.0,0.0,0.0,0.0
0,0,0,0,30,0.14,59.3,5.9,222,2026-09-24 19:00:00,PT5M,0.0,0.0,0.0,0.0,0.0
0,0,0,0,29,0.14,59.8,5.9,222,2026-09-24 19:05:00,PT5M,0.0,0.0,0.0,0.0,0.0
0,0,0,0,29,0.14,60.3,5.9,222,2026-09-24 19:10:00,PT5M,0.0,0.0,0.0,0.0,0.0
0,0,0,0,29,0.14,60.7,5.8,222,2026-09-24 19:15:00,PT5M,0.0,0.0,0.0,0.0,0.0
0,0,0,0,29,0.14,61.2,5.8,222,2026-09-24 19:20:00,PT5M,0.0,0.0,0.0,0.0,0.0
0,0,0,0,29,0.14,61.7,5.8,222,2026-09-24 19:25:00,PT5M,0.0,0.0,0.0,0.0,0.0
0,0,0,0,29,0.14,62.2,5.8,222,2026-09-24 19:30:00,PT5M,0.0,0.0,0.0,0.0,0.0
0,0,0,0,29,0.14,62.7,5.8,221,2026-09-24 19:35:00,PT5M,0.0,0.0,0.0,0.0,0.0
0,0,0,0,29,0.14,63.2,5.8,221,2026-09-24 19:40:00,PT5M,0.0,0.0,0.0,0.0,0.0
0,0,0,0,29,0.14,63.7,5.7,221,2026-09-24 19:45:00,PT5M,0.0,0.0,0.0,0.0,0.0
0,0,0,0,29,0.14,64.2,5.7,221,2026-09-24 19:50:00,PT5M,0.0,0.0,0.0,0.0,0.0
0,0,0,0,28,0.14,64.7,5.7,221,2026-09-24 19:55:00,PT5M,0.0,0.0,0.0,0.0,0.0
0,0,0,0,28,0.14,65.2,5.7,221,2026-09-24 20:00:00,PT5M,0.0,0.0,0.0,0.0,0.0
0,0,0,0,28,0.14,65.7,5.7,221,2026-09-24 20:05:00,PT5M,0.0,0.0,0.0,0.0,0.0
0,0,0,0,28,0.14,66.2,5.7,221,2026-09-24 20:10:00,PT5M,0.0,0.0,0.0,0.0,0.0
0,0,0,0,28,0.14,66.7,5.7,220,2026-09-24 20:15:00,PT5M,0.0,0.0,0.0,0.0,0.0
0,0,0,0,28,0.14,67.3,5.6,220,2026-09-24 20:20:00,PT5M,0.0,0.0,0.0,0.0,0.0
0,0,0,0,28,0.14,67.8,5.6,220,2026-09-24 20:25:00,PT5M,0.0,0.0,0.0,0.0,0.0
0,0,0,0,28,0.14,68.3,5.6,220,2026-09-24 20:30:00,PT5M,0.0,0.0,0.0,0.0,0.0
0,0,0,0,28,0.14,68.7,5.6,220,2026-09-24 20:35:00,PT5M,0.0,0.0,0.0,0.0,0.0
0,0,0,0,28,0.14,68.8,5.6,220,2026-09-24 20:40:00,PT5M,0.0,0.0,0.0,0.0,0.0
0,0,0,0,28,0.14,68.9,5.5,220,2026-09-24 20:45:00,PT5M,0.0,0.0,0.0,0.0,0.0
0,0,0,0,28,0.14,69.0,5.5,220,2026-09-24 20:50:00,PT5M,0.0,0.0,0.0,0.0,0.0
0,0,0,0,28,0.14,69.1,5.5,220,2026-09-24 20:55:00,PT5M,0.0,0.0,0.0,0.0,0.0
0,0,0,0,28,0.14,69.2,5.5,220,2026-09-24 21:00:00,PT5M,0.0,0.0,0.0,0.0,0.0
0,0,0,0,28,0.14,69.3,5.4,220,2026-09-24 21:05:00,PT5M,0.0,0.0,0.0,0.0,0.0
0,0,0,0,28,0.14,69.4,5.4,220,2026-09-24 21:10:00,PT5M,0.0,0.0,0.0,0.0,0.0
0,0,0,0,27,0.14,69.5,5.4,220,2026-09-24 21:15:00,PT5M,0.0,0.0,0.0,0.0,0.0
0,0,0,0,27,0.14,69.7,5.3,220,2026-09-24 21:20:00,PT5M,0.0,0.0,0.0,0.0,0.0
0,0,0,0,27,0.14,69.8,5.3,221,2026-09-24 21:25:00,PT5M,0.0,0.0,0.0,0.0,0.0
0,0,0,0,27,0.14,69.9,5.3,221,2026-09-24 21:30:00,PT5M,0.0,0.0,0.0,0.0,0.0
0,0,0,0,27,0.14,70.0,5.3,221,2026-09-24 21:35:00,PT5M,0.0,0.0,0.0,0.0,0.0
0,0,0,0,27,0.14,70.1,5.2,221,2026-09-24 21:40:00,PT5M,0.0,0.0,0.0,0.0,0.0
0,0,0,0,27,0.14,70.2,5.2,221,2026-09-24 21:45:00,PT5M,0.0,0.0,0.0,0.0,0.0
0,0,0,0,27,0.14,70.3,5.2,221,2026-09-24 21:50:00,PT5M,0.0,0.0,0.0,0.0,0.0
0,0,0,0,27,0.14,70.5,5.1,221,2026-09-24 21:55:00,PT5M,0.0,0.0,0.0,0.0,0.0
0,0,0,0,27,0.14,70.6,5.1,221,2026-09-24 22:00:00,PT5M,0.0,0.0,0.0,0.0,0.0
0,0,0,0,27,0.14,70.7,5.1,221,2026-09-24 22:05:00,PT5M,0.0,0.0,0.0,0.0,0.0
0,0,0,0,27,0.14,70.8,5.1,221,2026-09-24 22:10:00,PT5M,0.0,0.0,0.0,0.0,0.0
0,0,0,0,27,0.14,70.9,5.0,221,2026-09-24 22:15:00,PT5M,0.0,0.0,0.0,0.0,0.0
0,0,0,0,27,0.14,71.0,5.0,221,2026-09-24 22:20:00,PT5M,0.0,0.0,0.0,0.0,0.0
0,0,0,0,27,0.14,71.1,5.0,221,2026-09-24 22:25:00,PT5M,0.0,0.0,0.0,0.0,0.0
0,0,0,0,27,0.14,71.3,4.9,221,2026-09-24 22:30:00,PT5M,0.0,0.0,0.0,0.0,0.0
0,0,0,0,27,0.14,71.4,4.9,221,2026-09-24 22:35:00,PT5M,0.0,0.0,0.0,0.0,0.0
0,0,0,0,27,0.14,71.5,4.9,222,2026-09-24 22:40:00,PT5M,0.0,0.0,0.0,0.0,0.0
0,0,0,0,27,0.14,71.6,4.9,222,2026-09-24 22:45:00,PT5M,0.0,0.0,0.0,0.0,0.0
0,0,0,0,27,0.14,71.7,4.8,222,2026-09-24 22:50:00,PT5M,0.0,0.0,0.0,0.0,0.0
0,0,0,0,27,0.14,71.8,4.8,222,2026-09-24 22:55:00,PT5M,0.0,0.0,0.0,0.0,0.0
0,0,0,0,27,0.14,72.0,4.8,222,2026-09-24 23:00:00,PT5M,0.0,0.0,0.0,0.0,0.0
0,0,0,0,27,0.14,72.1,4.8,222,2026-09-24 23:05:00,PT5M,0.0,0.0,0.0,0.0,0.0
0,0,0,0,27,0.14,72.2,4.7,222,2026-09-24 23:10:00,PT5M,0.0,0.0,0.0,0.0,0.0
0,0,0,0,27,0.14,72.3,4.7,222,2026-09-24 23:15:00,PT5M,0.0,0.0,0.0,0.0,0.0
0,0,0,0,27,0.14,72.4,4.7,222,2026-09-24 23:20:00,PT5M,0.0,0.0,0.0,0.0,0.0
0,0,0,0,27,0.14,72.5,4.6,222,2026-09-24 23:25:00,PT5M,0.0,0.0,0.0,0.0,0.0
0,0,0,0,27,0.14,72.7,4.6,222,2026-09-24 23:30:00,PT5M,0.0,0.0,0.0,0.0,0.0
0,0,0,0,27,0.14,72.8,4.6,222,2026-09-24 23:35:00,PT5M,0.0,0.0,0.0,0.0,0.0
0,0,0,0,27,0.14,72.9,4.6,222,2026-09-24 23:40:00,PT5M,0.0,0.0,0.0,0.0,0.0
0,0,0,0,27,0.14,73.1,4.6,222,2026-09-24 23:45:00,PT5M,0.0,0.0,0.0,0.0,0.0
0,0,0,0,27,0.14,73.2,4.6,222,2026-09-24 23:50:00,PT5M,0.0,0.0,0.0,0.0,0.0
0,0,0,0,27,0.14,73.3,4.6,222,2026-09-24 23:55:00,PT5M,0.0,0.0,0.0,0.0,0.0
0,0,0,0,27,0.14,73.5,4.6,222,2026-09-25 00:00:00,PT5M,0.0,0.0,0.0,0.0,0.0
0,0,0,0,27,0.14,73.6,4.6,222,2026-09-25 00:05:00,PT5M,0.0,0.0,0.0,0.0,0.0
0,0,0,0,26,0.14,73.7,4.6,222,2026-09-25 00:10:00,PT5M,0.0,0.0,0.0,0.0,0.0
0,0,0,0,26,0.14,73.9,4.6,222,2026-09-25 00:15:00,PT5M,0.0,0.0,0.0,0.0,0.0
0,0,0,0,26,0.14,74.0,4.6,221,2026-09-25 00:20:00,PT5M,0.0,0.0,0.0,0.0,0.0
0,0,0,0,26,0.14,74.1,4.6,221,2026-09-25 00:25:00,PT5M,0.0,0.0,0.0,0.0,0.0
0,0,0,0,26,0.14,74.3,4.7,221,2026-09-25 00:30:00,PT5M,0.0,0.0,0.0,0.0,0.0
0,0,0,0,26,0.14,74.4,4.7,221,2026-09-25 00:35:00,PT5M,0.0,0.0,0.0,0.0,0.0
0,0,0,0,26,0.14,74.5,4.7,221,2026-09-25 00:40:00,PT5M,0.0,0.0,0.0,0.0,0.0
0,0,0,0,26,0.14,74.7,4.7,221,2026-09-25 00:45:00,PT5M,0.0,0.0,0.0,0.0,0.0
0,0,0,0,26,0.14,74.8,4.7,221,2026-09-25 00:50:00,PT5M,0.0,0.0,0.0,0.0,0.0
0,0,0,0,26,0.14,74.9,4.7,221,2026-09-25 00:55:00,PT5M,0.0,0.0,0.0,0.0,0.0
0,0,0,0,26,0.14,75.1,4.7,221,2026-09-25 01:00:00,PT5M,0.0,0.0,0.0,0.0,0.0
0,0,0,0,26,0.14,75.2,4.7,221,2026-09-25 01:05:00,PT5M,0.0,0.0,0.0,0.0,0.0
0,0,0,0,26,0.14,75.4,4.7,221,2026-09-25 01:10:00,PT5M,0.0,0.0,0.0,0.0,0.0
0,0,0,0,26,0.14,75.5,4.7,220,2026-09-25 01:15:00,PT5M,0.0,0.0,0.0,0.0,0.0
0,0,0,0,26,0.14,75.6,4.7,220,2026-09-25 01:20:00,PT5M,0.0,0.0,0.0,0.0,0.0
0,0,0,0,26,0.14,75.8,4.7,220,2026-09-25 01:25:00,PT5M,0.0,0.0,0.0,0.0,0.0
0,0,0,0,26,0.14,75.9,4.7,220,2026-09-25 01:30:00,PT5M,0.0,0.0,0.0,0.0,0.0
0,0,0,0,26,0.14,76.0,4.7,220,2026-09-25 01:35:00,PT5M,0.0,0.0,0.0,0.0,0.0
0,0,0,0,26,0.14,76.2,4.7,220,2026-09-25 01:40:00,PT5M,0.0,0.0,0.0,0.0,0.0
0,0,0,0,26,0.14,76.3,4.7,220,2026-09-25 01:45:00,PT5M,0.0,0.0,0.0,0.0,0.0
0,0,0,0,26,0.14,76.5,4.7,220,2026-09-25 01:50:00,PT5M,0.0,0.0,0.0,0.0,0.0
0,0,0,0,26,0.14,76.6,4.7,220,2026-09-25 01:55:00,PT5M,0.0,0.0,0.0,0.0,0.0
0,0,0,0,26,0.14,76.7,4.7,220,2026-09-25 02:00:00,PT5M,0.0,0.0,0.0,0.0,0.0
0,0,0,0,26,0.14,76.9,4.7,220,2026-09-25 02:05:00,PT5M,0.0,0.0,0.0,0.0,0.0
0,0,0,0,26,0.14,77.0,4.7,219,2026-09-25 02:10:00,PT5M,0.0,0.0,0.0,0.0,0.0
0,0,0,0,26,0.14,77.2,4.7,219,2026-09-25 02:15:00,PT5M,0.0,0.0,0.0,0.0,0.0
0,0,0,0,26,0.14,77.3,4.8,219,2026-09-25 02:20:00,PT5M,0.0,0.0,0.0,0.0,0.0
0,0,0,0,26,0.14,77.4,4.8,219,2026-09-25 02:25:00,PT5M,0.0,0.0,0.0,0.0,0.0
0,0,0,0,26,0.14,77.6,4.8,219,2026-09-25 02:30:00,PT5M,0.0,0.0,0.0,0.0,0.0
0,0,0,0,26,0.14,77.7,4.8,219,2026-09-25 02:35:00,PT5M,0.0,0.0,0.0,0.0,0.0
0,0,0,0,26,0.14,77.7,4.8,219,2026-09-25 02:40:00,PT5M,0.0,0.0,0.0,0.0,0.0
0,0,0,0,26,0.14,77.7,4.8,220,2026-09-25 02:45:00,PT5M,0.0,0.0,0.0,0.0,0.0
0,0,0,0,26,0.14,77.7,4.8,220,2026-09-25 02:50:00,PT5M,0.0,0.0,0.0,0.0,0.0
0,0,0,0,26,0.14,77.7,4.8,220,2026-09-25 02:55:00,PT5M,0.0,0.0,0.0,0.0,0.0
0,0,0,0,26,0.14,77.7,4.8,220,2026-09-25 03:00:00,PT5M,0.0,0.0,0.0,0.0,0.0
0,0,0,0,26,0.14,77.7,4.8,220,2026-09-25 03:05:00,PT5M,0.0,0.0,0.0,0.0,0.0
0,0,0,0,26,0.14,77.7,4.8,220,2026-09-25 03:10:00,PT5M,0.0,0.0,0.0,0.0,0.0
0,0,0,0,26,0.14,77.8,4.8,221,2026-09-25 03:15:00,PT5M,0.0,0.0,0.0,0.0,0.0
0,0,0,0,26,0.14,77.8,4.8,221,2026-09-25 03:20:00,PT5M,0.0,0.0,0.0,0.0,0.0
0,0,0,0,26,0.14,77.8,4.8,221,2026-09-25 03:25:00,PT5M,0.0,0.0,0.0,0.0,0.0
0,0,0,0,26,0.14,77.8,4.8,221,2026-09-25 03:30:00,PT5M,0.0,0.0,0.0,0.0,0.0
0,0,0,0,26,0.14,77.8,4.8,221,2026-09-25 03:35:00,PT5M,0.0,0.0,0.0,0.0,0.0
0,0,0,0,26,0.14,77.8,4.8,222,2026-09-25 03:40:00,PT5M,0.0,0.0,0.0,0.0,0.0
0,0,0,0,26,0.14,77.8,4.8,222,2026-09-25 03:45:00,PT5M,0.0,0.0,0.0,0.0,0.0
0,0,0,0,26,0.14,77.8,4.8,222,2026-09-25 03:50:00,PT5M,0.0,0.0,0.0,0.0,0.0
0,0,0,0,26,0.14,77.9,4.8,222,2026-09-25 03:55:00,PT5M,0.0,0.0,0.0,0.0,0.0
0,0,0,0,26,0.14,77.9,4.8,222,2026-09-25 04:00:00,PT5M,0.0,0.0,0.0,0.0,0.0
0,0,0,0,26,0.14,77.9,4.8,223,2026-09-25 04:05:00,PT5M,0.0,0.0,0.0,0.0,0.0
0,0,0,0,26,0.14,77.9,4.8,223,2026-09-25 04:10:00,PT5M,0.0,0.0,0.0,0.0,0.0
0,0,0,0,26,0.14,77.9,4.8,223,2026-09-25 04:15:00,PT5M,0.0,0.0,0.0,0.0,0.0
0,0,0,0,26,0.14,77.9,4.8,223,2026-09-25 04:20:00,PT5M,0.0,0.0,0.0,0.0,0.0
0,0,0,0,26,0.14,77.9,4.8,223,2026-09-25 04:25:00,PT5M,0.0,0.0,0.0,0.0,0.0
0,0,0,0,26,0.14,77.9,4.8,224,2026-09-25 04:30:00,PT5M,0.0,0.0,0.0,0.0,0.0
0,0,0,0,26,0.14,78.0,4.8,224,2026-09-25 04:35:00,PT5M,0.0,0.0,0.0,0.0,0.0
0,0,0,0,26,0.14,78.0,4.8,224,2026-09-25 04:40:00,PT5M,0.0,0.0,0.0,0.0,0.0
0,0,0,0,26,0.14,78.0,4.8,224,2026-09-25 04:45:00,PT5M,0.0,0.0,0.0,0.0,0.0
0,0,0,0,26,0.14,78.0,4.8,224,2026-09-25 04:50:00,PT5M,0.0,0.0,0.0,0.0,0.0
0,0,0,0,26,0.14,78.0,4.8,224,2026-09-25 04:55:00,PT5M,0.0,0.0,0.0,0.0,0.0
0,0,0,0,26,0.14,78.0,4.9,225,2026-09-25 05:00:00,PT5M,0.0,0.0,0.0,0.0,0.0
0,0,0,0,26,0.14,78.0,4.9,225,2026-09-25 05:05:00,PT5M,0.0,0.0,0.0,0.0,0.0
0,0,0,0,26,0.14,78.0,4.9,225,2026-09-25 05:10:00,PT5M,0.0,0.0,0.0,0.0,0.0
0,0,0,0,26,0.14,78.1,4.9,225,2026-09-25 05:15:00,PT5M,0.0,0.0,0.0,0.0,0.0
0,0,0,0,26,0.14,78.1,4.9,225,2026-09-25 05:20:00,PT5M,0.0,0.0,0.0,0.0,0.0
0,0,0,0,26,0.14,78.1,4.9,226,2026-09-25 05:25:00,PT5M,0.0,0.0,0.0,0.0,0.0
0,0,0,0,26,0.14,78.1,4.9,226,2026-09-25 05:30:00,PT5M,0.0,0.0,0.0,0.0,0.0
0,0,0,0,26,0.14,77.8,4.9,226,2026-09-25 05:35:00,PT5M,0.0,0.0,0.0,0.0,0.0
0,0,0,0,26,0.14,77.3,4.9,226,2026-09-25 05:40:00,PT5M,0.0,0.0,0.0,0.0,0.0
0,0,0,0,26,0.14,76.7,5.0,226,2026-09-25 05:45:00,PT5M,0.0,0.0,0.0,0.0,0.0
0,0,0,0,26,0.14,76.1,5.0,226,2026-09-25 05:50:00,PT5M,0.0,0.0,0.0,0.0,0.0
0,0,0,0,26,0.14,75.6,5.0,226,2026-09-25 05:55:00,PT5M,0.0,0.0,0.0,0.0,0.0
2,2,0,2,26,0.14,75.1,5.1,226,2026-09-25 06:00:00,PT5M,0.0,0.0,0.0,0.0,0.0
9,9,0,9,26,0.14,74.5,5.1,226,2026-09-25 06:05:00,PT5M,0.58,0.913,0.7553,0.4047,0.247
18,18,0,18,27,0.14,74.0,5.1,226,2026-09-25 06:10:00,PT5M,1.812,2.6235,2.2391,1.3849,1.0005
29,29,24,27,27,0.14,73.4,5.2,226,2026-09-25 06:15:00,PT5M,3.302,4.7945,4.0875,2.5165,1.8095
41,41,64,35,27,0.14,72.9,5.2,226,2026-09-25 06:20:00,PT5M,5.414,8.006,6.7782,4.0498,2.822
54,54,100,42,27,0.14,72.4,5.3,226,2026-09-25 06:25:00,PT5M,7.98,11.796,9.9884,5.9716,4.164
69,69,137,50,27,0.14,71.9,5.3,226,2026-09-25 06:30:00,PT5M,11.125,16.3975,13.9,8.35,5.8525
85,85,178,56,27,0.14,71.4,5.3,226,2026-09-25 06:35:00,PT5M,14.784,21.671,18.4087,11.1593,7.897
102,102,219,62,27,0.14,70.9,5.4,226,2026-09-25 06:40:00,PT5M,18.721,27.3065,23.2396,14.2024,10.1355
120,120,258,68,27,0.14,70.3,5.4,226,2026-09-25 06:45:00,PT5M,22.99,33.271,28.401,17.579,12.709
139,139,297,73,28,0.14,69.8,5.4,226,2026-09-25 06:50:00,PT5M,27.406,39.381,33.7085,21.1035,15.431
159,158,334,77,28,0.14,69.3,5.5,226,2026-09-25 06:55:00,PT5M,31.994,45.7715,39.2452,24.7428,18.2165
179,178,368,81,28,0.14,68.9,5.5,226,2026-09-25 07:00:00,PT5M,36.757,52.403,44.9916,28.5224,21.111
198,197,392,85,28,0.14,68.4,5.5,226,2026-09-25 07:05:00,PT5M,41.276,58.868,50.5348,32.0172,23.684
217,216,413,90,28,0.14,67.9,5.6,227,2026-09-25 07:10:00,PT5M,45.833,65.3935,56.1278,35.5382,26.2725
237,235,432,94,28,0.14,67.4,5.6,227,2026-09-25 07:15:00,PT5M,50.435,71.991,61.7801,39.0899,28.879
256,254,450,98,28,0.14,66.9,5.6,227,2026-09-25 07:20:00,PT5M,55.043,78.6155,67.4494,42.6366,31.4705
275,274,467,102,28,0.14,66.4,5.7,227,2026-09-25 07:25:00,PT5M,59.642,85.24,73.1144,46.1696,34.044
295,293,482,106,28,0.14,66.0,5.7,227,2026-09-25 07:30:00,PT5M,64.235,91.871,78.78,49.69,36.599
314,312,497,110,29,0.14,65.5,5.7,227,2026-09-25 07:35:00,PT5M,68.839,98.546,84.474,53.204,39.132
333,331,511,114,29,0.14,65.0,5.8,227,2026-09-25 07:40:00,PT5M,73.538,100.0,90.3183,56.7577,41.655
353,351,524,117,29,0.14,64.6,5.8,227,2026-09-25 07:45:00,PT5M,76.448,100.0,93.764,59.132,43.547
372,370,537,120,29,0.14,64.1,5.9,227,2026-09-25 07:50:00,PT5M,78.471,100.0,96.0486,60.8934,45.073
391,389,549,123,29,0.14,63.7,5.9,227,2026-09-25 07:55:00,PT5M,80.393,100.0,98.2077,62.5783,46.5445
410,408,561,126,29,0.14,63.2,5.9,227,2026-09-25 08:00:00,PT5M,82.204,100.0,100.0,64.1793,47.9565
429,427,571,129,29,0.14,62.8,6.0,227,2026-09-25 08:05:00,PT5M,83.863,100.0,100.0,65.6654,49.287
448,445,581,132,29,0.14,62.3,6.0,227,2026-09-25 08:10:00,PT5M,85.357,100.0,100.0,67.0289,50.533
466,464,590,135,30,0.14,61.9,6.0,227,2026-09-25 08:15:00,PT5M,86.703,100.0,100.0,68.2849,51.708
485,482,598,137,30,0.14,61.5,6.1,227,2026-09-25 08:20:00,PT5M,87.888,100.0,100.0,69.3909,52.743
503,499,605,140,30,0.14,61.0,6.1,227,2026-09-25 08:25:00,PT5M,88.896,100.0,100.0,70.4076,53.7675
520,517,612,143,30,0.14,60.6,6.1,227,2026-09-25 08:30:00,PT5M,89.825,100.0,100.0,71.3648,54.75
538,534,619,146,30,0.14,60.1,6.2,227,2026-09-25 08:35:00,PT5M,90.683,100.0,100.0,72.2594,55.6775
555,551,625,148,30,0.14,59.4,6.2,227,2026-09-25 08:40:00,PT5M,91.481,100.0,100.0,73.0987,56.554
572,568,631,151,30,0.14,58.8,6.2,227,2026-09-25 08:45:00,PT5M,92.228,100.0,100.0,73.8922,57.3895
588,584,637,153,30,0.14,58.2,6.2,227,2026-09-25 08:50:00,PT5M,92.932,100.0,100.0,74.6484,58.1925
604,601,642,156,31,0.14,57.6,6.3,227,2026-09-25 08:55:00,PT5M,93.598,100.0,100.0,75.4172,59.054
620,616,648,158,31,0.14,56.9,6.3,227,2026-09-25 09:00:00,PT5M,94.23,100.0,100.0,76.2603,60.087
637,633,655,160,31,0.14,56.3,6.3,228,2026-09-25 09:05:00,PT5M,94.974,100.0,100.0,77.2198,61.2405
653,649,662,160,31,0.14,55.7,6.3,228,2026-09-25 09:10:00,PT5M,95.695,100.0,100.0,78.1524,62.3635
669,665,670,161,31,0.14,55.2,6.4,228,2026-09-25 09:15:00,PT5M,96.382,100.0,100.0,79.046,63.443
685,680,677,162,31,0.14,54.6,6.4,228,2026-09-25 09:20:00,PT5M,97.035,100.0,100.0,79.9005,64.479
700,695,684,163,31,0.14,54.0,6.4,228,2026-09-25 09:25:00,PT5M,97.658,100.0,100.0,80.7201,65.4755
715,710,690,163,32,0.14,53.4,6.5,228,2026-09-25 09:30:00,PT5M,98.25,100.0,100.0,81.5032,66.4305
730,725,698,163,32,0.14,52.9,6.5,228,2026-09-25 09:35:00,PT5M,98.883,100.0,100.0,82.3406,67.452
745,740,707,162,32,0.14,52.3,6.5,228,2026-09-25 09:40:00,PT5M,99.592,100.0,100.0,83.2691,68.578
759,754,714,161,32,0.14,51.8,6.5,228,2026-09-25 09:45:00,PT5M,100.0,100.0,100.0,83.8876,69.386
773,768,722,161,32,0.14,51.2,6.6,228,2026-09-25 09:50:00,PT5M,100.0,100.0,100.0,84.0926,69.7755
787,782,729,160,32,0.14,50.7,6.6,228,2026-09-25 09:55:00,PT5M,100.0,100.0,100.0,84.2926,70.1555
800,795,736,159,32,0.14,50.1,6.6,228,2026-09-25 10:00:00,PT5M,100.0,100.0,100.0,84.4853,70.5215
813,807,742,158,33,0.14,49.6,6.6,228,2026-09-25 10:05:00,PT5M,100.0,100.0,100.0,84.6708,70.874
825,820,749,158,33,0.14,49.1,6.7,228,2026-09-25 10:10:00,PT5M,100.0,100.0,100.0,84.8497,71.214
837,831,755,157,33,0.14,48.6,6.7,229,2026-09-25 10:15:00,PT5M,100.0,100.0,100.0,85.0229,71.543
849,843,760,156,33,0.14,48.1,6.7,229,2026-09-25 10:20:00,PT5M,100.0,100.0,100.0,85.1905,71.8615
860,854,766,155,33,0.14,47.6,6.7,229,2026-09-25 10:25:00,PT5M,100.0,100.0,100.0,85.3534,72.171
870,864,772,154,33,0.14,47.1,6.8,229,2026-09-25 10:30:00,PT5M,100.0,100.0,100.0,85.5113,72.471
905,898,838,121,33,0.14,46.6,6.8,229,2026-09-25 10:35:00,PT5M,100.0,100.0,100.0,85.6529,72.74
913,906,840,121,34,0.14,46.1,6.8,229,2026-09-25 10:40:00,PT5M,100.0,100.0,100.0,85.7773,72.9765
921,914,841,121,34,0.14,45.6,6.8,229,2026-09-25 10:45:00,PT5M,100.0,100.0,100.0,85.8947,73.1995
929,922,843,122,34,0.14,45.1,6.9,229,2026-09-25 10:50:00,PT5M,100.0,100.0,100.0,86.0034,73.406
935,929,844,122,34,0.14,44.7,6.9,229,2026-09-25 10:55:00,PT5M,100.0,100.0,100.0,86.0981,73.586
942,935,846,122,34,0.14,44.2,6.9,229,2026-09-25 11:00:00,PT5M,100.0,100.0,100.0,86.1723,73.727
948,941,847,123,34,0.14,43.7,6.9,229,2026-09-25 11:05:00,PT5M,100.0,100.0,100.0,86.2571,73.888
953,946,847,124,34,0.14,43.3,7.0,229,2026-09-25 11:10:00,PT5M,100.0,100.0,100.0,86.3429,74.051
958,951,847,124,35,0.14,42.8,7.0,229,2026-09-25 11:15:00,PT5M,100.0,100.0,100.0,86.4131,74.1845
962,955,848,125,35,0.14,42.4,7.0,229,2026-09-25 11:20:00,PT5M,100.0,100.0,100.0,86.4713,74.295
965,958,848,126,35,0.14,42.0,7.1,229,2026-09-25 11:25:00,PT5M,100.0,100.0,100.0,86.5207,74.389
969,961,848,126,35,0.14,41.5,7.1,230,2026-09-25 11:30:00,PT5M,100.0,100.0,100.0,86.5629,74.469
947,940,790,159,35,0.14,41.3,7.1,230,2026-09-25 11:35:00,PT5M,100.0,100.0,100.0,86.5386,74.423
943,936,777,167,35,0.14,41.3,7.1,229,2026-09-25 11:40:00,PT5M,100.0,100.0,100.0,86.4471,74.249
938,932,763,175,35,0.14,41.3,7.1,229,2026-09-25 11:45:00,PT5M,100.0,100.0,100.0,86.3471,74.059
933,927,750,183,35,0.14,41.3,7.1,229,2026-09-25 11:50:00,PT5M,100.0,100.0,100.0,86.2389,73.8535
928,921,736,191,35,0.14,41.3,7.1,229,2026-09-25 11:55:00,PT5M,100.0,100.0,100.0,86.1229,73.633
922,915,722,199,35,0.14,41.4,7.1,229,2026-09-25 12:00:00,PT5M,100.0,100.0,100.0,85.9984,73.3965
915,909,708,206,35,0.14,41.4,7.1,229,2026-09-25 12:05:00,PT5M,100.0,100.0,100.0,85.8673,73.1475
908,902,695,213,35,0.14,41.4,7.1,228,2026-09-25 12:10:00,PT5M,100.0,100.0,100.0,85.7294,72.8855
900,894,681,220,35,0.14,41.4,7.1,228,2026-09-25 12:15:00,PT5M,100.0,100.0,100.0,85.5847,72.6105
892,886,668,226,35,0.14,41.4,7.1,228,2026-09-25 12:20:00,PT5M,99.975,100.0,100.0,85.4081,72.2975
883,878,654,233,35,0.14,41.4,7.1,228,2026-09-25 12:25:00,PT5M,99.328,100.0,100.0,84.6035,71.351
874,869,641,239,35,0.14,41.4,7.1,228,2026-09-25 12:30:00,PT5M,98.658,100.0,100.0,83.7706,70.3715
865,860,629,244,35,0.14,41.4,7.2,228,2026-09-25 12:35:00,PT5M,98.026,100.0,100.0,82.9944,69.4655
857,851,617,249,35,0.14,41.4,7.2,228,2026-09-25 12:40:00,PT5M,97.43,100.0,100.0,82.2716,68.6285
848,842,606,253,35,0.14,41.4,7.2,227,2026-09-25 12:45:00,PT5M,96.81,100.0,100.0,81.5174,67.7535
838,833,595,257,35,0.14,41.4,7.2,227,2026-09-25 12:50:00,PT5M,96.161,100.0,100.0,80.7191,66.821
828,823,584,261,35,0.14,41.5,7.2,227,2026-09-25 12:55:00,PT5M,95.488,100.0,100.0,79.8956,65.862
817,813,573,264,35,0.14,41.5,7.2,227,2026-09-25 13:00:00,PT5M,94.8,100.0,100.0,79.0679,64.9085
807,802,562,268,35,0.14,41.5,7.2,227,2026-09-25 13:05:00,PT5M,94.08,100.0,100.0,78.2018,63.911
795,791,550,271,35,0.14,41.5,7.2,227,2026-09-25 13:10:00,PT5M,93.316,100.0,100.0,77.2749,62.8375
784,779,539,274,35,0.14,41.5,7.2,227,2026-09-25 13:15:00,PT5M,92.519,100.0,100.0,76.3082,61.718
772,768,527,277,35,0.14,41.5,7.2,226,2026-09-25 13:20:00,PT5M,91.69,100.0,100.0,75.305,60.558
760,755,516,280,35,0.14,41.5,7.2,226,2026-09-25 13:25:00,PT5M,90.88,100.0,100.0,74.3176,59.411
747,743,505,282,35,0.14,41.5,7.2,226,2026-09-25 13:30:00,PT5M,89.988,100.0,100.0,73.2454,58.1765
734,730,492,284,35,0.14,41.5,7.2,226,2026-09-25 13:35:00,PT5M,89.004,100.0,100.0,72.0785,56.845
720,716,479,287,35,0.14,41.5,7.2,226,2026-09-25 13:40:00,PT5M,87.929,100.0,100.0,70.8185,55.4185
705,702,466,289,35,0.14,41.5,7.2,226,2026-09-25 13:45:00,PT5M,86.819,100.0,100.0,69.5203,53.951
691,687,453,290,35,0.14,41.6,7.2,226,2026-09-25 13:50:00,PT5M,85.673,100.0,100.0,68.183,52.4415
676,673,440,292,35,0.14,41.6,7.2,225,2026-09-25 13:55:00,PT5M,84.49,100.0,100.0,66.8056,50.889
661,658,427,293,35,0.14,41.6,7.2,225,2026-09-25 14:00:00,PT5M,83.27,100.0,100.0,65.3882,49.294
646,643,415,293,35,0.14,41.6,7.3,225,2026-09-25 14:05:00,PT5M,82.02,100.0,100.0,63.9366,47.661
631,628,402,293,35,0.14,41.6,7.3,225,2026-09-25 14:10:00,PT5M,80.744,100.0,99.0308,62.4572,45.9985
615,613,390,292,35,0.14,41.6,7.3,225,2026-09-25 14:15:00,PT5M,79.434,100.0,97.9261,60.9419,44.2985
600,597,378,292,34,0.14,41.6,7.3,225,2026-09-25 14:20:00,PT5M,78.038,100.0,96.7409,59.3351,42.502
584,581,365,291,34,0.14,41.6,7.3,225,2026-09-25 14:25:00,PT5M,76.597,100.0,95.5122,57.6818,40.6575
567,565,353,289,34,0.14,41.6,7.3,225,2026-09-25 14:30:00,PT5M,75.088,100.0,94.2172,55.9588,38.742
553,551,344,286,34,0.14,41.8,7.3,224,2026-09-25 14:35:00,PT5M,73.923,100.0,93.2332,54.6128,37.233
541,539,340,282,34,0.14,42.1,7.3,224,2026-09-25 14:40:00,PT5M,73.072,100.0,92.533,53.611,36.0955
528,526,336,277,34,0.14,42.5,7.3,224,2026-09-25 14:45:00,PT5M,72.189,100.0,91.8047,52.5733,34.9185
515,513,332,272,34,0.14,42.8,7.3,224,2026-09-25 14:50:00,PT5M,71.271,100.0,90.9625,51.5795,33.8565
502,500,327,268,34,0.14,43.1,7.3,224,2026-09-25 14:55:00,PT5M,70.32,100.0,90.0286,50.6114,32.873
489,487,323,262,34,0.14,43.5,7.3,224,2026-09-25 15:00:00,PT5M,69.413,100.0,89.1293,49.6967,31.9515
476,474,319,257,34,0.14,43.8,7.3,224,2026-09-25 15:05:00,PT5M,68.464,100.0,88.1732,48.7548,31.016
462,461,314,252,34,0.14,44.2,7.3,224,2026-09-25 15:10:00,PT5M,67.437,100.0,87.1248,47.7492,30.0295
448,447,309,247,34,0.14,44.5,7.3,224,2026-09-25 15:15:00,PT5M,66.364,100.0,86.0208,46.7072,29.0155
434,433,304,241,33,0.14,44.9,7.2,224,2026-09-25 15:20:00,PT5M,65.23,100.0,84.8481,45.6119,27.955
420,419,298,236,33,0.14,45.3,7.2,223,2026-09-25 15:25:00,PT5M,64.038,100.0,83.5714,44.5046,26.924
406,404,292,230,33,0.14,45.6,7.2,223,2026-09-25 15:30:00,PT5M,62.783,99.764,82.2464,43.3196,25.802
391,389,285,224,33,0.14,46.0,7.2,223,2026-09-25 15:35:00,PT5M,61.384,98.205,80.7632,42.0048,24.563
375,374,277,219,33,0.14,46.4,7.2,223,2026-09-25 15:40:00,PT5M,59.821,96.4145,79.0804,40.5616,23.2275
360,359,268,213,33,0.14,46.7,7.2,223,2026-09-25 15:45:00,PT5M,58.148,94.416,77.2361,39.0599,21.88
344,343,259,207,33,0.14,47.1,7.2,223,2026-09-25 15:50:00,PT5M,56.367,92.225,75.2393,37.4947,20.509
328,327,250,201,33,0.14,47.5,7.2,223,2026-09-25 15:55:00,PT5M,54.482,89.852,73.0975,35.8665,19.112
312,311,240,194,33,0.14,47.9,7.2,223,2026-09-25 16:00:00,PT5M,52.501,87.315,70.8239,34.1781,17.687
297,296,230,187,32,0.14,48.2,7.2,223,2026-09-25 16:05:00,PT5M,50.488,84.7135,68.5011,32.4749,16.2625
281,280,221,180,32,0.14,48.6,7.2,223,2026-09-25 16:10:00,PT5M,48.457,82.072,66.1488,30.7652,14.842
265,264,212,173,32,0.14,49.0,7.2,223,2026-09-25 16:15:00,PT5M,46.422,79.381,63.7686,29.0754,13.463
249,249,202,166,32,0.14,49.4,7.2,222,2026-09-25 16:20:00,PT5M,43.338,74.1025,59.5296,27.1464,12.5735
234,233,192,158,32,0.14,49.8,7.2,222,2026-09-25 16:25:00,PT5M,40.249,68.9055,55.3311,25.1669,11.5925
218,218,181,150,32,0.14,50.2,7.2,222,2026-09-25 16:30:00,PT5M,37.165,63.748,51.1558,23.1742,10.582
203,202,170,142,32,0.14,50.6,7.2,222,2026-09-25 16:35:00,PT5M,34.094,58.6105,46.9972,21.1908,9.5775
187,187,158,134,32,0.14,51.0,7.2,222,2026-09-25 16:40:00,PT5M,31.044,53.494,42.8596,19.2284,8.594
172,172,146,126,32,0.14,51.4,7.2,222,2026-09-25 16:45:00,PT5M,28.001,48.4035,38.739,17.263,7.5985
157,156,133,118,31,0.14,51.9,7.2,222,2026-09-25 16:50:00,PT5M,25.012,43.352,34.6645,15.3595,6.672
142,141,119,110,31,0.14,52.3,7.2,222,2026-09-25 16:55:00,PT5M,22.101,38.4625,30.7122,13.4898,5.7395
126,126,101,101,31,0.14,52.7,7.2,222,2026-09-25 17:00:00,PT5M,19.15,33.6145,26.7628,11.5372,4.6855
111,111,80,93,31,0.14,53.1,7.2,222,2026-09-25 17:05:00,PT5M,16.245,28.9185,22.9152,9.5748,3.5715
96,96,59,84,31,0.14,53.6,7.2,221,2026-09-25 17:10:00,PT5M,13.477,24.4375,19.2456,7.7084,2.5165
82,82,38,75,31,0.14,54.0,7.2,221,2026-09-25 17:15:00,PT5M,10.861,20.1275,15.738,5.984,1.5945
69,69,16,66,31,0.14,54.4,7.2,221,2026-09-25 17:20:00,PT5M,8.528,16.0965,12.5114,4.5446,0.9595
56,56,0,56,31,0.14,54.9,7.2,221,2026-09-25 17:25:00,PT5M,6.555,12.4755,9.671,3.439,0.6345
45,45,0,45,31,0.14,55.3,7.2,221,2026-09-25 17:30:00,PT5M,5.027,9.4255,7.342,2.712,0.6285
34,34,0,34,31,0.14,55.7,7.2,221,2026-09-25 17:35:00,PT5M,3.713,6.807,5.3414,2.0846,0.619
25,25,0,25,30,0.14,56.1,7.1,221,2026-09-25 17:40:00,PT5M,2.542,4.47,3.5567,1.5273,0.614
16,16,0,16,30,0.14,56.4,7.1,221,2026-09-25 17:45:00,PT5M,1.466,2.552,2.0376,0.8944,0.38
9,9,0,9,30,0.14,56.8,7.1,221,2026-09-25 17:50:00,PT5M,0.496,0.977,0.7492,0.2428,0.015
3,3,0,3,30,0.14,57.1,7.1,221,2026-09-25 17:55:00,PT5M,0.0,0.0,0.0,0.0,0.0
0,0,0,0,30,0.14,57.5,7.1,221,2026-09-25 18:00:00,PT5M,0.0,0.0,0.0,0.0,0.0
0,0,0,0,30,0.14,57.9,7.1,221,2026-09-25 18:05:00,PT5M,0.0,0.0,0.0,0.0,0.0
0,0,0,0,30,0.14,58.2,7.1,221,2026-09-25 18:10:00,PT5M,0.0,0.0,0.0,0.0,0.0
0,0,0,0,30,0.14,58.6,7.0,221,2026-09-25 18:15:00,PT5M,0.0,0.0,0.0,0.0,0.0
0,0,0,0,30,0.14,59.0,7.0,221,2026-09-25 18:20:00,PT5M,0.0,0.0,0.0,0.0,0.0
0,0,0,0,30,0.14,59.3,7.0,220,2026-09-25 18:25:00,PT5M,0.0,0.0,0.0,0.0,0.0
0,0,0,0,30,0.14,59.7,7.0,220,2026-09-25 18:30:00,PT5M,0.0,0.0,0.0,0.0,0.0
0,0,0,0,29,0.14,60.1,7.0,220,2026-09-25 18:35:00,PT5M,0.0,0.0,0.0,0.0,0.0
0,0,0,0,29,0.14,60.5,7.0,220,2026-09-25 18:40:00,PT5M,0.0,0.0,0.0,0.0,0.0
0,0,0,0,29,0.14,60.9,7.0,220,2026-09-25 18:45:00,PT5M,0.0,0.0,0.0,0.0,0.0
0,0,0,0,29,0.14,61.3,7.0,220,2026-09-25 18:50:00,PT5M,0.0,0.0,0.0,0.0,0.0
0,0,0,0,29,0.14,61.6,6.9,220,2026-09-25 18:55:00,PT5M,0.0,0.0,0.0,0.0,0.0
0,0,0,0,29,0.14,62.0,6.9,220,2026-09-25 19:00:00,PT5M,0.0,0.0,0.0,0.0,0.0
0,0,0,0,29,0.14,62.4,6.9,220,2026-09-25 19:05:00,PT5M,0.0,0.0,0.0,0.0,0.0
0,0,0,0,29,0.14,62.8,6.9,220,2026-09-25 19:10:00,PT5M,0.0,0.0,0.0,0.0,0.0
0,0,0,0,29,0.14,63.2,6.9,220,2026-09-25 19:15:00,PT5M,0.0,0.0,0.0,0.0,0.0
0,0,0,0,29,0.14,63.6,6.9,220,2026-09-25 19:20:00,PT5M,0.0,0.0,0.0,0.0,0.0
0,0,0,0,29,0.14,64.0,6.9,220,2026-09-25 19:25:00,PT5M,0.0,0.0,0.0,0.0,0.0
0,0,0,0,29,0.14,64.5,6.8,220,2026-09-25 19:30:00,PT5M,0.0,0.0,0.0,0.0,0.0
0,0,0,0,28,0.14,64.9,6.8,220,2026-09-25 19:35:00,PT5M,0.0,0.0,0.0,0.0,0.0
0,0,0,0,28,0.14,65.3,6.8,220,2026-09-25 19:40:00,PT5M,0.0,0.0,0.0,0.0,0.0
0,0,0,0,28,0.14,65.7,6.8,220,2026-09-25 19:45:00,PT5M,0.0,0.0,0.0,0.0,0.0
0,0,0,0,28,0.14,66.1,6.8,219,2026-09-25 19:50:00,PT5M,0.0,0.0,0.0,0.0,0.0
0,0,0,0,28,0.14,66.5,6.8,219,2026-09-25 19:55:00,PT5M,0.0,0.0,0.0,0.0,0.0
0,0,0,0,28,0.14,67.0,6.8,219,2026-09-25 20:00:00,PT5M,0.0,0.0,0.0,0.0,0.0
0,0,0,0,28,0.14,67.4,6.8,219,2026-09-25 20:05:00,PT5M,0.0,0.0,0.0,0.0,0.0
0,0,0,0,28,0.14,67.8,6.7,219,2026-09-25 20:10:00,PT5M,0.0,0.0,0.0,0.0,0.0
0,0,0,0,28,0.14,68.3,6.7,219,2026-09-25 20:15:00,PT5M,0.0,0.0,0.0,0.0,0.0
0,0,0,0,28,0.14,68.7,6.7,219,2026-09-25 20:20:00,PT5M,0.0,0.0,0.0,0.0,0.0
0,0,0,0,28,0.14,69.1,6.7,219,2026-09-25 20:25:00,PT5M,0.0,0.0,0.0,0.0,0.0
0,0,0,0,27,0.14,69.6,6.7,219,2026-09-25 20:30:00,PT5M,0.0,0.0,0.0,0.0,0.0
0,0,0,0,27,0.14,69.9,6.7,219,2026-09-25 20:35:00,PT5M,0.0,0.0,0.0,0.0,0.0
0,0,0,0,27,0.14,70.0,6.6,219,2026-09-25 20:40:00,PT5M,0.0,0.0,0.0,0.0,0.0
0,0,0,0,27,0.14,70.2,6.6,219,2026-09-25 20:45:00,PT5M,0.0,0.0,0.0,0.0,0.0
0,0,0,0,27,0.14,70.3,6.6,219,2026-09-25 20:50:00,PT5M,0.0,0.0,0.0,0.0,0.0
0,0,0,0,27,0.14,70.4,6.5,219,2026-09-25 20:55:00,PT5M,0.0,0.0,0.0,0.0,0.0
0,0,0,0,27,0.14,70.6,6.5,219,2026-09-25 21:00:00,PT5M,0.0,0.0,0.0,0.0,0.0
0,0,0,0,27,0.14,70.7,6.5,219,2026-09-25 21:05:00,PT5M,0.0,0.0,0.0,0.0,0.0
0,0,0,0,27,0.14,70.8,6.5,219,2026-09-25 21:10:00,PT5M,0.0,0.0,0.0,0.0,0.0
0,0,0,0,27,0.14,71.0,6.4,219,2026-09-25 21:15:00,PT5M,0.0,0.0,0.0,0.0,0.0
0,0,0,0,27,0.14,71.1,6.4,219,2026-09-25 21:20:00,PT5M,0.0,0.0,0.0,0.0,0.0
0,0,0,0,27,0.14,71.3,6.4,219,2026-09-25 21:25:00,PT5M,0.0,0.0,0.0,0.0,0.0
0,0,0,0,27,0.14,71.4,6.3,219,2026-09-25 21:30:00,PT5M,0.0,0.0,0.0,0.0,0.0
0,0,0,0,27,0.14,71.5,6.3,219,2026-09-25 21:35:00,PT5M,0.0,0.0,0.0,0.0,0.0
0,0,0,0,27,0.14,71.7,6.3,219,2026-09-25 21:40:00,PT5M,0.0,0.0,0.0,0.0,0.0
0,0,0,0,27,0.14,71.8,6.3,219,2026-09-25 21:45:00,PT5M,0.0,0.0,0.0,0.0,0.0
0,0,0,0,27,0.14,72.0,6.2,219,2026-09-25 21:50:00,PT5M,0.0,0.0,0.0,0.0,0.0
0,0,0,0,27,0.14,72.1,6.2,219,2026-09-25 21:55:00,PT5M,0.0,0.0,0.0,0.0,0.0
0,0,0,0,27,0.14,72.2,6.2,219,2026-09-25 22:00:00,PT5M,0.0,0.0,0.0,0.0,0.0
0,0,0,0,27,0.14,72.4,6.1,219,2026-09-25 22:05:00,PT5M,0.0,0.0,0.0,0.0,0.0
0,0,0,0,27,0.14,72.5,6.1,219,2026-09-25 22:10:00,PT5M,0.0,0.0,0.0,0.0,0.0
0,0,0,0,27,0.14,72.7,6.1,219,2026-09-25 22:15:00,PT5M,0.0,0.0,0.0,0.0,0.0
0,0,0,0,27,0.14,72.8,6.0,219,2026-09-25 22:20:00,PT5M,0.0,0.0,0.0,0.0,0.0
0,0,0,0,27,0.14,73.0,6.0,220,2026-09-25 22:25:00,PT5M,0.0,0.0,0.0,0.0,0.0
0,0,0,0,27,0.14,73.1,6.0,220,2026-09-25 22:30:00,PT5M,0.0,0.0,0.0,0.0,0.0
0,0,0,0,27,0.14,73.2,6.0,220,2026-09-25 22:35:00,PT5M,0.0,0.0,0.0,0.0,0.0
0,0,0,0,27,0.14,73.4,5.9,220,2026-09-25 22:40:00,PT5M,0.0,0.0,0.0,0.0,0.0
0,0,0,0,27,0.14,73.5,5.9,220,2026-09-25 22:45:00,PT5M,0.0,0.0,0.0,0.0,0.0
0,0,0,0,27,0.14,73.7,5.9,220,2026-09-25 22:50:00,PT5M,0.0,0.0,0.0,0.0,0.0
0,0,0,0,26,0.14,73.8,5.8,220,2026-09-25 22:55:00,PT5M,0.0,0.0,0.0,0.0,0.0
0,0,0,0,26,0.14,74.0,5.8,220,2026-09-25 23:00:00,PT5M,0.0,0.0,0.0,0.0,0.0
0,0,0,0,26,0.14,74.1,5.8,220,2026-09-25 23:05:00,PT5M,0.0,0.0,0.0,0.0,0.0
0,0,0,0,26,0.14,74.3,5.7,220,2026-09-25 23:10:00,PT5M,0.0,0.0,0.0,0.0,0.0
0,0,0,0,26,0.14,74.4,5.7,220,2026-09-25 23:15:00,PT5M,0.0,0.0,0.0,0.0,0.0
0,0,0,0,26,0.14,74.5,5.7,220,2026-09-25 23:20:00,PT5M,0.0,0.0,0.0,0.0,0.0
0,0,0,0,26,0.14,74.7,5.7,220,2026-09-25 23:25:00,PT5M,0.0,0.0,0.0,0.0,0.0
0,0,0,0,26,0.14,74.8,5.6,220,2026-09-25 23:30:00,PT5M,0.0,0.0,0.0,0.0,0.0
0,0,0,0,26,0.14,74.9,5.6,220,2026-09-25 23:35:00,PT5M,0.0,0.0,0.0,0.0,0.0
0,0,0,0,26,0.14,75.0,5.6,220,2026-09-25 23:40:00,PT5M,0.0,0.0,0.0,0.0,0.0
0,0,0,0,26,0.14,75.0,5.6,220,2026-09-25 23:45:00,PT5M,0.0,0.0,0.0,0.0,0.0
0,0,0,0,26,0.14,75.0,5.5,220,2026-09-25 23:50:00,PT5M,0.0,0.0,0.0,0.0,0.0
0,0,0,0,26,0.14,75.1,5.5,220,2026-09-25 23:55:00,PT5M,0.0,0.0,0.0,0.0,0.0
0,0,0,0,26,0.14,75.1,5.5,220,2026-09-26 00:00:00,PT5M,0.0,0.0,0.0,0.0,0.0
0,0,0,0,26,0.14,75.2,5.5,220,2026-09-26 00:05:00,PT5M,0.0,0.0,0.0,0.0,0.0
0,0,0,0,26,0.14,75.2,5.5,220,2026-09-26 00:10:00,PT5M,0.0,0.0,0.0,0.0,0.0
0,0,0,0,26,0.14,75.2,5.5,220,2026-09-26 00:15:00,PT5M,0.0,0.0,0.0,0.0,0.0
0,0,0,0,26,0.14,75.3,5.4,220,2026-09-26 00:20:00,PT5M,0.0,0.0,0.0,0.0,0.0
0,0,0,0,26,0.14,75.3,5.4,220,2026-09-26 00:25:00,PT5M,0.0,0.0,0.0,0.0,0.0
0,0,0,0,26,0.14,75.3,5.4,220,2026-09-26 00:30:00,PT5M,0.0,0.0,0.0,0.0,0.0
0,0,0,0,26,0.14,75.4,5.4,221,2026-09-26 00:35:00,PT5M,0.0,0.0,0.0,0.0,0.0
0,0,0,0,26,0.14,75.4,5.4,221,2026-09-26 00:40:00,PT5M,0.0,0.0,0.0,0.0,0.0
0,0,0,0,26,0.14,75.4,5.3,221,2026-09-26 00:45:00,PT5M,0.0,0.0,0.0,0.0,0.0
0,0,0,0,26,0.14,75.5,5.3,221,2026-09-26 00:50:00,PT5M,0.0,0.0,0.0,0.0,0.0
0,0,0,0,26,0.14,75.5,5.3,221,2026-09-26 00:55:00,PT5M,0.0,0.0,0.0,0.0,0.0
0,0,0,0,26,0.14,75.6,5.3,221,2026-09-26 01:00:00,PT5M,0.0,0.0,0.0,0.0,0.0
0,0,0,0,26,0.14,75.6,5.3,221,2026-09-26 01:05:00,PT5M,0.0,0.0,0.0,0.0,0.0
0,0,0,0,26,0.14,75.6,5.3,221,2026-09-26 01:10:00,PT5M,0.0,0.0,0.0,0.0,0.0
0,0,0,0,26,0.14,75.7,5.2,221,2026-09-26 01:15:00,PT5M,0.0,0.0,0.0,0.0,0.0
0,0,0,0,26,0.14,75.7,5.2,221,2026-09-26 01:20:00,PT5M,0.0,0.0,0.0,0.0,0.0
0,0,0,0,26,0.14,75.7,5.2,221,2026-09-26 01:25:00,PT5M,0.0,0.0,0.0,0.0,0.0
0,0,0,0,26,0.14,75.8,5.2,221,2026-09-26 01:30:00,PT5M,0.0,0.0,0.0,0.0,0.0
0,0,0,0,26,0.14,75.8,5.2,221,2026-09-26 01:35:00,PT5M,0.0,0.0,0.0,0.0,0.0
0,0,0,0,26,0.14,75.8,5.1,221,2026-09-26 01:40:00,PT5M,0.0,0.0,0.0,0.0,0.0
0,0,0,0,26,0.14,75.9,5.1,221,2026-09-26 01:45:00,PT5M,0.0,0.0,0.0,0.0,0.0
0,0,0,0,26,0.14,75.9,5.1,221,2026-09-26 01:50:00,PT5M,0.0,0.0,0.0,0.0,0.0
0,0,0,0,26,0.14,76.0,5.1,221,2026-09-26 01:55:00,PT5M,0.0,0.0,0.0,0.0,0.0
0,0,0,0,26,0.14,76.0,5.1,221,2026-09-26 02:00:00,PT5M,0.0,0.0,0.0,0.0,0.0
0,0,0,0,26,0.14,76.0,5.1,221,2026-09-26 02:05:00,PT5M,0.0,0.0,0.0,0.0,0.0
0,0,0,0,26,0.14,76.1,5.0,221,2026-09-26 02:10:00,PT5M,0.0,0.0,0.0,0.0,0.0
0,0,0,0,26,0.14,76.1,5.0,222,2026-09-26 02:15:00,PT5M,0.0,0.0,0.0,0.0,0.0
0,0,0,0,26,0.14,76.1,5.0,222,2026-09-26 02:20:00,PT5M,0.0,0.0,0.0,0.0,0.0
0,0,0,0,26,0.14,76.2,5.0,222,2026-09-26 02:25:00,PT5M,0.0,0.0,0.0,0.0,0.0
0,0,0,0,26,0.14,76.2,5.0,222,2026-09-26 02:30:00,PT5M,0.0,0.0,0.0,0.0,0.0
0,0,0,0,26,0.14,76.3,5.0,222,2026-09-26 02:35:00,PT5M,0.0,0.0,0.0,0.0,0.0
0,0,0,0,26,0.14,76.3,4.9,222,2026-09-26 02:40:00,PT5M,0.0,0.0,0.0,0.0,0.0
0,0,0,0,26,0.14,76.4,4.9,222,2026-09-26 02:45:00,PT5M,0.0,0.0,0.0,0.0,0.0
0,0,0,0,26,0.14,76.5,4.9,222,2026-09-26 02:50:00,PT5M,0.0,0.0,0.0,0.0,0.0
0,0,0,0,26,0.14,76.6,4.9,222,2026-09-26 02:55:00,PT5M,0.0,0.0,0.0,0.0,0.0
0,0,0,0,26,0.14,76.6,4.9,222,2026-09-26 03:00:00,PT5M,0.0,0.0,0.0,0.0,0.0
0,0,0,0,26,0.14,76.7,4.9,222,2026-09-26 03:05:00,PT5M,0.0,0.0,0.0,0.0,0.0
0,0,0,0,26,0.14,76.8,4.9,221,2026-09-26 03:10:00,PT5M,0.0,0.0,0.0,0.0,0.0
0,0,0,0,26,0.14,76.9,4.8,221,2026-09-26 03:15:00,PT5M,0.0,0.0,0.0,0.0,0.0
0,0,0,0,26,0.14,77.0,4.8,221,2026-09-26 03:20:00,PT5M,0.0,0.0,0.0,0.0,0.0
0,0,0,0,26,0.14,77.0,4.8,221,2026-09-26 03:25:00,PT5M,0.0,0.0,0.0,0.0,0.0
0,0,0,0,26,0.14,77.1,4.8,221,2026-09-26 03:30:00,PT5M,0.0,0.0,0.0,0.0,0.0
0,0,0,0,26,0.14,77.2,4.8,221,2026-09-26 03:35:00,PT5M,0.0,0.0,0.0,0.0,0.0
0,0,0,0,26,0.14,77.3,4.8,221,2026-09-26 03:40:00,PT5M,0.0,0.0,0.0,0.0,0.0
0,0,0,0,26,0.14,77.3,4.8,221,2026-09-26 03:45:00,PT5M,0.0,0.0,0.0,0.0,0.0
0,0,0,0,26,0.14,77.4,4.7,221,2026-09-26 03:50:00,PT5M,0.0,0.0,0.0,0.0,0.0
0,0,0,0,26,0.14,77.5,4.7,221,2026-09-26 03:55:00,PT5M,0.0,0.0,0.0,0.0,0.0
0,0,0,0,26,0.14,77.6,4.7,221,2026-09-26 04:00:00,PT5M,0.0,0.0,0.0,0.0,0.0
0,0,0,0,26,0.14,77.7,4.7,221,2026-09-26 04:05:00,PT5M,0.0,0.0,0.0,0.0,0.0
0,0,0,0,26,0.14,77.7,4.7,221,2026-09-26 04:10:00,PT5M,0.0,0.0,0.0,0.0,0.0
0,0,0,0,26,0.14,77.8,4.7,221,2026-09-26 04:15:00,PT5M,0.0,0.0,0.0,0.0,0.0
0,0,0,0,26,0.14,77.9,4.7,221,2026-09-26 04:20:00,PT5M,0.0,0.0,0.0,0.0,0.0
0,0,0,0,26,0.14,78.0,4.7,221,2026-09-26 04:25:00,PT5M,0.0,0.0,0.0,0.0,0.0
0,0,0,0,25,0.14,78.0,4.6,221,2026-09-26 04:30:00,PT5M,0.0,0.0,0.0,0.0,0.0
0,0,0,0,25,0.14,78.1,4.6,221,2026-09-26 04:35:00,PT5M,0.0,0.0,0.0,0.0,0.0
0,0,0,0,25,0.14,78.2,4.6,221,2026-09-26 04:40:00,PT5M,0.0,0.0,0.0,0.0,0.0
0,0,0,0,25,0.14,78.3,4.6,221,2026-09-26 04:45:00,PT5M,0.0,0.0,0.0,0.0,0.0
0,0,0,0,25,0.14,78.4,4.6,221,2026-09-26 04:50:00,PT5M,0.0,0.0,0.0,0.0,0.0
0,0,0,0,25,0.14,78.4,4.6,221,2026-09-26 04:55:00,PT5M,0.0,0.0,0.0,0.0,0.0
0,0,0,0,25,0.14,78.5,4.6,221,2026-09-26 05:00:00,PT5M,0.0,0.0,0.0,0.0,0.0
0,0,0,0,25,0.14,78.6,4.5,221,2026-09-26 05:05:00,PT5M,0.0,0.0,0.0,0.0,0.0
0,0,0,0,25,0.14,78.7,4.5,221,2026-09-26 05:10:00,PT5M,0.0,0.0,0.0,0.0,0.0
0,0,0,0,25,0.14,78.7,4.5,221,2026-09-26 05:15:00,PT5M,0.0,0.0,0.0,0.0,0.0
0,0,0,0,25,0.14,78.8,4.5,221,2026-09-26 05:20:00,PT5M,0.0,0.0,0.0,0.0,0.0
0,0,0,0,25,0.14,78.9,4.5,221,2026-09-26 05:25:00,PT5M,0.0,0.0,0.0,0.0,0.0
0,0,0,0,25,0.14,79.0,4.5,220,2026-09-26 05:30:00,PT5M,0.0,0.0,0.0,0.0,0.0
0,0,0,0,25,0.14,78.7,4.5,221,2026-09-26 05:35:00,PT5M,0.0,0.0,0.0,0.0,0.0
0,0,0,0,26,0.14,78.0,4.5,221,2026-09-26 05:40:00,PT5M,0.0,0.0,0.0,0.0,0.0
0,0,0,0,26,0.14,77.3,4.6,221,2026-09-26 05:45:00,PT5M,0.0,0.0,0.0,0.0,0.0
0,0,0,0,26,0.14,76.6,4.6,222,2026-09-26 05:50:00,PT5M,0.0,0.0,0.0,0.0,0.0
0,0,0,0,26,0.14,75.9,4.6,222,2026-09-26 05:55:00,PT5M,0.0,0.0,0.0,0.0,0.0
2,2,0,2,26,0.14,75.2,4.7,222,2026-09-26 06:00:00,PT5M,0.0,0.0,0.0,0.0,0.0
10,10,0,10,26,0.14,74.6,4.7,223,2026-09-26 06:05:00,PT5M,0.652,1.024,0.8478,0.4562,0.28
19,19,0,19,26,0.14,73.9,4.7,223,2026-09-26 06:10:00,PT5M,1.898,2.775,2.3596,1.4364,1.021
29,30,28,27,26,0.14,73.3,4.8,223,2026-09-26 06:15:00,PT5M,3.417,5.0465,4.2746,2.5594,1.7875
41,41,65,35,27,0.14,72.6,4.8,224,2026-09-26 06:20:00,PT5M,5.509,8.295,6.9753,4.0427,2.723
54,54,97,43,27,0.14,72.0,4.8,224,2026-09-26 06:25:00,PT5M,7.974,11.9945,10.09,5.858,3.9535
68,68,129,50,27,0.14,71.3,4.9,224,2026-09-26 06:30:00,PT5M,10.938,16.391,13.808,8.068,5.485
84,84,163,58,27,0.14,70.7,4.9,225,2026-09-26 06:35:00,PT5M,14.318,21.326,18.0064,10.6296,7.31
100,100,197,64,27,0.14,70.1,5.0,225,2026-09-26 06:40:00,PT5M,17.905,26.518,22.4381,13.3719,9.292
118,117,229,71,27,0.14,69.5,5.0,225,2026-09-26 06:45:00,PT5M,21.706,31.9035,27.073,16.339,11.5085
135,135,260,77,27,0.14,68.8,5.0,225,2026-09-26 06:50:00,PT5M,25.761,37.532,31.9562,19.5658,13.99
154,153,291,82,28,0.14,68.2,5.1,226,2026-09-26 06:55:00,PT5M,29.886,43.2925,36.9419,22.8301,16.4795
173,172,317,88,28,0.14,67.6,5.1,226,2026-09-26 07:00:00,PT5M,34.141,49.2745,42.1059,26.1761,19.0075
191,190,337,94,28,0.14,67.0,5.1,226,2026-09-26 07:05:00,PT5M,38.287,55.2735,47.2271,29.3469,21.3005
210,208,356,99,28,0.14,66.5,5.2,227,2026-09-26 07:10:00,PT5M,42.603,61.5255,52.562,32.644,23.6805
228,227,374,105,28,0.14,65.9,5.2,227,2026-09-26 07:15:00,PT5M,46.969,67.901,57.9857,35.9523,26.037
247,246,391,110,28,0.14,65.3,5.3,227,2026-09-26 07:20:00,PT5M,51.346,74.2665,63.4092,39.2828,28.4255
266,264,407,115,28,0.14,64.7,5.3,227,2026-09-26 07:25:00,PT5M,55.72,80.64,68.8356,42.6044,30.8
285,283,422,120,28,0.14,64.2,5.3,228,2026-09-26 07:30:00,PT5M,60.093,87.0265,74.2683,45.9177,33.1595
304,302,435,125,29,0.14,63.6,5.4,228,2026-09-26 07:35:00,PT5M,64.474,93.454,79.7264,49.2216,35.494
323,321,448,129,29,0.14,63.1,5.4,228,2026-09-26 07:40:00,PT5M,68.936,100.0,85.3184,52.5536,37.809
342,340,461,134,29,0.14,62.5,5.5,228,2026-09-26 07:45:00,PT5M,71.659,100.0,88.56,54.758,39.5465
361,358,474,138,29,0.14,62.0,5.5,229,2026-09-26 07:50:00,PT5M,73.733,100.0,90.9248,56.5412,41.068
380,377,485,142,29,0.14,61.4,5.5,229,2026-09-26 07:55:00,PT5M,75.706,100.0,93.1636,58.2484,42.536
398,396,496,146,29,0.14,60.9,5.6,229,2026-09-26 08:00:00,PT5M,77.569,100.0,95.2645,59.8735,43.947
417,414,506,150,29,0.14,60.4,5.6,229,2026-09-26 08:05:00,PT5M,79.308,100.0,97.209,61.407,45.2955
435,432,516,153,30,0.14,59.8,5.6,230,2026-09-26 08:10:00,PT5M,80.91,100.0,98.9792,62.8408,46.578
454,450,525,157,30,0.14,59.3,5.7,230,2026-09-26 08:15:00,PT5M,82.364,100.0,100.0,64.1685,47.792
472,468,534,161,30,0.14,58.8,5.7,230,2026-09-26 08:20:00,PT5M,83.66,100.0,100.0,65.3845,48.936
489,486,542,164,30,0.14,58.3,5.8,230,2026-09-26 08:25:00,PT5M,84.788,100.0,100.0,66.4825,50.007
507,503,549,168,30,0.14,57.8,5.8,230,2026-09-26 08:30:00,PT5M,85.896,100.0,100.0,67.5813,51.0975
524,520,556,171,30,0.14,57.2,5.8,231,2026-09-26 08:35:00,PT5M,86.861,100.0,100.0,68.5618,52.092
541,537,563,174,30,0.14,56.6,5.9,230,2026-09-26 08:40:00,PT5M,87.758,100.0,100.0,69.4962,53.06
557,553,569,177,31,0.14,56.0,5.9,230,2026-09-26 08:45:00,PT5M,88.598,100.0,100.0,70.3825,53.988
573,569,575,181,31,0.14,55.5,5.9,230,2026-09-26 08:50:00,PT5M,89.391,100.0,100.0,71.2302,54.885
589,585,580,184,31,0.14,54.9,5.9,230,2026-09-26 08:55:00,PT5M,90.141,100.0,100.0,72.0147,55.7005
605,601,586,186,31,0.14,54.3,6.0,230,2026-09-26 09:00:00,PT5M,90.856,100.0,100.0,72.8021,56.553
621,617,593,188,31,0.14,53.7,6.0,230,2026-09-26 09:05:00,PT5M,91.677,100.0,100.0,73.7065,57.5325
637,633,600,190,31,0.14,53.2,6.0,230,2026-09-26 09:10:00,PT5M,92.473,100.0,100.0,74.6901,58.685
653,648,608,191,31,0.14,52.6,6.0,230,2026-09-26 09:15:00,PT5M,93.23,100.0,100.0,75.6842,59.8925
668,663,615,193,31,0.14,52.1,6.1,230,2026-09-26 09:20:00,PT5M,93.951,100.0,100.0,76.6389,61.0575
683,678,622,194,32,0.14,51.5,6.1,230,2026-09-26 09:25:00,PT5M,94.637,100.0,100.0,77.5549,62.1805
698,693,628,195,32,0.14,51.0,6.1,230,2026-09-26 09:30:00,PT5M,95.29,100.0,100.0,78.4345,63.264
712,707,636,195,32,0.14,50.5,6.1,230,2026-09-26 09:35:00,PT5M,95.98,100.0,100.0,79.3469,64.3765
727,722,645,195,32,0.14,49.9,6.2,230,2026-09-26 09:40:00,PT5M,96.707,100.0,100.0,80.2923,65.5185
741,736,652,195,32,0.14,49.4,6.2,229,2026-09-26 09:45:00,PT5M,97.349,100.0,100.0,81.1435,66.558
755,750,659,195,32,0.14,48.9,6.2,229,2026-09-26 09:50:00,PT5M,97.954,100.0,100.0,81.9524,67.5505
769,763,666,195,32,0.14,48.4,6.2,229,2026-09-26 09:55:00,PT5M,98.533,100.0,100.0,82.7306,68.508
782,776,673,194,33,0.14,47.9,6.3,229,2026-09-26 10:00:00,PT5M,99.085,100.0,100.0,83.4739,69.4235
794,788,680,194,33,0.14,47.4,6.3,229,2026-09-26 10:05:00,PT5M,99.6,100.0,100.0,84.1731,70.2885
806,800,686,194,33,0.14,46.9,6.3,229,2026-09-26 10:10:00,PT5M,100.0,100.0,100.0,84.7508,71.026
818,812,692,194,33,0.14,46.4,6.3,229,2026-09-26 10:15:00,PT5M,100.0,100.0,100.0,84.9226,71.3525
829,823,697,193,33,0.14,46.0,6.4,229,2026-09-26 10:20:00,PT5M,100.0,100.0,100.0,85.0887,71.668
840,833,703,193,33,0.14,45.5,6.4,229,2026-09-26 10:25:00,PT5M,100.0,100.0,100.0,85.2502,71.975
850,844,709,192,33,0.14,45.0,6.4,229,2026-09-26 10:30:00,PT5M,100.0,100.0,100.0,85.4068,72.2725
860,854,714,191,34,0.14,44.6,6.4,229,2026-09-26 10:35:00,PT5M,100.0,100.0,100.0,85.5584,72.5605
870,863,719,190,34,0.14,44.1,6.5,229,2026-09-26 10:40:00,PT5M,100.0,100.0,100.0,85.7047,72.8385
879,872,725,189,34,0.14,43.6,6.5,229,2026-09-26 10:45:00,PT5M,100.0,100.0,100.0,85.8447,73.1045
887,881,730,188,34,0.14,43.2,6.5,229,2026-09-26 10:50:00,PT5M,100.0,100.0,100.0,85.9758,73.3535
895,889,735,187,34,0.14,42.8,6.5,228,2026-09-26 10:55:00,PT5M,100.0,100.0,100.0,86.0921,73.5745
903,896,740,186,34,0.14,42.3,6.6,228,2026-09-26 11:00:00,PT5M,100.0,100.0,100.0,86.1908,73.762
910,903,744,184,34,0.14,41.9,6.6,228,2026-09-26 11:05:00,PT5M,100.0,100.0,100.0,86.3002,73.97
917,910,749,183,35,0.14,41.5,6.6,228,2026-09-26 11:10:00,PT5M,100.0,100.0,100.0,86.4097,74.178
923,916,752,182,35,0.14,41.0,6.6,228,2026-09-26 11:15:00,PT5M,100.0,100.0,100.0,86.5031,74.3555
928,921,756,181,35,0.14,40.6,6.7,228,2026-09-26 11:20:00,PT5M,100.0,100.0,100.0,86.5855,74.512
933,926,760,180,35,0.14,40.2,6.7,228,2026-09-26 11:25:00,PT5M,100.0,100.0,100.0,86.6594,74.6525
938,930,763,179,35,0.14,39.8,6.7,228,2026-09-26 11:30:00,PT5M,100.0,100.0,100.0,86.7257,74.7785
939,932,761,181,35,0.14,39.6,6.7,228,2026-09-26 11:35:00,PT5M,100.0,100.0,100.0,86.7386,74.803
938,931,753,186,35,0.14,39.6,6.7,228,2026-09-26 11:40:00,PT5M,100.0,100.0,100.0,86.6965,74.723
936,929,746,190,35,0.14,39.6,6.7,228,2026-09-26 11:45:00,PT5M,100.0,100.0,100.0,86.646,74.627
933,926,737,195,35,0.14,39.5,6.8,228,2026-09-26 11:50:00,PT5M,100.0,100.0,100.0,86.5868,74.5145
930,923,729,200,35,0.14,39.5,6.8,228,2026-09-26 11:55:00,PT5M,100.0,100.0,100.0,86.5192,74.386
926,919,720,205,35,0.14,39.5,6.8,228,2026-09-26 12:00:00,PT5M,100.0,100.0,100.0,86.4429,74.241
922,915,713,209,35,0.14,39.5,6.8,228,2026-09-26 12:05:00,PT5M,100.0,100.0,100.0,86.361,74.0855
918,911,705,212,35,0.14,39.5,6.8,228,2026-09-26 12:10:00,PT5M,100.0,100.0,100.0,86.2736,73.9195
913,906,698,216,35,0.14,39.5,6.8,228,2026-09-26 12:15:00,PT5M,100.0,100.0,100.0,86.1786,73.739
907,900,690,219,35,0.14,39.5,6.8,228,2026-09-26 12:20:00,PT5M,100.0,100.0,100.0,86.076,73.544
901,894,683,222,35,0.14,39.5,6.8,228,2026-09-26 12:25:00,PT5M,100.0,100.0,100.0,85.966,73.335
894,888,675,225,35,0.14,39.5,6.8,228,2026-09-26 12:30:00,PT5M,100.0,100.0,100.0,85.8497,73.114
887,880,666,229,35,0.14,39.5,6.8,228,2026-09-26 12:35:00,PT5M,100.0,100.0,100.0,85.7276,72.882
878,872,655,233,35,0.14,39.5,6.8,228,2026-09-26 12:40:00,PT5M,99.511,100.0,100.0,85.1091,72.147
869,863,645,237,35,0.14,39.4,6.8,227,2026-09-26 12:45:00,PT5M,98.92,100.0,100.0,84.3802,71.294
859,853,634,241,35,0.14,39.4,6.8,227,2026-09-26 12:50:00,PT5M,98.303,100.0,100.0,83.6098,70.3855
849,844,624,244,35,0.14,39.4,6.9,227,2026-09-26 12:55:00,PT5M,97.662,100.0,100.0,82.8151,69.4525
839,833,613,248,35,0.14,39.4,6.9,227,2026-09-26 13:00:00,PT5M,97.007,100.0,100.0,82.0175,68.5265
828,823,602,251,35,0.14,39.4,6.9,227,2026-09-26 13:05:00,PT5M,96.313,100.0,100.0,81.1706,67.542
817,811,591,255,35,0.14,39.4,6.9,227,2026-09-26 13:10:00,PT5M,95.569,100.0,100.0,80.2558,66.4735
805,800,579,258,35,0.14,39.4,6.9,227,2026-09-26 13:15:00,PT5M,94.794,100.0,100.0,79.3035,65.3615
793,788,567,261,35,0.14,39.4,6.9,227,2026-09-26 13:20:00,PT5M,93.989,100.0,100.0,78.3158,64.2095
780,775,556,264,35,0.14,39.4,6.9,227,2026-09-26 13:25:00,PT5M,93.154,100.0,100.0,77.2948,63.021
768,763,544,266,35,0.14,39.4,6.9,227,2026-09-26 13:30:00,PT5M,92.289,100.0,100.0,76.2406,61.7965
755,750,534,268,35,0.14,39.4,6.9,227,2026-09-26 13:35:00,PT5M,91.458,100.0,100.0,75.2072,60.581
743,738,525,269,35,0.14,39.3,6.9,227,2026-09-26 13:40:00,PT5M,90.694,100.0,100.0,74.2277,59.4075
730,726,516,269,35,0.14,39.3,6.9,227,2026-09-26 13:45:00,PT5M,89.869,100.0,100.0,73.1845,58.168
717,713,507,270,35,0.14,39.3,6.9,227,2026-09-26 13:50:00,PT5M,89.011,100.0,100.0,72.1058,56.8905
704,700,497,270,35,0.14,39.3,6.9,227,2026-09-26 13:55:00,PT5M,88.122,100.0,100.0,70.9931,55.5765
691,686,488,270,35,0.14,39.3,7.0,227,2026-09-26 14:00:00,PT5M,87.202,100.0,100.0,69.847,54.227
677,673,479,269,35,0.14,39.3,7.0,227,2026-09-26 14:05:00,PT5M,86.246,100.0,100.0,68.66,52.832
663,659,469,269,35,0.14,39.3,7.0,227,2026-09-26 14:10:00,PT5M,85.259,100.0,100.0,67.4403,51.403
648,645,460,268,35,0.14,39.3,7.0,227,2026-09-26 14:15:00,PT5M,84.239,100.0,100.0,66.1859,49.9375
634,630,450,267,35,0.14,39.3,7.0,227,2026-09-26 14:20:00,PT5M,83.127,100.0,100.0,64.8344,48.3705
618,615,439,266,35,0.14,39.3,7.0,227,2026-09-26 14:25:00,PT5M,81.981,100.0,100.0,63.4479,46.7675
603,600,429,265,35,0.14,39.3,7.0,227,2026-09-26 14:30:00,PT5M,80.798,100.0,99.5719,62.0241,45.127
588,585,420,263,35,0.14,39.4,7.0,227,2026-09-26 14:35:00,PT5M,79.664,100.0,98.6529,60.6751,43.5845
573,570,411,260,35,0.14,39.8,7.0,226,2026-09-26 14:40:00,PT5M,78.577,100.0,97.7567,59.3973,42.135
558,555,403,258,35,0.14,40.1,7.0,226,2026-09-26 14:45:00,PT5M,77.452,100.0,96.6977,58.2063,40.8845
543,540,394,255,34,0.14,40.5,6.9,226,2026-09-26 14:50:00,PT5M,76.287,100.0,95.5891,56.9849,39.6125
527,525,385,251,34,0.14,40.8,6.9,226,2026-09-26 14:55:00,PT5M,75.08,100.0,94.4323,55.7277,38.31
512,510,377,248,34,0.14,41.2,6.9,226,2026-09-26 15:00:00,PT5M,73.932,100.0,93.3222,54.5418,37.09
497,494,369,244,34,0.14,41.6,6.9,226,2026-09-26 15:05:00,PT5M,72.685,100.0,92.0905,53.2795,35.814
481,478,358,241,34,0.14,41.9,6.9,226,2026-09-26 15:10:00,PT5M,71.321,100.0,90.7162,51.9258,34.4695
465,463,348,238,34,0.14,42.3,6.9,225,2026-09-26 15:15:00,PT5M,69.893,100.0,89.2337,50.5523,33.145
449,446,338,234,34,0.14,42.7,6.9,225,2026-09-26 15:20:00,PT5M,68.39,100.0,87.6939,49.0861,31.712
432,430,327,230,34,0.14,43.1,6.8,225,2026-09-26 15:25:00,PT5M,66.815,100.0,86.0642,47.5658,30.241
416,414,316,226,33,0.14,43.4,6.8,225,2026-09-26 15:30:00,PT5M,65.16,100.0,84.3331,45.9869,28.7305
399,397,305,221,33,0.14,43.8,6.8,225,2026-09-26 15:35:00,PT5M,63.418,99.6645,82.4948,44.3412,27.1715
382,381,293,217,33,0.14,44.2,6.8,225,2026-09-26 15:40:00,PT5M,61.564,97.5465,80.5018,42.6262,25.5815
365,364,281,212,33,0.14,44.6,6.8,224,2026-09-26 15:45:00,PT5M,59.587,95.2025,78.3317,40.8423,23.9715
349,347,268,207,33,0.14,45.0,6.8,224,2026-09-26 15:50:00,PT5M,57.49,92.646,75.9929,38.9871,22.334
332,330,256,201,33,0.14,45.4,6.7,224,2026-09-26 15:55:00,PT5M,55.279,89.8895,73.4948,37.0632,20.6685
315,313,243,195,33,0.14,45.8,6.7,224,2026-09-26 16:00:00,PT5M,52.964,86.953,70.8527,35.0753,18.975
298,297,230,189,32,0.14,46.2,6.7,224,2026-09-26 16:05:00,PT5M,50.663,84.0145,68.2161,33.1099,17.3115
281,280,219,182,32,0.14,46.6,6.7,224,2026-09-26 16:10:00,PT5M,48.456,81.165,65.671,31.241,15.747
265,264,207,175,32,0.14,47.1,6.7,223,2026-09-26 16:15:00,PT5M,46.043,77.9385,62.8298,29.2562,14.1475
248,248,196,168,32,0.14,47.5,6.7,223,2026-09-26 16:20:00,PT5M,42.739,72.463,58.383,27.095,13.015
232,232,184,160,32,0.14,47.9,6.7,223,2026-09-26 16:25:00,PT5M,39.472,67.1265,54.0268,24.9172,11.8175
216,215,171,152,32,0.14,48.3,6.6,223,2026-09-26 16:30:00,PT5M,36.232,61.797,49.687,22.777,10.667
200,200,158,144,32,0.14,48.8,6.6,223,2026-09-26 16:35:00,PT5M,33.028,56.5535,45.4096,20.6464,9.5025
184,184,145,136,32,0.14,49.2,6.6,222,2026-09-26 16:40:00,PT5M,29.866,51.3545,41.1756,18.5564,8.3775
168,168,130,128,31,0.14,49.7,6.6,222,2026-09-26 16:45:00,PT5M,26.74,46.21,36.9872,16.4928,7.27
153,153,116,119,31,0.14,50.1,6.6,222,2026-09-26 16:50:00,PT5M,23.694,41.1745,32.8941,14.4939,6.2135
138,137,100,111,31,0.14,50.6,6.6,222,2026-09-26 16:55:00,PT5M,20.756,36.294,28.9338,12.5782,5.218
122,122,81,102,31,0.14,51.0,6.5,222,2026-09-26 17:00:00,PT5M,17.777,31.4615,24.9793,10.5747,4.0925
107,107,59,93,31,0.14,51.5,6.5,222,2026-09-26 17:05:00,PT5M,14.952,26.887,21.2335,8.6705,3.017
92,92,38,84,31,0.14,51.9,6.5,221,2026-09-26 17:10:00,PT5M,12.19,22.445,17.5873,6.7927,1.935
78,78,16,75,31,0.14,52.4,6.5,221,2026-09-26 17:15:00,PT5M,9.667,18.269,14.1943,5.1397,1.065
65,65,0,65,30,0.14,52.9,6.5,221,2026-09-26 17:20:00,PT5M,7.615,14.586,11.2839,3.9461,0.644
53,53,0,53,30,0.14,53.4,6.5,221,2026-09-26 17:25:00,PT5M,6.104,11.516,8.9524,3.2556,0.692
41,42,0,42,30,0.14,53.8,6.5,221,2026-09-26 17:30:00,PT5M,4.633,8.5945,6.718,2.548,0.6715
32,32,0,32,30,0.14,54.3,6.4,221,2026-09-26 17:35:00,PT5M,3.398,6.1725,4.8582,1.9378,0.6235
23,23,0,23,30,0.14,54.7,6.4,221,2026-09-26 17:40:00,PT5M,2.297,4.0415,3.2151,1.3789,0.5525
15,15,0,15,30,0.14,55.2,6.4,221,2026-09-26 17:45:00,PT5M,1.285,2.303,1.8208,0.7492,0.267
8,8,0,8,30,0.14,55.6,6.3,221,2026-09-26 17:50:00,PT5M,0.363,0.7555,0.5696,0.1564,0.0
2,2,0,2,30,0.14,56.1,6.3,220,2026-09-26 17:55:00,PT5M,0.0,0.0,0.0,0.0,0.0
0,0,0,0,30,0.14,56.5,6.3,220,2026-09-26 18:00:00,PT5M,0.0,0.0,0.0,0.0,0.0
0,0,0,0,30,0.14,57.0,6.2,220,2026-09-26 18:05:00,PT5M,0.0,0.0,0.0,0.0,0.0
0,0,0,0,29,0.14,57.4,6.2,220,2026-09-26 18:10:00,PT5M,0.0,0.0,0.0,0.0,0.0
0,0,0,0,29,0.14,57.9,6.2,220,2026-09-26 18:15:00,PT5M,0.0,0.0,0.0,0.0,0.0
0,0,0,0,29,0.14,58.4,6.1,220,2026-09-26 18:20:00,PT5M,0.0,0.0,0.0,0.0,0.0
0,0,0,0,29,0.14,58.8,6.1,220,2026-09-26 18:25:00,PT5M,0.0,0.0,0.0,0.0,0.0
0,0,0,0,29,0.14,59.3,6.0,220,2026-09-26 18:30:00,PT5M,0.0,0.0,0.0,0.0,0.0
0,0,0,0,29,0.14,59.8,6.0,220,2026-09-26 18:35:00,PT5M,0.0,0.0,0.0,0.0,0.0
0,0,0,0,29,0.14,60.3,6.0,220,2026-09-26 18:40:00,PT5M,0.0,0.0,0.0,0.0,0.0
0,0,0,0,29,0.14,60.8,5.9,220,2026-09-26 18:45:00,PT5M,0.0,0.0,0.0,0.0,0.0
0,0,0,0,29,0.14,61.3,5.9,220,2026-09-26 18:50:00,PT5M,0.0,0.0,0.0,0.0,0.0
0,0,0,0,29,0.14,61.8,5.9,220,2026-09-26 18:55:00,PT5M,0.0,0.0,0.0,0.0,0.0
0,0,0,0,29,0.14,62.3,5.8,220,2026-09-26 19:00:00,PT5M,0.0,0.0,0.0,0.0,0.0
0,0,0,0,28,0.14,62.8,5.8,220,2026-09-26 19:05:00,PT5M,0.0,0.0,0.0,0.0,0.0
0,0,0,0,28,0.14,63.3,5.8,220,2026-09-26 19:10:00,PT5M,0.0,0.0,0.0,0.0,0.0
0,0,0,0,28,0.14,63.8,5.7,220,2026-09-26 19:15:00,PT5M,0.0,0.0,0.0,0.0,0.0
0,0,0,0,28,0.14,64.3,5.7,220,2026-09-26 19:20:00,PT5M,0.0,0.0,0.0,0.0,0.0
0,0,0,0,28,0.14,64.8,5.7,220,2026-09-26 19:25:00,PT5M,0.0,0.0,0.0,0.0,0.0
0,0,0,0,28,0.14,65.4,5.6,220,2026-09-26 19:30:00,PT5M,0.0,0.0,0.0,0.0,0.0
0,0,0,0,28,0.14,65.9,5.6,220,2026-09-26 19:35:00,PT5M,0.0,0.0,0.0,0.0,0.0
0,0,0,0,28,0.14,66.4,5.6,220,2026-09-26 19:40:00,PT5M,0.0,0.0,0.0,0.0,0.0
0,0,0,0,28,0.14,67.0,5.5,220,2026-09-26 19:45:00,PT5M,0.0,0.0,0.0,0.0,0.0
0,0,0,0,28,0.14,67.5,5.5,220,2026-09-26 19:50:00,PT5M,0.0,0.0,0.0,0.0,0.0
0,0,0,0,28,0.14,68.0,5.4,220,2026-09-26 19:55:00,PT5M,0.0,0.0,0.0,0.0,0.0
0,0,0,0,27,0.14,68.6,5.4,220,2026-09-26 20:00:00,PT5M,0.0,0.0,0.0,0.0,0.0
0,0,0,0,27,0.14,69.2,5.4,220,2026-09-26 20:05:00,PT5M,0.0,0.0,0.0,0.0,0.0
0,0,0,0,27,0.14,69.7,5.3,220,2026-09-26 20:10:00,PT5M,0.0,0.0,0.0,0.0,0.0
0,0,0,0,27,0.14,70.3,5.3,220,2026-09-26 20:15:00,PT5M,0.0,0.0,0.0,0.0,0.0
0,0,0,0,27,0.14,70.9,5.3,220,2026-09-26 20:20:00,PT5M,0.0,0.0,0.0,0.0,0.0
0,0,0,0,27,0.14,71.4,5.2,220,2026-09-26 20:25:00,PT5M,0.0,0.0,0.0,0.0,0.0
0,0,0,0,27,0.14,72.0,5.2,220,2026-09-26 20:30:00,PT5M,0.0,0.0,0.0,0.0,0.0
0,0,0,0,27,0.14,72.3,5.2,220,2026-09-26 20:35:00,PT5M,0.0,0.0,0.0,0.0,0.0
0,0,0,0,27,0.14,72.4,5.2,220,2026-09-26 20:40:00,PT5M,0.0,0.0,0.0,0.0,0.0
0,0,0,0,27,0.14,72.4,5.2,220,2026-09-26 20:45:00,PT5M,0.0,0.0,0.0,0.0,0.0
0,0,0,0,27,0.14,72.5,5.2,220,2026-09-26 20:50:00,PT5M,0.0,0.0,0.0,0.0,0.0
0,0,0,0,27,0.14,72.5,5.2,220,2026-09-26 20:55:00,PT5M,0.0,0.0,0.0,0.0,0.0
0,0,0,0,27,0.14,72.6,5.2,221,2026-09-26 21:00:00,PT5M,0.0,0.0,0.0,0.0,0.0
0,0,0,0,27,0.14,72.6,5.1,221,2026-09-26 21:05:00,PT5M,0.0,0.0,0.0,0.0,0.0
0,0,0,0,27,0.14,72.7,5.1,221,2026-09-26 21:10:00,PT5M,0.0,0.0,0.0,0.0,0.0
0,0,0,0,27,0.14,72.7,5.1,221,2026-09-26 21:15:00,PT5M,0.0,0.0,0.0,0.0,0.0
0,0,0,0,27,0.14,72.8,5.1,222,2026-09-26 21:20:00,PT5M,0.0,0.0,0.0,0.0,0.0
0,0,0,0,27,0.14,72.8,5.1,222,2026-09-26 21:25:00,PT5M,0.0,0.0,0.0,0.0,0.0
0,0,0,0,27,0.14,72.8,5.1,222,2026-09-26 21:30:00,PT5M,0.0,0.0,0.0,0.0,0.0
0,0,0,0,27,0.14,72.9,5.1,222,2026-09-26 21:35:00,PT5M,0.0,0.0,0.0,0.0,0.0
0,0,0,0,27,0.14,72.9,5.1,222,2026-09-26 21:40:00,PT5M,0.0,0.0,0.0,0.0,0.0
0,0,0,0,27,0.14,73.0,5.1,223,2026-09-26 21:45:00,PT5M,0.0,0.0,0.0,0.0,0.0
0,0,0,0,27,0.14,73.0,5.1,223,2026-09-26 21:50:00,PT5M,0.0,0.0,0.0,0.0,0.0
0,0,0,0,27,0.14,73.1,5.1,223,2026-09-26 21:55:00,PT5M,0.0,0.0,0.0,0.0,0.0
0,0,0,0,27,0.14,73.1,5.1,223,2026-09-26 22:00:00,PT5M,0.0,0.0,0.0,0.0,0.0
0,0,0,0,27,0.14,73.2,5.1,224,2026-09-26 22:05:00,PT5M,0.0,0.0,0.0,0.0,0.0
0,0,0,0,27,0.14,73.2,5.1,224,2026-09-26 22:10:00,PT5M,0.0,0.0,0.0,0.0,0.0
0,0,0,0,27,0.14,73.3,5.1,224,2026-09-26 22:15:00,PT5M,0.0,0.0,0.0,0.0,0.0
0,0,0,0,26,0.14,73.3,5.1,224,2026-09-26 22:20:00,PT5M,0.0,0.0,0.0,0.0,0.0
0,0,0,0,26,0.14,73.4,5.1,224,2026-09-26 22:25:00,PT5M,0.0,0.0,0.0,0.0,0.0
0,0,0,0,26,0.14,73.4,5.1,225,2026-09-26 22:30:00,PT5M,0.0,0.0,0.0,0.0,0.0
0,0,0,0,26,0.14,73.5,5.1,225,2026-09-26 22:35:00,PT5M,0.0,0.0,0.0,0.0,0.0
0,0,0,0,26,0.14,73.5,5.1,225,2026-09-26 22:40:00,PT5M,0.0,0.0,0.0,0.0,0.0
0,0,0,0,26,0.14,73.6,5.1,225,2026-09-26 22:45:00,PT5M,0.0,0.0,0.0,0.0,0.0
0,0,0,0,26,0.14,73.6,5.1,226,2026-09-26 22:50:00,PT5M,0.0,0.0,0.0,0.0,0.0
0,0,0,0,26,0.14,73.6,5.1,226,2026-09-26 22:55:00,PT5M,0.0,0.0,0.0,0.0,0.0
0,0,0,0,26,0.14,73.7,5.0,226,2026-09-26 23:00:00,PT5M,0.0,0.0,0.0,0.0,0.0
0,0,0,0,26,0.14,73.7,5.0,226,2026-09-26 23:05:00,PT5M,0.0,0.0,0.0,0.0,0.0
0,0,0,0,26,0.14,73.8,5.0,226,2026-09-26 23:10:00,PT5M,0.0,0.0,0.0,0.0,0.0
0,0,0,0,26,0.14,73.8,5.0,227,2026-09-26 23:15:00,PT5M,0.0,0.0,0.0,0.0,0.0
0,0,0,0,26,0.14,73.9,5.0,227,2026-09-26 23:20:00,PT5M,0.0,0.0,0.0,0.0,0.0
0,0,0,0,26,0.14,73.9,5.0,227,2026-09-26 23:25:00,PT5M,0.0,0.0,0.0,0.0,0.0
0,0,0,0,26,0.14,74.0,5.0,227,2026-09-26 23:30:00,PT5M,0.0,0.0,0.0,0.0,0.0
0,0,0,0,26,0.14,74.0,5.0,227,2026-09-26 23:35:00,PT5M,0.0,0.0,0.0,0.0,0.0
0,0,0,0,26,0.14,74.0,5.0,227,2026-09-26 23:40:00,PT5M,0.0,0.0,0.0,0.0,0.0
0,0,0,0,26,0.14,73.9,5.0,227,2026-09-26 23:45:00,PT5M,0.0,0.0,0.0,0.0,0.0
0,0,0,0,26,0.14,73.9,5.0,227,2026-09-26 23:50:00,PT5M,0.0,0.0,0.0,0.0,0.0
0,0,0,0,26,0.14,73.9,4.9,227,2026-09-26 23:55:00,PT5M,0.0,0.0,0.0,0.0,0.0
0,0,0,0,26,0.14,73.9,4.9,227,2026-09-27 00:00:00,PT5M,0.0,0.0,0.0,0.0,0.0
0,0,0,0,26,0.14,73.8,4.9,227,2026-09-27 00:05:00,PT5M,0.0,0.0,0.0,0.0,0.0
0,0,0,0,26,0.14,73.8,4.9,227,2026-09-27 00:10:00,PT5M,0.0,0.0,0.0,0.0,0.0
0,0,0,0,26,0.14,73.8,4.9,227,2026-09-27 00:15:00,PT5M,0.0,0.0,0.0,0.0,0.0
0,0,0,0,26,0.14,73.8,4.8,227,2026-09-27 00:20:00,PT5M,0.0,0.0,0.0,0.0,0.0
0,0,0,0,26,0.14,73.7,4.8,227,2026-09-27 00:25:00,PT5M,0.0,0.0,0.0,0.0,0.0
0,0,0,0,26,0.14,73.7,4.8,227,2026-09-27 00:30:00,PT5M,0.0,0.0,0.0,0.0,0.0
0,0,0,0,26,0.14,73.7,4.8,227,2026-09-27 00:35:00,PT5M,0.0,0.0,0.0,0.0,0.0
0,0,0,0,26,0.14,73.7,4.8,227,2026-09-27 00:40:00,PT5M,0.0,0.0,0.0,0.0,0.0
0,0,0,0,26,0.14,73.6,4.7,227,2026-09-27 00:45:00,PT5M,0.0,0.0,0.0,0.0,0.0
0,0,0,0,26,0.14,73.6,4.7,227,2026-09-27 00:50:00,PT5M,0.0,0.0,0.0,0.0,0.0
0,0,0,0,26,0.14,73.6,4.7,227,2026-09-27 00:55:00,PT5M,0.0,0.0,0.0,0.0,0.0
0,0,0,0,26,0.14,73.5,4.7,227,2026-09-27 01:00:00,PT5M,0.0,0.0,0.0,0.0,0.0
0,0,0,0,26,0.14,73.5,4.7,227,2026-09-27 01:05:00,PT5M,0.0,0.0,0.0,0.0,0.0
0,0,0,0,26,0.14,73.5,4.6,227,2026-09-27 01:10:00,PT5M,0.0,0.0,0.0,0.0,0.0
0,0,0,0,26,0.14,73.5,4.6,227,2026-09-27 01:15:00,PT5M,0.0,0.0,0.0,0.0,0.0
0,0,0,0,26,0.14,73.4,4.6,227,2026-09-27 01:20:00,PT5M,0.0,0.0,0.0,0.0,0.0
0,0,0,0,26,0.14,73.4,4.6,227,2026-09-27 01:25:00,PT5M,0.0,0.0,0.0,0.0,0.0
0,0,0,0,26,0.14,73.4,4.6,227,2026-09-27 01:30:00,PT5M,0.0,0.0,0.0,0.0,0.0
0,0,0,0,26,0.14,73.4,4.5,226,2026-09-27 01:35:00,PT5M,0.0,0.0,0.0,0.0,0.0
0,0,0,0,26,0.14,73.3,4.5,226,2026-09-27 01:40:00,PT5M,0.0,0.0,0.0,0.0,0.0
0,0,0,0,26,0.14,73.3,4.5,226,2026-09-27 01:45:00,PT5M,0.0,0.0,0.0,0.0,0.0
0,0,0,0,26,0.14,73.3,4.5,226,2026-09-27 01:50:00,PT5M,0.0,0.0,0.0,0.0,0.0
0,0,0,0,26,0.14,73.3,4.5,226,2026-09-27 01:55:00,PT5M,0.0,0.0,0.0,0.0,0.0
0,0,0,0,26,0.14,73.2,4.4,226,2026-09-27 02:00:00,PT5M,0.0,0.0,0.0,0.0,0.0
0,0,0,0,26,0.14,73.2,4.4,226,2026-09-27 02:05:00,PT5M,0.0,0.0,0.0,0.0,0.0
0,0,0,0,26,0.14,73.2,4.4,226,2026-09-27 02:10:00,PT5M,0.0,0.0,0.0,0.0,0.0
0,0,0,0,26,0.14,73.2,4.4,226,2026-09-27 02:15:00,PT5M,0.0,0.0,0.0,0.0,0.0
0,0,0,0,26,0.14,73.1,4.4,226,2026-09-27 02:20:00,PT5M,0.0,0.0,0.0,0.0,0.0
0,0,0,0,26,0.14,73.1,4.3,226,2026-09-27 02:25:00,PT5M,0.0,0.0,0.0,0.0,0.0
0,0,0,0,26,0.14,73.1,4.3,226,2026-09-27 02:30:00,PT5M,0.0,0.0,0.0,0.0,0.0
0,0,0,0,26,0.14,73.1,4.3,226,2026-09-27 02:35:00,PT5M,0.0,0.0,0.0,0.0,0.0
0,0,0,0,26,0.14,73.1,4.3,226,2026-09-27 02:40:00,PT5M,0.0,0.0,0.0,0.0,0.0
0,0,0,0,26,0.14,73.1,4.3,226,2026-09-27 02:45:00,PT5M,0.0,0.0,0.0,0.0,0.0
0,0,0,0,26,0.14,73.2,4.3,226,2026-09-27 02:50:00,PT5M,0.0,0.0,0.0,0.0,0.0
0,0,0,0,26,0.14,73.2,4.3,226,2026-09-27 02:55:00,PT5M,0.0,0.0,0.0,0.0,0.0
0,0,0,0,26,0.14,73.2,4.3,226,2026-09-27 03:00:00,PT5M,0.0,0.0,0.0,0.0,0.0
0,0,0,0,26,0.14,73.2,4.3,226,2026-09-27 03:05:00,PT5M,0.0,0.0,0.0,0.0,0.0
0,0,0,0,26,0.14,73.3,4.3,226,2026-09-27 03:10:00,PT5M,0.0,0.0,0.0,0.0,0.0
0,0,0,0,26,0.14,73.3,4.2,226,2026-09-27 03:15:00,PT5M,0.0,0.0,0.0,0.0,0.0
0,0,0,0,26,0.14,73.3,4.2,225,2026-09-27 03:20:00,PT5M,0.0,0.0,0.0,0.0,0.0
0,0,0,0,26,0.14,73.3,4.2,225,2026-09-27 03:25:00,PT5M,0.0,0.0,0.0,0.0,0.0
0,0,0,0,26,0.14,73.4,4.2,225,2026-09-27 03:30:00,PT5M,0.0,0.0,0.0,0.0,0.0
0,0,0,0,26,0.14,73.4,4.2,225,2026-09-27 03:35:00,PT5M,0.0,0.0,0.0,0.0,0.0
0,0,0,0,26,0.14,73.4,4.2,225,2026-09-27 03:40:00,PT5M,0.0,0.0,0.0,0.0,0.0
0,0,0,0,26,0.14,73.4,4.2,225,2026-09-27 03:45:00,PT5M,0.0,0.0,0.0,0.0,0.0
0,0,0,0,26,0.14,73.5,4.2,225,2026-09-27 03:50:00,PT5M,0.0,0.0,0.0,0.0,0.0
0,0,0,0,26,0.14,73.5,4.2,225,2026-09-27 03:55:00,PT5M,0.0,0.0,0.0,0.0,0.0
0,0,0,0,26,0.14,73.5,4.2,225,2026-09-27 04:00:00,PT5M,0.0,0.0,0.0,0.0,0.0
0,0,0,0,26,0.14,73.5,4.2,225,2026-09-27 04:05:00,PT5M,0.0,0.0,0.0,0.0,0.0
0,0,0,0,26,0.14,73.6,4.2,225,2026-09-27 04:10:00,PT5M,0.0,0.0,0.0,0.0,0.0
0,0,0,0,26,0.14,73.6,4.2,225,2026-09-27 04:15:00,PT5M,0.0,0.0,0.0,0.0,0.0
0,0,0,0,26,0.14,73.6,4.1,225,2026-09-27 04:20:00,PT5M,0.0,0.0,0.0,0.0,0.0
0,0,0,0,26,0.14,73.6,4.1,225,2026-09-27 04:25:00,PT5M,0.0,0.0,0.0,0.0,0.0
0,0,0,0,26,0.14,73.7,4.1,225,2026-09-27 04:30:00,PT5M,0.0,0.0,0.0,0.0,0.0
0,0,0,0,26,0.14,73.7,4.1,225,2026-09-27 04:35:00,PT5M,0.0,0.0,0.0,0.0,0.0
0,0,0,0,26,0.14,73.7,4.1,225,2026-09-27 04:40:00,PT5M,0.0,0.0,0.0,0.0,0.0
0,0,0,0,26,0.14,73.7,4.1,225,2026-09-27 04:45:00,PT5M,0.0,0.0,0.0,0.0,0.0
0,0,0,0,26,0.14,73.8,4.1,224,2026-09-27 04:50:00,PT5M,0.0,0.0,0.0,0.0,0.0
0,0,0,0,26,0.14,73.8,4.1,224,2026-09-27 04:55:00,PT5M,0.0,0.0,0.0,0.0,0.0
0,0,0,0,26,0.14,73.8,4.1,224,2026-09-27 05:00:00,PT5M,0.0,0.0,0.0,0.0,0.0
0,0,0,0,26,0.14,73.8,4.1,224,2026-09-27 05:05:00,PT5M,0.0,0.0,0.0,0.0,0.0
0,0,0,0,26,0.14,73.9,4.1,224,2026-09-27 05:10:00,PT5M,0.0,0.0,0.0,0.0,0.0
0,0,0,0,26,0.14,73.9,4.1,224,2026-09-27 05:15:00,PT5M,0.0,0.0,0.0,0.0,0.0
0,0,0,0,26,0.14,73.9,4.1,224,2026-09-27 05:20:00,PT5M,0.0,0.0,0.0,0.0,0.0
0,0,0,0,26,0.14,73.9,4.0,224,2026-09-27 05:25:00,PT5M,0.0,0.0,0.0,0.0,0.0
0,0,0,0,26,0.14,74.0,4.0,224,2026-09-27 05:30:00,PT5M,0.0,0.0,0.0,0.0,0.0
0,0,0,0,26,0.14,73.7,4.0,224,2026-09-27 05:35:00,PT5M,0.0,0.0,0.0,0.0,0.0
0,0,0,0,26,0.14,73.2,4.1,224,2026-09-27 05:40:00,PT5M,0.0,0.0,0.0,0.0,0.0
0,0,0,0,26,0.14,72.6,4.1,225,2026-09-27 05:45:00,PT5M,0.0,0.0,0.0,0.0,0.0
0,0,0,0,26,0.14,72.1,4.1,225,2026-09-27 05:50:00,PT5M,0.0,0.0,0.0,0.0,0.0
0,0,0,0,27,0.14,71.6,4.2,225,2026-09-27 05:55:00,PT5M,0.0,0.0,0.0,0.0,0.0
1,1,0,1,27,0.14,71.1,4.2,226,2026-09-27 06:00:00,PT5M,0.0,0.0,0.0,0.0,0.0
6,6,0,6,27,0.14,70.6,4.2,226,2026-09-27 06:05:00,PT5M,0.106,0.4785,0.302,0.0,0.0
12,12,0,12,27,0.14,70.1,4.3,226,2026-09-27 06:10:00,PT5M,0.878,1.936,1.4348,0.3212,0.0
18,18,0,18,27,0.14,69.6,4.3,227,2026-09-27 06:15:00,PT5M,1.76,3.76,2.8126,0.7074,0.0
26,26,0,26,27,0.14,69.1,4.3,227,2026-09-27 06:20:00,PT5M,2.748,5.995,4.4569,1.0391,0.0
35,35,0,35,27,0.14,68.6,4.3,227,2026-09-27 06:25:00,PT5M,3.876,8.5145,6.3173,1.4347,0.0
46,46,0,46,27,0.14,68.1,4.4,227,2026-09-27 06:30:00,PT5M,5.25,11.537,8.5589,1.9411,0.0
57,57,0,57,28,0.14,67.6,4.4,228,2026-09-27 06:35:00,PT5M,6.709,14.7935,10.9639,2.4541,0.0
70,70,0,70,28,0.14,67.1,4.4,228,2026-09-27 06:40:00,PT5M,8.215,18.1635,13.451,2.979,0.0
83,83,1,83,28,0.14,66.6,4.5,228,2026-09-27 06:45:00,PT5M,9.924,21.7405,16.1431,3.7049,0.0
98,98,24,93,28,0.14,66.2,4.5,228,2026-09-27 06:50:00,PT5M,12.655,26.343,19.8591,5.4509,0.0
113,113,49,101,28,0.14,65.7,4.5,229,2026-09-27 06:55:00,PT5M,15.596,31.2365,23.8277,7.3643,0.0
129,129,74,110,28,0.14,65.2,4.6,229,2026-09-27 07:00:00,PT5M,18.801,36.4475,28.0885,9.5135,1.1545
145,145,95,118,28,0.14,64.8,4.6,229,2026-09-27 07:05:00,PT5M,21.942,41.626,32.3018,11.5822,2.258
162,161,115,126,28,0.14,64.3,4.6,229,2026-09-27 07:10:00,PT5M,25.318,47.0245,36.7423,13.8937,3.6115
179,178,136,134,28,0.14,63.8,4.6,230,2026-09-27 07:15:00,PT5M,28.9,52.6365,41.3927,16.4073,5.1635
196,195,156,141,29,0.14,63.4,4.7,230,2026-09-27 07:20:00,PT5M,32.653,58.4165,46.2125,19.0935,6.8895
214,213,177,148,29,0.14,62.9,4.7,230,2026-09-27 07:25:00,PT5M,36.582,64.358,51.2007,21.9633,8.806
232,231,199,154,29,0.14,62.5,4.7,230,2026-09-27 07:30:00,PT5M,40.69,70.4695,56.3632,25.0168,10.9105
251,250,221,160,29,0.14,62.0,4.8,231,2026-09-27 07:35:00,PT5M,45.029,76.8285,61.7653,28.2927,13.2295
271,270,244,165,29,0.14,61.6,4.8,231,2026-09-27 07:40:00,PT5M,49.637,83.5455,67.4833,31.7907,15.7285
291,290,268,170,29,0.14,61.2,4.8,231,2026-09-27 07:45:00,PT5M,53.445,88.1925,71.7329,35.1571,18.6975
312,310,293,174,29,0.14,60.7,4.9,231,2026-09-27 07:50:00,PT5M,56.997,92.192,75.5204,38.4736,21.802
333,331,318,177,29,0.14,60.3,4.9,231,2026-09-27 07:55:00,PT5M,60.505,96.0855,79.2313,41.7787,24.9245
354,352,344,179,29,0.14,59.9,4.9,232,2026-09-27 08:00:00,PT5M,63.954,99.852,82.8474,45.0606,28.056
376,374,370,181,30,0.14,59.5,5.0,232,2026-09-27 08:05:00,PT5M,67.294,100.0,86.3142,48.2738,31.155
399,396,397,181,30,0.14,59.0,5.0,232,2026-09-27 08:10:00,PT5M,70.569,100.0,89.67,51.468,34.2765
421,419,425,181,30,0.14,58.6,5.0,232,2026-09-27 08:15:00,PT5M,73.725,100.0,92.8571,54.5929,37.3735
445,441,453,180,30,0.14,58.2,5.1,232,2026-09-27 08:20:00,PT5M,76.74,100.0,95.8478,57.6322,40.4345
468,464,481,179,30,0.14,57.8,5.1,233,2026-09-27 08:25:00,PT5M,79.599,100.0,98.6261,60.5719,43.447
491,488,510,176,30,0.14,57.4,5.1,233,2026-09-27 08:30:00,PT5M,82.354,100.0,100.0,63.404,46.3485
511,508,528,176,30,0.14,56.9,5.2,233,2026-09-27 08:35:00,PT5M,84.157,100.0,100.0,65.2807,48.2915
528,524,534,180,30,0.14,56.4,5.2,233,2026-09-27 08:40:00,PT5M,85.043,100.0,100.0,66.1933,49.228
544,540,539,183,31,0.14,55.8,5.2,233,2026-09-27 08:45:00,PT5M,85.875,100.0,100.0,67.059,50.124
560,555,544,187,31,0.14,55.3,5.2,233,2026-09-27 08:50:00,PT5M,86.718,100.0,100.0,67.9428,51.0445
575,571,550,190,31,0.14,54.8,5.3,233,2026-09-27 08:55:00,PT5M,87.464,100.0,100.0,68.7364,51.881
590,586,554,193,31,0.14,54.2,5.3,233,2026-09-27 09:00:00,PT5M,88.18,100.0,100.0,69.5066,52.7
606,601,560,196,31,0.14,53.7,5.3,233,2026-09-27 09:05:00,PT5M,88.964,100.0,100.0,70.483,53.8495
621,616,566,199,31,0.14,53.2,5.3,232,2026-09-27 09:10:00,PT5M,89.697,100.0,100.0,71.4228,54.9755
636,631,571,202,31,0.14,52.7,5.4,232,2026-09-27 09:15:00,PT5M,90.399,100.0,100.0,72.328,56.0635
651,646,576,204,32,0.14,52.2,5.4,232,2026-09-27 09:20:00,PT5M,91.07,100.0,100.0,73.1982,57.113
665,660,581,207,32,0.14,51.7,5.4,232,2026-09-27 09:25:00,PT5M,91.713,100.0,100.0,74.0362,58.1265
679,673,586,209,32,0.14,51.2,5.4,232,2026-09-27 09:30:00,PT5M,92.329,100.0,100.0,74.8432,59.1055
692,687,591,211,32,0.14,50.7,5.5,232,2026-09-27 09:35:00,PT5M,92.918,100.0,100.0,75.6093,60.031
706,700,595,213,32,0.14,50.2,5.5,232,2026-09-27 09:40:00,PT5M,93.483,100.0,100.0,76.3372,60.9055
718,712,599,216,32,0.14,49.8,5.5,232,2026-09-27 09:45:00,PT5M,93.969,100.0,100.0,76.9764,61.6825
730,724,602,218,32,0.14,49.3,5.5,232,2026-09-27 09:50:00,PT5M,94.426,100.0,100.0,77.5805,62.419
742,736,605,220,33,0.14,48.8,5.6,232,2026-09-27 09:55:00,PT5M,94.862,100.0,100.0,78.1578,63.1235
753,747,608,222,33,0.14,48.3,5.6,232,2026-09-27 10:00:00,PT5M,95.276,100.0,100.0,78.7044,63.7895
764,758,611,224,33,0.14,47.9,5.6,232,2026-09-27 10:05:00,PT5M,95.678,100.0,100.0,79.2335,64.433
775,769,614,226,33,0.14,47.4,5.6,232,2026-09-27 10:10:00,PT5M,96.068,100.0,100.0,79.7454,65.0545
785,779,617,227,33,0.14,47.0,5.7,232,2026-09-27 10:15:00,PT5M,96.435,100.0,100.0,80.2279,65.641
795,789,620,229,33,0.14,46.5,5.7,232,2026-09-27 10:20:00,PT5M,96.778,100.0,100.0,80.6804,66.192
804,798,623,230,33,0.14,46.1,5.7,232,2026-09-27 10:25:00,PT5M,97.102,100.0,100.0,81.1086,66.714
813,807,626,231,34,0.14,45.7,5.7,232,2026-09-27 10:30:00,PT5M,97.406,100.0,100.0,81.5115,67.206
822,816,630,232,34,0.14,45.2,5.8,232,2026-09-27 10:35:00,PT5M,97.749,100.0,100.0,81.9485,67.7275
831,825,635,231,34,0.14,44.8,5.8,232,2026-09-27 10:40:00,PT5M,98.13,100.0,100.0,82.4176,68.276
840,834,640,231,34,0.14,44.4,5.8,231,2026-09-27 10:45:00,PT5M,98.486,100.0,100.0,82.8552,68.787
849,842,645,231,34,0.14,44.0,5.8,231,2026-09-27 10:50:00,PT5M,98.816,100.0,100.0,83.2584,69.256
856,850,649,230,34,0.14,43.5,5.9,231,2026-09-27 10:55:00,PT5M,99.118,100.0,100.0,83.6183,69.668
864,857,654,229,34,0.14,43.1,5.9,231,2026-09-27 11:00:00,PT5M,99.395,100.0,100.0,83.9392,70.0285
871,864,659,228,34,0.14,42.7,5.9,231,2026-09-27 11:05:00,PT5M,99.659,100.0,100.0,84.2571,70.395
877,870,663,228,35,0.14,42.3,5.9,231,2026-09-27 11:10:00,PT5M,99.903,100.0,100.0,84.5548,70.741
883,876,667,227,35,0.14,41.9,6.0,231,2026-09-27 11:15:00,PT5M,100.0,100.0,100.0,84.69,70.9105
889,882,671,226,35,0.14,41.5,6.0,231,2026-09-27 11:20:00,PT5M,100.0,100.0,100.0,84.7189,70.9655
894,887,675,224,35,0.14,41.2,6.0,231,2026-09-27 11:25:00,PT5M,100.0,100.0,100.0,84.7403,71.006
898,891,679,223,35,0.14,40.8,6.0,231,2026-09-27 11:30:00,PT5M,100.0,100.0,100.0,84.7547,71.0335
900,893,678,225,35,0.14,40.5,6.1,231,2026-09-27 11:35:00,PT5M,100.0,100.0,100.0,84.7542,71.0325
899,892,671,229,35,0.14,40.4,6.1,230,2026-09-27 11:40:00,PT5M,100.0,100.0,100.0,84.7374,71.0005
897,890,664,233,35,0.14,40.4,6.1,230,2026-09-27 11:45:00,PT5M,99.958,100.0,100.0,84.6711,70.9125
895,888,657,237,35,0.14,40.3,6.1,229,2026-09-27 11:50:00,PT5M,99.612,100.0,100.0,84.2941,70.5075
892,885,650,241,35,0.14,40.2,6.1,229,2026-09-27 11:55:00,PT5M,99.243,100.0,100.0,83.8864,70.065
889,882,643,245,35,0.14,40.1,6.2,228,2026-09-27 12:00:00,PT5M,98.903,100.0,100.0,83.5004,69.6375
885,878,636,248,35,0.14,40.0,6.2,228,2026-09-27 12:05:00,PT5M,98.602,100.0,100.0,83.147,69.237
880,874,629,252,35,0.14,40.0,6.2,227,2026-09-27 12:10:00,PT5M,98.283,100.0,100.0,82.7696,68.807
875,869,621,255,35,0.14,39.9,6.2,227,2026-09-27 12:15:00,PT5M,97.94,100.0,100.0,82.361,68.3395
870,863,614,258,35,0.14,39.8,6.3,227,2026-09-27 12:20:00,PT5M,97.572,100.0,100.0,81.9212,67.835
864,858,607,261,35,0.14,39.7,6.3,226,2026-09-27 12:25:00,PT5M,97.181,100.0,100.0,81.4518,67.295
858,851,599,264,35,0.14,39.6,6.3,226,2026-09-27 12:30:00,PT5M,96.767,100.0,100.0,80.9538,66.7215
852,846,594,265,35,0.14,39.5,6.3,225,2026-09-27 12:35:00,PT5M,96.448,100.0,100.0,80.5572,66.255
847,841,590,266,35,0.14,39.5,6.4,225,2026-09-27 12:40:00,PT5M,96.223,100.0,100.0,80.2591,65.891
841,835,587,266,35,0.14,39.4,6.4,224,2026-09-27 12:45:00,PT5M,95.976,100.0,100.0,79.9305,65.489
835,829,584,266,35,0.14,39.3,6.4,224,2026-09-27 12:50:00,PT5M,95.701,100.0,100.0,79.5602,65.033
829,823,580,266,35,0.14,39.2,6.4,223,2026-09-27 12:55:00,PT5M,95.408,100.0,100.0,79.1717,64.5585
822,816,577,266,35,0.14,39.1,6.5,223,2026-09-27 13:00:00,PT5M,95.104,100.0,100.0,78.7827,64.093
815,809,573,266,35,0.14,39.0,6.5,223,2026-09-27 13:05:00,PT5M,94.768,100.0,100.0,78.3493,63.572
807,801,569,266,35,0.14,39.0,6.5,222,2026-09-27 13:10:00,PT5M,94.393,100.0,100.0,77.8625,62.9845
799,793,564,266,35,0.14,38.9,6.5,222,2026-09-27 13:15:00,PT5M,93.991,100.0,100.0,77.3415,62.3565
790,784,560,265,35,0.14,38.8,6.6,221,2026-09-27 13:20:00,PT5M,93.563,100.0,100.0,76.7893,61.6925
781,775,555,265,35,0.14,38.7,6.6,221,2026-09-27 13:25:00,PT5M,93.11,100.0,100.0,76.2082,60.996
771,766,551,264,35,0.14,38.6,6.6,221,2026-09-27 13:30:00,PT5M,92.633,100.0,100.0,75.5993,60.2685
760,755,544,265,35,0.14,38.6,6.7,220,2026-09-27 13:35:00,PT5M,92.008,100.0,100.0,74.8288,59.367
748,743,535,265,35,0.14,38.5,6.7,220,2026-09-27 13:40:00,PT5M,91.233,100.0,100.0,73.8943,58.289
736,730,525,266,35,0.14,38.4,6.7,219,2026-09-27 13:45:00,PT5M,90.452,100.0,100.0,72.9504,57.1985
723,718,516,267,35,0.14,38.3,6.8,219,2026-09-27 13:50:00,PT5M,89.614,100.0,100.0,71.9459,56.044
709,705,507,267,35,0.14,38.2,6.8,219,2026-09-27 13:55:00,PT5M,88.744,100.0,100.0,70.9056,54.8505
696,691,498,267,35,0.14,38.2,6.8,218,2026-09-27 14:00:00,PT5M,87.842,100.0,100.0,69.8294,53.6175
682,678,489,267,35,0.14,38.1,6.8,218,2026-09-27 14:05:00,PT5M,86.907,100.0,100.0,68.7144,52.3405
668,664,479,266,35,0.14,38.0,6.9,217,2026-09-27 14:10:00,PT5M,85.94,100.0,100.0,67.5648,51.0265
654,649,470,266,35,0.14,37.9,6.9,217,2026-09-27 14:15:00,PT5M,84.932,100.0,100.0,66.3705,49.6645
639,635,460,265,35,0.14,37.8,6.9,217,2026-09-27 14:20:00,PT5M,83.841,100.0,100.0,65.0874,48.2085
624,620,449,264,35,0.14,37.8,7.0,216,2026-09-27 14:25:00,PT5M,82.715,100.0,100.0,63.7672,46.7135
608,605,439,263,35,0.14,37.7,7.0,216,2026-09-27 14:30:00,PT5M,81.553,100.0,100.0,62.4086,45.178
595,591,433,259,35,0.14,37.8,7.0,216,2026-09-27 14:35:00,PT5M,80.712,100.0,100.0,61.4113,44.04
583,579,432,255,35,0.14,38.2,7.0,216,2026-09-27 14:40:00,PT5M,80.2,100.0,99.6199,60.7801,43.3015
571,567,431,250,35,0.14,38.5,7.0,216,2026-09-27 14:45:00,PT5M,79.66,100.0,99.2047,60.1153,42.5245
558,555,430,244,35,0.14,38.9,7.0,216,2026-09-27 14:50:00,PT5M,79.091,100.0,98.747,59.435,41.744
546,542,428,239,35,0.14,39.3,7.0,216,2026-09-27 14:55:00,PT5M,78.492,100.0,98.1404,58.8436,41.1595
533,530,428,233,35,0.14,39.6,6.9,216,2026-09-27 15:00:00,PT5M,77.98,100.0,97.6115,58.3485,40.6795
520,517,427,228,34,0.14,40.0,6.9,216,2026-09-27 15:05:00,PT5M,77.402,100.0,97.0051,57.7989,40.1555
507,503,425,223,34,0.14,40.4,6.9,216,2026-09-27 15:10:00,PT5M,76.747,100.0,96.3075,57.1865,39.5815
493,489,422,218,34,0.14,40.7,6.9,217,2026-09-27 15:15:00,PT5M,76.049,100.0,95.5603,56.5377,38.977
478,475,419,212,34,0.14,41.1,6.9,217,2026-09-27 15:20:00,PT5M,75.294,100.0,94.7163,55.8717,38.391
464,461,416,207,34,0.14,41.5,6.9,217,2026-09-27 15:25:00,PT5M,74.481,100.0,93.8333,55.1287,37.711
449,446,412,201,34,0.14,41.9,6.8,217,2026-09-27 15:30:00,PT5M,73.602,100.0,92.8691,54.3349,36.994
434,431,409,196,34,0.14,42.3,6.8,217,2026-09-27 15:35:00,PT5M,72.726,100.0,91.8936,53.5584,36.307
419,416,406,190,33,0.14,42.7,6.8,217,2026-09-27 15:40:00,PT5M,71.799,100.0,90.8261,52.7719,35.647
404,401,403,184,33,0.14,43.1,6.8,217,2026-09-27 15:45:00,PT5M,70.734,100.0,89.5729,51.8951,34.9395
388,386,398,178,33,0.14,43.5,6.8,217,2026-09-27 15:50:00,PT5M,69.534,100.0,88.1419,50.9261,34.1785
372,370,394,172,33,0.14,43.9,6.8,217,2026-09-27 15:55:00,PT5M,68.204,100.0,86.5426,49.8654,33.36
356,354,388,166,33,0.14,44.3,6.7,217,2026-09-27 16:00:00,PT5M,66.753,100.0,84.789,48.717,32.484
340,337,382,159,33,0.14,44.8,6.7,218,2026-09-27 16:05:00,PT5M,65.223,98.877,82.9353,47.5107,31.569
323,321,376,153,33,0.14,45.2,6.7,218,2026-09-27 16:10:00,PT5M,63.623,96.628,80.9938,46.2522,30.618
306,304,369,147,32,0.14,45.6,6.7,218,2026-09-27 16:15:00,PT5M,61.582,93.593,78.4296,44.7344,29.571
290,287,362,140,32,0.14,46.0,6.7,218,2026-09-27 16:20:00,PT5M,57.983,87.7575,73.6535,42.3125,28.2085
273,271,354,133,32,0.14,46.5,6.7,218,2026-09-27 16:25:00,PT5M,54.377,82.0205,68.926,39.828,26.7335
255,254,345,127,32,0.14,46.9,6.7,218,2026-09-27 16:30:00,PT5M,50.72,76.266,64.165,37.275,25.174
238,236,334,120,32,0.14,47.4,6.6,218,2026-09-27 16:35:00,PT5M,46.948,70.406,59.2941,34.6019,23.49
220,219,321,114,32,0.14,47.8,6.6,218,2026-09-27 16:40:00,PT5M,43.05,64.4275,54.3011,31.7989,21.6725
203,201,306,107,32,0.14,48.3,6.6,218,2026-09-27 16:45:00,PT5M,39.153,58.432,49.2997,29.0063,19.874
185,184,290,101,32,0.14,48.7,6.6,218,2026-09-27 16:50:00,PT5M,35.271,52.5315,44.3553,26.1867,18.0105
167,166,272,94,31,0.14,49.2,6.6,219,2026-09-27 16:55:00,PT5M,31.446,46.742,39.4964,23.3956,16.15
149,148,247,88,31,0.14,49.6,6.6,219,2026-09-27 17:00:00,PT5M,27.42,40.853,34.4899,20.3501,13.987
131,130,218,82,31,0.14,50.1,6.5,219,2026-09-27 17:05:00,PT5M,23.529,35.2165,29.6802,17.3778,11.8415
114,113,188,75,31,0.14,50.6,6.5,219,2026-09-27 17:10:00,PT5M,19.775,29.8025,25.0525,14.4975,9.7475
97,96,158,68,31,0.14,51.1,6.5,219,2026-09-27 17:15:00,PT5M,16.219,24.602,20.631,11.807,7.836
81,80,126,60,31,0.14,51.6,6.5,219,2026-09-27 17:20:00,PT5M,12.892,19.6385,16.4427,9.3413,6.1455
66,65,93,53,31,0.14,52.1,6.5,219,2026-09-27 17:25:00,PT5M,9.725,14.9115,12.4547,6.9953,4.5385
52,52,63,45,30,0.14,52.6,6.5,219,2026-09-27 17:30:00,PT5M,7.018,10.7925,9.0045,5.0315,3.2435
39,39,33,36,30,0.14,53.0,6.4,219,2026-09-27 17:35:00,PT5M,4.813,7.3825,6.1653,3.4607,2.2435
28,28,2,28,30,0.14,53.3,6.4,220,2026-09-27 17:40:00,PT5M,3.03,4.5645,3.8376,2.2224,1.4955
18,18,0,18,30,0.14,53.6,6.3,220,2026-09-27 17:45:00,PT5M,1.728,2.5855,2.1793,1.2767,0.8705
9,9,0,9,30,0.14,54.0,6.2,220,2026-09-27 17:50:00,PT5M,0.557,0.905,0.7402,0.3738,0.209
2,2,0,2,30,0.14,54.3,6.2,220,2026-09-27 17:55:00,PT5M,0.0,0.0,0.0,0.0,0.0
0,0,0,0,30,0.14,54.6,6.1,220,2026-09-27 18:00:00,PT5M,0.0,0.0,0.0,0.0,0.0
0,0,0,0,30,0.14,55.0,6.1,220,2026-09-27 18:05:00,PT5M,0.0,0.0,0.0,0.0,0.0
0,0,0,0,30,0.14,55.3,6.0,220,2026-09-27 18:10:00,PT5M,0.0,0.0,0.0,0.0,0.0
0,0,0,0,30,0.14,55.6,5.9,221,2026-09-27 18:15:00,PT5M,0.0,0.0,0.0,0.0,0.0
0,0,0,0,30,0.14,56.0,5.9,221,2026-09-27 18:20:00,PT5M,0.0,0.0,0.0,0.0,0.0
0,0,0,0,29,0.14,56.3,5.8,221,2026-09-27 18:25:00,PT5M,0.0,0.0,0.0,0.0,0.0
0,0,0,0,29,0.14,56.7,5.7,221,2026-09-27 18:30:00,PT5M,0.0,0.0,0.0,0.0,0.0
0,0,0,0,29,0.14,57.0,5.7,221,2026-09-27 18:35:00,PT5M,0.0,0.0,0.0,0.0,0.0
0,0,0,0,29,0.14,57.4,5.6,221,2026-09-27 18:40:00,PT5M,0.0,0.0,0.0,0.0,0.0
0,0,0,0,29,0.14,57.8,5.6,222,2026-09-27 18:45:00,PT5M,0.0,0.0,0.0,0.0,0.0
0,0,0,0,29,0.14,58.1,5.5,222,2026-09-27 18:50:00,PT5M,0.0,0.0,0.0,0.0,0.0
0,0,0,0,29,0.14,58.5,5.4,222,2026-09-27 18:55:00,PT5M,0.0,0.0,0.0,0.0,0.0
0,0,0,0,29,0.14,58.8,5.4,222,2026-09-27 19:00:00,PT5M,0.0,0.0,0.0,0.0,0.0
0,0,0,0,29,0.14,59.2,5.3,222,2026-09-27 19:05:00,PT5M,0.0,0.0,0.0,0.0,0.0
0,0,0,0,29,0.14,59.6,5.3,223,2026-09-27 19:10:00,PT5M,0.0,0.0,0.0,0.0,0.0
0,0,0,0,29,0.14,59.9,5.2,223,2026-09-27 19:15:00,PT5M,0.0,0.0,0.0,0.0,0.0
0,0,0,0,28,0.14,60.3,5.1,223,2026-09-27 19:20:00,PT5M,0.0,0.0,0.0,0.0,0.0
0,0,0,0,28,0.14,60.7,5.1,223,2026-09-27 19:25:00,PT5M,0.0,0.0,0.0,0.0,0.0
0,0,0,0,28,0.14,61.1,5.0,224,2026-09-27 19:30:00,PT5M,0.0,0.0,0.0,0.0,0.0
0,0,0,0,28,0.14,61.4,4.9,224,2026-09-27 19:35:00,PT5M,0.0,0.0,0.0,0.0,0.0
0,0,0,0,28,0.14,61.8,4.9,224,2026-09-27 19:40:00,PT5M,0.0,0.0,0.0,0.0,0.0
0,0,0,0,28,0.14,62.2,4.8,224,2026-09-27 19:45:00,PT5M,0.0,0.0,0.0,0.0,0.0
0,0,0,0,28,0.14,62.6,4.8,224,2026-09-27 19:50:00,PT5M,0.0,0.0,0.0,0.0,0.0
0,0,0,0,28,0.14,63.0,4.7,225,2026-09-27 19:55:00,PT5M,0.0,0.0,0.0,0.0,0.0
0,0,0,0,28,0.14,63.4,4.6,225,2026-09-27 20:00:00,PT5M,0.0,0.0,0.0,0.0,0.0
0,0,0,0,28,0.14,63.8,4.6,225,2026-09-27 20:05:00,PT5M,0.0,0.0,0.0,0.0,0.0
0,0,0,0,28,0.14,64.2,4.5,226,2026-09-27 20:10:00,PT5M,0.0,0.0,0.0,0.0,0.0
0,0,0,0,28,0.14,64.6,4.5,226,2026-09-27 20:15:00,PT5M,0.0,0.0,0.0,0.0,0.0
0,0,0,0,27,0.14,65.0,4.4,226,2026-09-27 20:20:00,PT5M,0.0,0.0,0.0,0.0,0.0
0,0,0,0,27,0.14,65.4,4.3,226,2026-09-27 20:25:00,PT5M,0.0,0.0,0.0,0.0,0.0
0,0,0,0,27,0.14,65.8,4.3,227,2026-09-27 20:30:00,PT5M,0.0,0.0,0.0,0.0,0.0
0,0,0,0,27,0.14,66.1,4.2,227,2026-09-27 20:35:00,PT5M,0.0,0.0,0.0,0.0,0.0
0,0,0,0,27,0.14,66.3,4.2,227,2026-09-27 20:40:00,PT5M,0.0,0.0,0.0,0.0,0.0
0,0,0,0,27,0.14,66.5,4.2,227,2026-09-27 20:45:00,PT5M,0.0,0.0,0.0,0.0,0.0
0,0,0,0,27,0.14,66.7,4.2,227,2026-09-27 20:50:00,PT5M,0.0,0.0,0.0,0.0,0.0
0,0,0,0,27,0.14,66.9,4.2,227,2026-09-27 20:55:00,PT5M,0.0,0.0,0.0,0.0,0.0
0,0,0,0,27,0.14,67.0,4.2,227,2026-09-27 21:00:00,PT5M,0.0,0.0,0.0,0.0,0.0
0,0,0,0,27,0.14,67.2,4.2,227,2026-09-27 21:05:00,PT5M,0.0,0.0,0.0,0.0,0.0
0,0,0,0,27,0.14,67.4,4.2,227,2026-09-27 21:10:00,PT5M,0.0,0.0,0.0,0.0,0.0
0,0,0,0,27,0.14,67.6,4.2,227,2026-09-27 21:15:00,PT5M,0.0,0.0,0.0,0.0,0.0
0,0,0,0,27,0.14,67.8,4.2,227,2026-09-27 21:20:00,PT5M,0.0,0.0,0.0,0.0,0.0
0,0,0,0,27,0.14,68.0,4.2,227,2026-09-27 21:25:00,PT5M,0.0,0.0,0.0,0.0,0.0
0,0,0,0,27,0.14,68.2,4.2,227,2026-09-27 21:30:00,PT5M,0.0,0.0,0.0,0.0,0.0
0,0,0,0,27,0.14,68.4,4.2,227,2026-09-27 21:35:00,PT5M,0.0,0.0,0.0,0.0,0.0
0,0,0,0,27,0.14,68.6,4.2,227,2026-09-27 21:40:00,PT5M,0.0,0.0,0.0,0.0,0.0
0,0,0,0,27,0.14,68.8,4.2,227,2026-09-27 21:45:00,PT5M,0.0,0.0,0.0,0.0,0.0
0,0,0,0,27,0.14,68.9,4.2,227,2026-09-27 21:50:00,PT5M,0.0,0.0,0.0,0.0,0.0
0,0,0,0,27,0.14,69.1,4.2,227,2026-09-27 21:55:00,PT5M,0.0,0.0,0.0,0.0,0.0
0,0,0,0,27,0.14,69.3,4.2,227,2026-09-27 22:00:00,PT5M,0.0,0.0,0.0,0.0,0.0
0,0,0,0,27,0.14,69.5,4.2,227,2026-09-27 22:05:00,PT5M,0.0,0.0,0.0,0.0,0.0
0,0,0,0,27,0.14,69.7,4.2,227,2026-09-27 22:10:00,PT5M,0.0,0.0,0.0,0.0,0.0
0,0,0,0,27,0.14,69.9,4.2,227,2026-09-27 22:15:00,PT5M,0.0,0.0,0.0,0.0,0.0
0,0,0,0,26,0.14,70.1,4.2,227,2026-09-27 22:20:00,PT5M,0.0,0.0,0.0,0.0,0.0
0,0,0,0,26,0.14,70.3,4.2,227,2026-09-27 22:25:00,PT5M,0.0,0.0,0.0,0.0,0.0
0,0,0,0,26,0.14,70.5,4.2,227,2026-09-27 22:30:00,PT5M,0.0,0.0,0.0,0.0,0.0
0,0,0,0,26,0.14,70.7,4.1,227,2026-09-27 22:35:00,PT5M,0.0,0.0,0.0,0.0,0.0
0,0,0,0,26,0.14,70.9,4.1,227,2026-09-27 22:40:00,PT5M,0.0,0.0,0.0,0.0,0.0
0,0,0,0,26,0.14,71.1,4.1,227,2026-09-27 22:45:00,PT5M,0.0,0.0,0.0,0.0,0.0
0,0,0,0,26,0.14,71.3,4.1,227,2026-09-27 22:50:00,PT5M,0.0,0.0,0.0,0.0,0.0
0,0,0,0,26,0.14,71.5,4.1,227,2026-09-27 22:55:00,PT5M,0.0,0.0,0.0,0.0,0.0
0,0,0,0,26,0.14,71.7,4.1,227,2026-09-27 23:00:00,PT5M,0.0,0.0,0.0,0.0,0.0
0,0,0,0,26,0.14,71.9,4.1,227,2026-09-27 23:05:00,PT5M,0.0,0.0,0.0,0.0,0.0
0,0,0,0,26,0.14,72.1,4.1,227,2026-09-27 23:10:00,PT5M,0.0,0.0,0.0,0.0,0.0
0,0,0,0,26,0.14,72.3,4.1,227,2026-09-27 23:15:00,PT5M,0.0,0.0,0.0,0.0,0.0
0,0,0,0,26,0.14,72.5,4.1,227,2026-09-27 23:20:00,PT5M,0.0,0.0,0.0,0.0,0.0
0,0,0,0,26,0.14,72.7,4.1,227,2026-09-27 23:25:00,PT5M,0.0,0.0,0.0,0.0,0.0
0,0,0,0,26,0.14,72.9,4.1,227,2026-09-27 23:30:00,PT5M,0.0,0.0,0.0,0.0,0.0
0,0,0,0,26,0.14,73.1,4.1,227,2026-09-27 23:35:00,PT5M,0.0,0.0,0.0,0.0,0.0
0,0,0,0,26,0.14,73.1,4.1,227,2026-09-27 23:40:00,PT5M,0.0,0.0,0.0,0.0,0.0
0,0,0,0,26,0.14,73.2,4.1,227,2026-09-27 23:45:00,PT5M,0.0,0.0,0.0,0.0,0.0
0,0,0,0,26,0.14,73.2,4.1,227,2026-09-27 23:50:00,PT5M,0.0,0.0,0.0,0.0,0.0
0,0,0,0,26,0.14,73.3,4.1,227,2026-09-27 23:55:00,PT5M,0.0,0.0,0.0,0.0,0.0
0,0,0,0,26,0.14,73.3,4.1,227,2026-09-28 00:00:00,PT5M,0.0,0.0,0.0,0.0,0.0
0,0,0,0,26,0.14,73.4,4.0,227,2026-09-28 00:05:00,PT5M,0.0,0.0,0.0,0.0,0.0
0,0,0,0,26,0.14,73.4,4.0,227,2026-09-28 00:10:00,PT5M,0.0,0.0,0.0,0.0,0.0
0,0,0,0,26,0.14,73.5,4.0,227,2026-09-28 00:15:00,PT5M,0.0,0.0,0.0,0.0,0.0
0,0,0,0,26,0.14,73.5,4.0,227,2026-09-28 00:20:00,PT5M,0.0,0.0,0.0,0.0,0.0
0,0,0,0,26,0.14,73.5,4.0,227,2026-09-28 00:25:00,PT5M,0.0,0.0,0.0,0.0,0.0
0,0,0,0,26,0.14,73.6,4.0,227,2026-09-28 00:30:00,PT5M,0.0,0.0,0.0,0.0,0.0
0,0,0,0,26,0.14,73.6,4.0,227,2026-09-28 00:35:00,PT5M,0.0,0.0,0.0,0.0,0.0
0,0,0,0,26,0.14,73.7,4.0,227,2026-09-28 00:40:00,PT5M,0.0,0.0,0.0,0.0,0.0
0,0,0,0,26,0.14,73.7,4.0,227,2026-09-28 00:45:00,PT5M,0.0,0.0,0.0,0.0,0.0
0,0,0,0,26,0.14,73.8,4.0,227,2026-09-28 00:50:00,PT5M,0.0,0.0,0.0,0.0,0.0
0,0,0,0,26,0.14,73.8,3.9,228,2026-09-28 00:55:00,PT5M,0.0,0.0,0.0,0.0,0.0
0,0,0,0,26,0.14,73.9,3.9,228,2026-09-28 01:00:00,PT5M,0.0,0.0,0.0,0.0,0.0
0,0,0,0,26,0.14,73.9,3.9,228,2026-09-28 01:05:00,PT5M,0.0,0.0,0.0,0.0,0.0
0,0,0,0,26,0.14,74.0,3.9,228,2026-09-28 01:10:00,PT5M,0.0,0.0,0.0,0.0,0.0
0,0,0,0,26,0.14,74.0,3.9,228,2026-09-28 01:15:00,PT5M,0.0,0.0,0.0,0.0,0.0
0,0,0,0,26,0.14,74.1,3.9,228,2026-09-28 01:20:00,PT5M,0.0,0.0,0.0,0.0,0.0
0,0,0,0,26,0.14,74.1,3.9,228,2026-09-28 01:25:00,PT5M,0.0,0.0,0.0,0.0,0.0
0,0,0,0,26,0.14,74.2,3.9,228,2026-09-28 01:30:00,PT5M,0.0,0.0,0.0,0.0,0.0
0,0,0,0,26,0.14,74.2,3.9,228,2026-09-28 01:35:00,PT5M,0.0,0.0,0.0,0.0,0.0
0,0,0,0,26,0.14,74.3,3.9,228,2026-09-28 01:40:00,PT5M,0.0,0.0,0.0,0.0,0.0
0,0,0,0,26,0.14,74.3,3.8,228,2026-09-28 01:45:00,PT5M,0.0,0.0,0.0,0.0,0.0
0,0,0,0,25,0.14,74.4,3.8,228,2026-09-28 01:50:00,PT5M,0.0,0.0,0.0,0.0,0.0
0,0,0,0,25,0.14,74.4,3.8,228,2026-09-28 01:55:00,PT5M,0.0,0.0,0.0,0.0,0.0
0,0,0,0,25,0.14,74.5,3.8,228,2026-09-28 02:00:00,PT5M,0.0,0.0,0.0,0.0,0.0
0,0,0,0,25,0.14,74.5,3.8,228,2026-09-28 02:05:00,PT5M,0.0,0.0,0.0,0.0,0.0
0,0,0,0,25,0.14,74.6,3.8,228,2026-09-28 02:10:00,PT5M,0.0,0.0,0.0,0.0,0.0
0,0,0,0,25,0.14,74.6,3.8,228,2026-09-28 02:15:00,PT5M,0.0,0.0,0.0,0.0,0.0
0,0,0,0,25,0.14,74.6,3.8,228,2026-09-28 02:20:00,PT5M,0.0,0.0,0.0,0.0,0.0
0,0,0,0,25,0.14,74.7,3.8,228,2026-09-28 02:25:00,PT5M,0.0,0.0,0.0,0.0,0.0
0,0,0,0,25,0.14,74.7,3.8,228,2026-09-28 02:30:00,PT5M,0.0,0.0,0.0,0.0,0.0
0,0,0,0,25,0.14,74.8,3.7,228,2026-09-28 02:35:00,PT5M,0.0,0.0,0.0,0.0,0.0
0,0,0,0,25,0.14,74.9,3.7,228,2026-09-28 02:40:00,PT5M,0.0,0.0,0.0,0.0,0.0
0,0,0,0,25,0.14,75.0,3.7,228,2026-09-28 02:45:00,PT5M,0.0,0.0,0.0,0.0,0.0
0,0,0,0,25,0.14,75.1,3.7,228,2026-09-28 02:50:00,PT5M,0.0,0.0,0.0,0.0,0.0
0,0,0,0,25,0.14,75.2,3.7,229,2026-09-28 02:55:00,PT5M,0.0,0.0,0.0,0.0,0.0
0,0,0,0,25,0.14,75.3,3.7,229,2026-09-28 03:00:00,PT5M,0.0,0.0,0.0,0.0,0.0
0,0,0,0,25,0.14,75.4,3.7,229,2026-09-28 03:05:00,PT5M,0.0,0.0,0.0,0.0,0.0
0,0,0,0,25,0.14,75.5,3.7,229,2026-09-28 03:10:00,PT5M,0.0,0.0,0.0,0.0,0.0
0,0,0,0,25,0.14,75.6,3.7,229,2026-09-28 03:15:00,PT5M,0.0,0.0,0.0,0.0,0.0
0,0,0,0,25,0.14,75.7,3.6,229,2026-09-28 03:20:00,PT5M,0.0,0.0,0.0,0.0,0.0
0,0,0,0,25,0.14,75.8,3.6,229,2026-09-28 03:25:00,PT5M,0.0,0.0,0.0,0.0,0.0
0,0,0,0,25,0.14,75.9,3.6,229,2026-09-28 03:30:00,PT5M,0.0,0.0,0.0,0.0,0.0
0,0,0,0,25,0.14,76.0,3.6,229,2026-09-28 03:35:00,PT5M,0.0,0.0,0.0,0.0,0.0
0,0,0,0,25,0.14,76.1,3.6,229,2026-09-28 03:40:00,PT5M,0.0,0.0,0.0,0.0,0.0
0,0,0,0,25,0.14,76.2,3.6,229,2026-09-28 03:45:00,PT5M,0.0,0.0,0.0,0.0,0.0
0,0,0,0,25,0.14,76.3,3.6,229,2026-09-28 03:50:00,PT5M,0.0,0.0,0.0,0.0,0.0
0,0,0,0,25,0.14,76.4,3.6,229,2026-09-28 03:55:00,PT5M,0.0,0.0,0.0,0.0,0.0
0,0,0,0,25,0.14,76.5,3.6,230,2026-09-28 04:00:00,PT5M,0.0,0.0,0.0,0.0,0.0
0,0,0,0,25,0.14,76.6,3.5,230,2026-09-28 04:05:00,PT5M,0.0,0.0,0.0,0.0,0.0
0,0,0,0,25,0.14,76.8,3.5,230,2026-09-28 04:10:00,PT5M,0.0,0.0,0.0,0.0,0.0
0,0,0,0,25,0.14,76.9,3.5,230,2026-09-28 04:15:00,PT5M,0.0,0.0,0.0,0.0,0.0
0,0,0,0,25,0.14,77.0,3.5,230,2026-09-28 04:20:00,PT5M,0.0,0.0,0.0,0.0,0.0
0,0,0,0,25,0.14,77.1,3.5,230,2026-09-28 04:25:00,PT5M,0.0,0.0,0.0,0.0,0.0
0,0,0,0,25,0.14,77.2,3.5,230,2026-09-28 04:30:00,PT5M,0.0,0.0,0.0,0.0,0.0
0,0,0,0,25,0.14,77.3,3.5,230,2026-09-28 04:35:00,PT5M,0.0,0.0,0.0,0.0,0.0
0,0,0,0,25,0.14,77.4,3.5,230,2026-09-28 04:40:00,PT5M,0.0,0.0,0.0,0.0,0.0
0,0,0,0,25,0.14,77.5,3.4,230,2026-09-28 04:45:00,PT5M,0.0,0.0,0.0,0.0,0.0
0,0,0,0,25,0.14,77.6,3.4,230,2026-09-28 04:50:00,PT5M,0.0,0.0,0.0,0.0,0.0
0,0,0,0,25,0.14,77.7,3.4,230,2026-09-28 04:55:00,PT5M,0.0,0.0,0.0,0.0,0.0
0,0,0,0,25,0.14,77.8,3.4,231,2026-09-28 05:00:00,PT5M,0.0,0.0,0.0,0.0,0.0
0,0,0,0,25,0.14,77.9,3.4,231,2026-09-28 05:05:00,PT5M,0.0,0.0,0.0,0.0,0.0
0,0,0,0,25,0.14,78.0,3.4,231,2026-09-28 05:10:00,PT5M,0.0,0.0,0.0,0.0,0.0
0,0,0,0,25,0.14,78.1,3.4,231,2026-09-28 05:15:00,PT5M,0.0,0.0,0.0,0.0,0.0
0,0,0,0,25,0.14,78.2,3.4,231,2026-09-28 05:20:00,PT5M,0.0,0.0,0.0,0.0,0.0
0,0,0,0,25,0.14,78.3,3.4,231,2026-09-28 05:25:00,PT5M,0.0,0.0,0.0,0.0,0.0
0,0,0,0,25,0.14,78.4,3.3,231,2026-09-28 05:30:00,PT5M,0.0,0.0,0.0,0.0,0.0
0,0,0,0,25,0.14,78.1,3.3,231,2026-09-28 05:35:00,PT5M,0.0,0.0,0.0,0.0,0.0
0,0,0,0,25,0.14,77.3,3.4,231,2026-09-28 05:40:00,PT5M,0.0,0.0,0.0,0.0,0.0
0,0,0,0,25,0.14,76.6,3.4,232,2026-09-28 05:45:00,PT5M,0.0,0.0,0.0,0.0,0.0
0,0,0,0,25,0.14,75.8,3.4,232,2026-09-28 05:50:00,PT5M,0.0,0.0,0.0,0.0,0.0
0,0,0,0,25,0.14,75.1,3.4,232,2026-09-28 05:55:00,PT5M,0.0,0.0,0.0,0.0,0.0
2,2,0,2,26,0.14,74.4,3.4,232,2026-09-28 06:00:00,PT5M,0.0,0.0,0.0,0.0,0.0
10,10,0,10,26,0.14,73.6,3.4,232,2026-09-28 06:05:00,PT5M,0.608,1.0115,0.8204,0.3956,0.2045
18,18,0,18,26,0.14,72.9,3.4,232,2026-09-28 06:10:00,PT5M,1.759,2.6955,2.2519,1.2661,0.8225
28,28,0,28,26,0.14,72.2,3.4,233,2026-09-28 06:15:00,PT5M,3.024,4.709,3.9108,2.1372,1.339
39,39,17,37,26,0.14,71.5,3.4,233,2026-09-28 06:20:00,PT5M,4.604,7.409,6.0803,3.1277,1.799
51,51,45,45,26,0.14,70.8,3.4,233,2026-09-28 06:25:00,PT5M,6.666,10.7055,8.792,4.54,2.6265
64,64,73,54,27,0.14,70.1,3.4,233,2026-09-28 06:30:00,PT5M,9.238,14.7245,12.1256,6.3504,3.7515
79,78,104,62,27,0.14,69.5,3.5,233,2026-09-28 06:35:00,PT5M,12.179,19.2465,15.8987,8.4593,5.1115
94,94,134,69,27,0.14,68.8,3.5,234,2026-09-28 06:40:00,PT5M,15.413,24.1215,19.9963,10.8297,6.7045
111,110,163,77,27,0.14,68.1,3.5,234,2026-09-28 06:45:00,PT5M,18.834,29.1765,24.2773,13.3907,8.4915
128,127,191,84,27,0.14,67.5,3.5,234,2026-09-28 06:50:00,PT5M,22.474,34.457,28.7807,16.1673,10.491
145,144,219,91,27,0.14,66.8,3.5,234,2026-09-28 06:55:00,PT5M,26.248,39.9385,33.4534,19.0426,12.5575
163,162,243,97,27,0.14,66.2,3.5,234,2026-09-28 07:00:00,PT5M,30.124,45.621,38.2802,21.9678,14.627
181,179,261,104,28,0.14,65.5,3.5,234,2026-09-28 07:05:00,PT5M,33.891,51.2995,43.0532,24.7288,16.4825
198,197,278,111,28,0.14,64.9,3.5,235,2026-09-28 07:10:00,PT5M,37.772,57.152,47.9718,27.5722,18.392
216,214,294,117,28,0.14,64.3,3.5,235,2026-09-28 07:15:00,PT5M,41.702,63.127,52.9781,30.4259,20.277
233,232,309,124,28,0.14,63.7,3.5,235,2026-09-28 07:20:00,PT5M,45.638,69.085,57.9783,33.2977,22.191
251,249,323,130,28,0.14,63.1,3.6,235,2026-09-28 07:25:00,PT5M,49.576,75.054,62.9853,36.1667,24.098
269,267,336,136,28,0.14,62.5,3.6,235,2026-09-28 07:30:00,PT5M,53.516,81.0385,68.0013,39.0307,25.9935
287,285,348,142,28,0.14,61.9,3.6,235,2026-09-28 07:35:00,PT5M,57.465,87.064,73.0432,41.8868,27.866
305,302,360,148,29,0.14,61.3,3.6,236,2026-09-28 07:40:00,PT5M,61.441,93.2235,78.1684,44.7136,29.6585
322,320,371,154,29,0.14,60.7,3.6,236,2026-09-28 07:45:00,PT5M,63.878,96.5585,81.078,46.678,31.1975
340,337,382,159,29,0.14,60.1,3.6,236,2026-09-28 07:50:00,PT5M,65.927,99.192,83.4346,48.4194,32.662
358,355,392,165,29,0.14,59.5,3.6,236,2026-09-28 07:55:00,PT5M,67.88,100.0,85.6697,50.0903,34.079
375,372,402,170,29,0.14,59.0,3.6,236,2026-09-28 08:00:00,PT5M,69.729,100.0,87.7721,51.6859,35.4465
393,390,411,175,29,0.14,58.4,3.6,236,2026-09-28 08:05:00,PT5M,71.491,100.0,89.761,53.221,36.7775
410,407,420,179,29,0.14,57.8,3.6,236,2026-09-28 08:10:00,PT5M,73.149,100.0,91.6126,54.6854,38.0675
427,424,429,184,30,0.14,57.3,3.7,237,2026-09-28 08:15:00,PT5M,74.669,100.0,93.2829,56.0551,39.302
444,441,438,188,30,0.14,56.8,3.7,237,2026-09-28 08:20:00,PT5M,76.042,100.0,94.757,57.327,40.483
461,458,445,193,30,0.14,56.2,3.7,237,2026-09-28 08:25:00,PT5M,77.275,100.0,96.0434,58.5066,41.6145
478,474,452,197,30,0.14,55.7,3.7,237,2026-09-28 08:30:00,PT5M,78.426,100.0,97.226,59.626,42.7055
495,491,461,201,30,0.14,55.0,3.7,237,2026-09-28 08:35:00,PT5M,79.658,100.0,98.458,60.858,43.9375
512,508,472,204,30,0.14,54.3,3.7,238,2026-09-28 08:40:00,PT5M,80.974,100.0,99.7445,62.2035,45.3095
529,525,482,206,30,0.14,53.5,3.6,238,2026-09-28 08:45:00,PT5M,82.222,100.0,100.0,63.4913,46.633
546,542,492,209,31,0.14,52.8,3.6,238,2026-09-28 08:50:00,PT5M,83.414,100.0,100.0,64.7046,47.8655
563,558,502,211,31,0.14,52.1,3.6,238,2026-09-28 08:55:00,PT5M,84.554,100.0,100.0,65.9069,49.124
580,575,512,213,31,0.14,51.4,3.6,239,2026-09-28 09:00:00,PT5M,85.653,100.0,100.0,67.0778,50.3595
597,592,523,214,31,0.14,50.7,3.6,239,2026-09-28 09:05:00,PT5M,86.807,100.0,100.0,68.3305,51.701
613,608,533,215,31,0.14,50.0,3.5,239,2026-09-28 09:10:00,PT5M,87.897,100.0,100.0,69.6618,53.2495
630,625,543,216,32,0.14,49.3,3.5,239,2026-09-28 09:15:00,PT5M,88.987,100.0,100.0,70.991,54.794
646,641,554,217,32,0.14,48.6,3.5,240,2026-09-28 09:20:00,PT5M,89.99,100.0,100.0,72.2311,56.2475
662,657,564,217,32,0.14,47.9,3.5,240,2026-09-28 09:25:00,PT5M,90.955,100.0,100.0,73.4306,57.658
678,672,574,217,32,0.14,47.3,3.5,240,2026-09-28 09:30:00,PT5M,91.884,100.0,100.0,74.5914,59.0275
693,688,584,218,32,0.14,46.6,3.4,241,2026-09-28 09:35:00,PT5M,92.777,100.0,100.0,75.7131,60.355
709,703,594,217,32,0.14,46.0,3.4,241,2026-09-28 09:40:00,PT5M,93.637,100.0,100.0,76.7986,61.6435
723,717,603,217,33,0.14,45.4,3.4,241,2026-09-28 09:45:00,PT5M,94.41,100.0,100.0,77.7892,62.83
738,731,611,217,33,0.14,44.8,3.4,242,2026-09-28 09:50:00,PT5M,95.146,100.0,100.0,78.7386,63.9715
751,745,620,217,33,0.14,44.2,3.4,242,2026-09-28 09:55:00,PT5M,95.854,100.0,100.0,79.6558,65.077
765,758,628,216,33,0.14,43.6,3.3,242,2026-09-28 10:00:00,PT5M,96.533,100.0,100.0,80.5372,66.1405
778,772,637,215,33,0.14,43.0,3.3,242,2026-09-28 10:05:00,PT5M,97.193,100.0,100.0,81.3954,67.177
791,784,646,214,33,0.14,42.4,3.3,243,2026-09-28 10:10:00,PT5M,97.835,100.0,100.0,82.2318,68.1885
804,797,655,212,34,0.14,41.8,3.3,243,2026-09-28 10:15:00,PT5M,98.448,100.0,100.0,83.0343,69.1615
816,809,663,211,34,0.14,41.2,3.3,243,2026-09-28 10:20:00,PT5M,99.032,100.0,100.0,83.803,70.0965
828,821,672,209,34,0.14,40.7,3.2,244,2026-09-28 10:25:00,PT5M,99.592,100.0,100.0,84.5436,70.9995
840,832,681,207,34,0.14,40.1,3.2,244,2026-09-28 10:30:00,PT5M,100.0,100.0,100.0,85.1279,71.7425
850,843,688,205,34,0.14,39.6,3.2,244,2026-09-28 10:35:00,PT5M,100.0,100.0,100.0,85.2889,72.0485
860,852,694,204,34,0.14,39.1,3.2,245,2026-09-28 10:40:00,PT5M,100.0,100.0,100.0,85.4331,72.3225
869,861,700,202,35,0.14,38.5,3.2,245,2026-09-28 10:45:00,PT5M,100.0,100.0,100.0,85.571,72.5845
877,870,705,201,35,0.14,38.0,3.2,245,2026-09-28 10:50:00,PT5M,100.0,100.0,100.0,85.7,72.8295
886,878,711,200,35,0.14,37.5,3.1,246,2026-09-28 10:55:00,PT5M,100.0,100.0,100.0,85.8121,73.0425
893,885,717,198,35,0.14,37.0,3.1,246,2026-09-28 11:00:00,PT5M,100.0,100.0,100.0,85.9115,73.2315
901,892,722,197,35,0.14,36.5,3.1,246,2026-09-28 11:05:00,PT5M,100.0,100.0,100.0,86.0213,73.44
907,899,726,195,35,0.14,36.0,3.1,247,2026-09-28 11:10:00,PT5M,100.0,100.0,100.0,86.1292,73.645
913,905,731,194,36,0.14,35.5,3.1,247,2026-09-28 11:15:00,PT5M,100.0,100.0,100.0,86.2202,73.818
919,911,735,193,36,0.14,35.1,3.1,248,2026-09-28 11:20:00,PT5M,100.0,100.0,100.0,86.3015,73.9725
924,916,739,191,36,0.14,34.6,3.0,248,2026-09-28 11:25:00,PT5M,100.0,100.0,100.0,86.3744,74.111
929,920,743,190,36,0.14,34.1,3.0,248,2026-09-28 11:30:00,PT5M,100.0,100.0,100.0,86.4402,74.236
931,923,744,190,36,0.14,33.9,3.0,248,2026-09-28 11:35:00,PT5M,100.0,100.0,100.0,86.4768,74.3055
932,924,742,191,36,0.14,33.8,3.1,248,2026-09-28 11:40:00,PT5M,100.0,100.0,100.0,86.4829,74.317
933,924,740,192,36,0.14,33.8,3.1,248,2026-09-28 11:45:00,PT5M,100.0,100.0,100.0,86.4807,74.313
933,924,738,194,36,0.14,33.7,3.1,247,2026-09-28 11:50:00,PT5M,100.0,100.0,100.0,86.4702,74.293
932,923,736,195,36,0.14,33.7,3.2,247,2026-09-28 11:55:00,PT5M,100.0,100.0,100.0,86.4513,74.257
931,922,733,197,36,0.14,33.6,3.2,247,2026-09-28 12:00:00,PT5M,100.0,100.0,100.0,86.4236,74.2045
928,920,729,199,36,0.14,33.6,3.2,246,2026-09-28 12:05:00,PT5M,100.0,100.0,100.0,86.3857,74.1325
926,917,725,201,36,0.14,33.5,3.3,246,2026-09-28 12:10:00,PT5M,100.0,100.0,100.0,86.3379,74.0415
922,914,720,203,36,0.14,33.5,3.3,246,2026-09-28 12:15:00,PT5M,100.0,100.0,100.0,86.2818,73.935
919,910,715,206,37,0.14,33.4,3.3,245,2026-09-28 12:20:00,PT5M,100.0,100.0,100.0,86.2179,73.8135
914,906,710,208,37,0.14,33.3,3.3,245,2026-09-28 12:25:00,PT5M,100.0,100.0,100.0,86.1463,73.6775
909,901,705,210,37,0.14,33.3,3.4,245,2026-09-28 12:30:00,PT5M,100.0,100.0,100.0,86.0681,73.529
903,895,699,213,37,0.14,33.2,3.4,244,2026-09-28 12:35:00,PT5M,100.0,100.0,100.0,85.971,73.3445
896,888,691,216,37,0.14,33.2,3.4,244,2026-09-28 12:40:00,PT5M,100.0,100.0,100.0,85.8539,73.122
888,881,683,220,37,0.14,33.1,3.5,244,2026-09-28 12:45:00,PT5M,100.0,100.0,100.0,85.7271,72.881
880,873,674,223,37,0.14,33.1,3.5,243,2026-09-28 12:50:00,PT5M,99.898,100.0,100.0,85.483,72.509
872,864,666,226,37,0.14,33.0,3.5,243,2026-09-28 12:55:00,PT5M,99.431,100.0,100.0,84.8754,71.775
863,855,658,229,37,0.14,33.0,3.6,243,2026-09-28 13:00:00,PT5M,98.951,100.0,100.0,84.267,71.051
853,846,650,231,37,0.14,32.9,3.6,243,2026-09-28 13:05:00,PT5M,98.458,100.0,100.0,83.6311,70.2865
844,837,642,233,37,0.14,32.9,3.7,242,2026-09-28 13:10:00,PT5M,97.952,100.0,100.0,82.9707,69.487
834,827,635,235,37,0.14,32.8,3.7,242,2026-09-28 13:15:00,PT5M,97.419,100.0,100.0,82.2758,68.6465
823,816,627,236,37,0.14,32.8,3.7,242,2026-09-28 13:20:00,PT5M,96.859,100.0,100.0,81.5485,67.7685
813,806,619,237,37,0.14,32.7,3.8,242,2026-09-28 13:25:00,PT5M,96.274,100.0,100.0,80.7919,66.8575
801,795,612,238,37,0.14,32.7,3.8,241,2026-09-28 13:30:00,PT5M,95.662,100.0,100.0,80.0046,65.9125
790,784,605,239,37,0.14,32.6,3.8,241,2026-09-28 13:35:00,PT5M,95.091,100.0,100.0,79.2655,65.022
780,773,600,238,37,0.14,32.6,3.9,241,2026-09-28 13:40:00,PT5M,94.559,100.0,100.0,78.5719,64.183
768,762,594,238,37,0.14,32.5,3.9,241,2026-09-28 13:45:00,PT5M,94.001,100.0,100.0,77.8471,63.308
757,750,589,237,37,0.14,32.5,3.9,240,2026-09-28 13:50:00,PT5M,93.418,100.0,100.0,77.0925,62.399
745,738,583,236,37,0.14,32.4,4.0,240,2026-09-28 13:55:00,PT5M,92.808,100.0,100.0,76.3059,61.4535
732,726,577,235,37,0.14,32.4,4.0,240,2026-09-28 14:00:00,PT5M,92.172,100.0,100.0,75.4875,60.471
719,713,571,234,37,0.14,32.4,4.0,240,2026-09-28 14:05:00,PT5M,91.52,100.0,100.0,74.6476,59.462
706,701,566,233,37,0.14,32.3,4.1,239,2026-09-28 14:10:00,PT5M,90.854,100.0,100.0,73.7901,58.432
693,687,560,231,37,0.14,32.3,4.1,239,2026-09-28 14:15:00,PT5M,90.144,100.0,100.0,72.883,57.3475
