gti,ghi,dni,dhi,air_temp,albedo,relative_humidity,wind_speed_10m,wind_direction_10m,period_end,period,power,power_p10,power_p25,power_p75,power_p90
770,761,801,116,32,0.14,61.8,3.0,230,2026-09-29 09:35:00,PT5M,100.0,100.0,100.0,100.0,100.0
784,775,804,118,32,0.14,61.1,2.9,230,2026-09-29 09:40:00,PT5M,100.0,100.0,100.0,100.0,100.0
797,788,808,119,32,0.14,60.4,2.9,230,2026-09-29 09:45:00,PT5M,100.0,100.0,100.0,100.0,100.0
810,801,810,120,32,0.14,59.7,2.9,230,2026-09-29 09:50:00,PT5M,100.0,100.0,100.0,100.0,100.0
822,813,813,120,32,0.14,59.1,2.8,230,2026-09-29 09:55:00,PT5M,100.0,100.0,100.0,100.0,100.0
834,825,816,121,32,0.14,58.4,2.8,229,2026-09-29 10:00:00,PT5M,100.0,100.0,100.0,100.0,100.0
846,837,818,122,32,0.14,57.7,2.7,229,2026-09-29 10:05:00,PT5M,100.0,100.0,100.0,100.0,100.0
857,848,821,123,33,0.14,57.0,2.7,229,2026-09-29 10:10:00,PT5M,100.0,100.0,100.0,100.0,100.0
868,858,823,124,33,0.14,56.4,2.7,229,2026-09-29 10:15:00,PT5M,100.0,100.0,100.0,100.0,100.0
878,869,825,125,33,0.14,55.7,2.6,229,2026-09-29 10:20:00,PT5M,100.0,100.0,100.0,100.0,100.0
888,878,827,126,33,0.14,55.1,2.6,229,2026-09-29 10:25:00,PT5M,100.0,100.0,100.0,100.0,100.0
897,887,828,126,33,0.14,54.5,2.6,228,2026-09-29 10:30:00,PT5M,100.0,100.0,100.0,100.0,100.0
905,896,830,127,33,0.14,53.9,2.5,228,2026-09-29 10:35:00,PT5M,100.0,100.0,100.0,100.0,100.0
914,904,831,128,33,0.14,53.5,2.5,228,2026-09-29 10:40:00,PT5M,100.0,100.0,100.0,100.0,100.0
921,912,832,129,33,0.14,53.1,2.5,228,2026-09-29 10:45:00,PT5M,100.0,100.0,100.0,100.0,100.0
929,919,833,129,34,0.14,52.7,2.5,228,2026-09-29 10:50:00,PT5M,100.0,100.0,100.0,100.0,100.0
935,925,834,130,34,0.14,52.2,2.5,228,2026-09-29 10:55:00,PT5M,100.0,100.0,100.0,100.0,100.0
941,931,835,131,34,0.14,51.8,2.5,228,2026-09-29 11:00:00,PT5M,100.0,100.0,100.0,100.0,100.0
947,937,836,131,34,0.14,51.4,2.5,228,2026-09-29 11:05:00,PT5M,100.0,100.0,100.0,100.0,100.0
952,942,837,132,34,0.14,51.0,2.5,228,2026-09-29 11:10:00,PT5M,100.0,100.0,100.0,100.0,100.0
957,947,837,132,34,0.14,50.6,2.4,228,2026-09-29 11:15:00,PT5M,100.0,100.0,100.0,100.0,100.0
961,951,838,133,34,0.14,50.2,2.4,228,2026-09-29 11:20:00,PT5M,100.0,100.0,100.0,100.0,100.0
935,925,760,181,34,0.14,49.8,2.4,228,2026-09-29 11:25:00,PT5M,100.0,100.0,100.0,100.0,100.0
931,921,743,192,34,0.14,49.4,2.4,228,2026-09-29 11:30:00,PT5M,100.0,100.0,100.0,99.4219,98.9015
925,916,723,204,35,0.14,49.1,2.4,229,2026-09-29 11:35:00,PT5M,100.0,100.0,100.0,98.4437,97.043
917,908,700,218,35,0.14,48.9,2.3,229,2026-09-29 11:40:00,PT5M,100.0,100.0,100.0,97.4282,95.1135
908,899,675,233,35,0.14,48.7,2.2,229,2026-09-29 11:45:00,PT5M,100.0,100.0,100.0,96.4198,93.1975
897,889,648,248,35,0.14,48.5,2.1,230,2026-09-29 11:50:00,PT5M,99.868,100.0,100.0,95.2486,91.091
884,877,619,264,35,0.14,48.3,2.0,230,2026-09-29 11:55:00,PT5M,98.545,100.0,100.0,92.9059,87.8305
870,863,589,281,35,0.14,48.2,2.0,231,2026-09-29 12:00:00,PT5M,97.17,100.0,100.0,90.4733,84.446
855,848,558,297,35,0.14,48.0,1.9,232,2026-09-29 12:05:00,PT5M,95.713,100.0,100.0,87.9481,80.9595
838,831,526,312,35,0.14,47.8,1.8,232,2026-09-29 12:10:00,PT5M,94.185,100.0,100.0,85.217,77.1455
820,814,493,328,35,0.14,47.6,1.7,233,2026-09-29 12:15:00,PT5M,92.481,100.0,100.0,82.558,73.627
800,795,460,342,35,0.14,47.4,1.6,234,2026-09-29 12:20:00,PT5M,90.65,100.0,100.0,79.6228,69.698
780,774,427,355,35,0.14,47.2,1.6,235,2026-09-29 12:25:00,PT5M,88.693,100.0,100.0,76.6106,65.736
758,753,395,367,35,0.14,47.1,1.5,236,2026-09-29 12:30:00,PT5M,86.61,100.0,99.7956,73.4244,61.557
735,731,363,377,35,0.14,48.0,1.4,242,2026-09-29 12:35:00,PT5M,84.448,100.0,98.7251,70.1709,57.321
711,707,332,385,34,0.14,50.2,1.4,254,2026-09-29 12:40:00,PT5M,82.195,100.0,97.5511,66.8389,53.018
686,682,302,391,34,0.14,52.5,1.5,266,2026-09-29 12:45:00,PT5M,79.786,100.0,96.2123,63.3597,48.5755
660,657,273,394,33,0.14,54.9,1.6,276,2026-09-29 12:50:00,PT5M,77.222,100.0,94.7059,59.7381,44.002
647,644,259,396,33,0.14,57.4,1.7,285,2026-09-29 12:55:00,PT5M,76.037,100.0,93.7414,58.3326,42.398
633,630,246,397,32,0.14,60.1,1.9,292,2026-09-29 13:00:00,PT5M,74.852,100.0,92.7649,56.9391,40.817
619,617,232,397,32,0.14,62.8,2.1,298,2026-09-29 13:05:00,PT5M,73.603,100.0,91.7369,55.4691,39.148
606,603,219,397,31,0.14,65.7,2.3,303,2026-09-29 13:10:00,PT5M,72.302,100.0,90.663,53.941,37.4155
592,590,207,397,31,0.14,68.7,2.6,307,2026-09-29 13:15:00,PT5M,70.933,100.0,89.5235,52.3425,35.6105
578,576,195,396,30,0.14,71.9,2.8,310,2026-09-29 13:20:00,PT5M,69.547,100.0,88.3677,50.7263,33.787
563,562,183,395,30,0.14,75.2,3.1,313,2026-09-29 13:25:00,PT5M,68.127,100.0,87.1775,49.0765,31.9305
549,548,171,393,29,0.14,78.7,3.3,315,2026-09-29 13:30:00,PT5M,66.674,100.0,85.9537,47.3943,30.042
535,534,159,391,29,0.14,81.0,3.3,317,2026-09-29 13:35:00,PT5M,65.167,100.0,84.6722,45.6618,28.1065
521,520,146,390,29,0.14,82.1,2.9,318,2026-09-29 13:40:00,PT5M,63.6,100.0,83.3273,43.8727,26.1175
507,506,134,388,29,0.14,83.2,2.4,320,2026-09-29 13:45:00,PT5M,61.994,99.898,81.9431,42.0449,24.09
493,492,122,386,28,0.14,84.2,2.0,323,2026-09-29 13:50:00,PT5M,60.35,98.6735,80.5199,40.1801,22.0265
478,478,111,383,28,0.14,85.4,1.6,327,2026-09-29 13:55:00,PT5M,58.667,97.409,79.0572,38.2768,19.925
464,464,99,379,28,0.14,86.5,1.3,333,2026-09-29 14:00:00,PT5M,57.048,96.207,77.6577,36.4383,17.889
450,450,88,376,28,0.14,87.6,0.9,345,2026-09-29 14:05:00,PT5M,55.296,94.872,76.1251,34.4669,15.72
436,436,78,371,27,0.14,88.8,0.6,9,2026-09-29 14:10:00,PT5M,53.509,93.499,74.556,32.462,13.519
421,421,67,367,27,0.14,90.0,0.6,49,2026-09-29 14:15:00,PT5M,51.674,92.0755,72.9376,30.4104,11.2725
407,407,57,362,27,0.14,91.2,0.8,81,2026-09-29 14:20:00,PT5M,49.789,90.6005,71.2684,28.3096,8.9775
393,393,46,356,27,0.14,92.4,1.1,96,2026-09-29 14:25:00,PT5M,47.874,89.09,69.5663,26.1817,6.658
378,379,37,350,26,0.14,93.6,1.5,105,2026-09-29 14:30:00,PT5M,45.932,87.547,67.8343,24.0297,4.317
366,367,30,344,26,0.14,94.3,1.6,107,2026-09-29 14:35:00,PT5M,44.676,85.08,65.9409,23.4111,4.272
355,356,25,337,26,0.14,94.3,1.4,107,2026-09-29 14:40:00,PT5M,43.272,83.4315,64.4082,22.1358,3.1125
345,346,21,330,26,0.14,94.4,1.2,106,2026-09-29 14:45:00,PT5M,41.84,81.7345,62.8368,20.8432,1.9455
334,335,17,323,26,0.14,94.4,1.0,106,2026-09-29 14:50:00,PT5M,40.38,79.984,61.2239,19.5361,0.776
324,324,12,316,26,0.14,94.4,0.8,104,2026-09-29 14:55:00,PT5M,38.907,78.2085,59.5917,18.2223,0.0
313,314,8,308,26,0.14,94.5,0.6,103,2026-09-29 15:00:00,PT5M,37.449,76.468,57.985,16.913,0.0
303,304,5,301,26,0.14,94.5,0.4,99,2026-09-29 15:05:00,PT5M,35.964,74.672,56.3363,15.5917,0.0
292,293,1,293,26,0.14,94.6,0.2,90,2026-09-29 15:10:00,PT5M,34.452,72.818,54.6443,14.2597,0.0
282,283,0,283,26,0.14,94.6,0.1,32,2026-09-29 15:15:00,PT5M,33.119,71.0795,53.0979,13.1401,0.0
271,272,0,272,26,0.14,94.7,0.2,313,2026-09-29 15:20:00,PT5M,31.799,69.3495,51.5621,12.0359,0.0
261,261,0,261,26,0.14,94.7,0.4,302,2026-09-29 15:25:00,PT5M,30.477,67.5765,50.0027,10.9513,0.0
250,251,0,251,26,0.14,94.8,0.6,298,2026-09-29 15:30:00,PT5M,29.154,65.747,48.4132,9.8948,0.0
241,241,0,241,26,0.14,94.7,0.7,296,2026-09-29 15:35:00,PT5M,27.992,64.1565,47.0256,8.9584,0.0
233,233,0,233,26,0.14,94.4,0.7,295,2026-09-29 15:40:00,PT5M,27.039,62.8115,45.8663,8.2117,0.0
225,225,0,225,26,0.14,94.1,0.7,294,2026-09-29 15:45:00,PT5M,26.073,61.3865,44.6587,7.4873,0.0
216,217,0,217,26,0.14,93.8,0.8,294,2026-09-29 15:50:00,PT5M,25.088,59.8785,43.3985,6.7775,0.0
208,208,0,208,26,0.14,93.5,0.8,293,2026-09-29 15:55:00,PT5M,24.082,58.2915,42.0867,6.0773,0.0
199,199,0,199,26,0.14,93.3,0.8,292,2026-09-29 16:00:00,PT5M,23.05,56.628,40.7223,5.3777,0.0
190,191,0,191,26,0.14,93.0,0.8,291,2026-09-29 16:05:00,PT5M,21.995,54.8985,39.3123,4.6777,0.0
181,181,0,181,26,0.14,92.7,0.8,291,2026-09-29 16:10:00,PT5M,20.916,53.106,37.8578,3.9742,0.0
172,172,0,172,27,0.14,92.4,0.9,290,2026-09-29 16:15:00,PT5M,19.997,50.9215,36.2728,3.7212,0.0
162,163,0,163,27,0.14,92.2,0.9,290,2026-09-29 16:20:00,PT5M,19.16,48.1015,34.3921,3.9279,0.0
153,154,0,154,27,0.14,91.9,0.9,289,2026-09-29 16:25:00,PT5M,18.194,45.197,32.4059,3.9821,0.0
144,144,0,144,27,0.14,91.6,0.9,289,2026-09-29 16:30:00,PT5M,17.159,42.235,30.3567,3.9613,0.0
134,135,0,135,27,0.14,91.6,0.9,286,2026-09-29 16:35:00,PT5M,16.111,41.1915,29.311,2.911,0.0
125,125,0,125,27,0.14,91.7,0.9,282,2026-09-29 16:40:00,PT5M,15.042,37.9645,27.1063,2.9777,0.0
116,116,0,116,27,0.14,91.8,0.9,277,2026-09-29 16:45:00,PT5M,13.918,34.705,24.8583,2.9777,0.0
106,107,0,107,27,0.14,92.0,0.9,272,2026-09-29 16:50:00,PT5M,12.768,31.4555,22.6034,2.9326,0.0
97,97,0,97,27,0.14,92.1,0.9,268,2026-09-29 16:55:00,PT5M,11.608,28.2525,20.3681,2.8479,0.0
87,87,0,87,27,0.14,92.3,0.9,262,2026-09-29 17:00:00,PT5M,10.387,25.09,18.1253,2.6487,0.0
77,77,0,77,27,0.14,92.4,0.9,258,2026-09-29 17:05:00,PT5M,9.188,22.049,15.9568,2.4192,0.0
67,67,0,67,27,0.14,92.5,0.9,253,2026-09-29 17:10:00,PT5M,7.883,18.948,13.7066,2.0594,0.0
58,58,0,58,27,0.14,92.7,0.9,248,2026-09-29 17:15:00,PT5M,6.7,15.9865,11.5876,1.8124,0.0
48,49,0,49,27,0.14,92.8,0.9,243,2026-09-29 17:20:00,PT5M,5.6,13.1235,9.5597,1.6403,0.0
40,40,0,40,27,0.14,92.9,0.9,239,2026-09-29 17:25:00,PT5M,4.465,10.2965,7.5342,1.3958,0.0
32,32,0,32,27,0.14,93.1,1.0,235,2026-09-29 17:30:00,PT5M,3.385,7.6755,5.6431,1.1269,0.0
24,24,0,24,27,0.14,93.3,1.0,232,2026-09-29 17:35:00,PT5M,2.424,4.8295,3.69,1.158,0.0185
16,17,0,17,27,0.14,93.6,1.0,228,2026-09-29 17:40:00,PT5M,1.511,3.0065,2.2981,0.7239,0.0155
10,10,0,10,27,0.14,94.0,1.0,225,2026-09-29 17:45:00,PT5M,0.679,1.4935,1.1077,0.2503,0.0
5,5,0,5,27,0.14,94.3,1.1,223,2026-09-29 17:50:00,PT5M,0.0,0.158,0.0832,0.0,0.0
0,0,0,0,26,0.14,94.6,1.1,220,2026-09-29 17:55:00,PT5M,0.0,0.0,0.0,0.0,0.0
0,0,0,0,26,0.14,94.9,1.1,217,2026-09-29 18:00:00,PT5M,0.0,0.0,0.0,0.0,0.0
0,0,0,0,26,0.14,95.3,1.1,215,2026-09-29 18:05:00,PT5M,0.0,0.0,0.0,0.0,0.0
0,0,0,0,26,0.14,95.6,1.2,212,2026-09-29 18:10:00,PT5M,0.0,0.0,0.0,0.0,0.0
0,0,0,0,26,0.14,95.9,1.2,210,2026-09-29 18:15:00,PT5M,0.0,0.0,0.0,0.0,0.0
0,0,0,0,26,0.14,96.2,1.2,208,2026-09-29 18:20:00,PT5M,0.0,0.0,0.0,0.0,0.0
0,0,0,0,26,0.14,96.6,1.2,206,2026-09-29 18:25:00,PT5M,0.0,0.0,0.0,0.0,0.0
0,0,0,0,26,0.14,96.9,1.3,204,2026-09-29 18:30:00,PT5M,0.0,0.0,0.0,0.0,0.0
0,0,0,0,26,0.14,97.2,1.3,203,2026-09-29 18:35:00,PT5M,0.0,0.0,0.0,0.0,0.0
0,0,0,0,26,0.14,97.3,1.3,204,2026-09-29 18:40:00,PT5M,0.0,0.0,0.0,0.0,0.0
0,0,0,0,26,0.14,97.4,1.3,205,2026-09-29 18:45:00,PT5M,0.0,0.0,0.0,0.0,0.0
0,0,0,0,26,0.14,97.6,1.2,207,2026-09-29 18:50:00,PT5M,0.0,0.0,0.0,0.0,0.0
0,0,0,0,26,0.14,97.7,1.2,208,2026-09-29 18:55:00,PT5M,0.0,0.0,0.0,0.0,0.0
0,0,0,0,26,0.14,97.9,1.2,209,2026-09-29 19:00:00,PT5M,0.0,0.0,0.0,0.0,0.0
0,0,0,0,26,0.14,98.0,1.2,210,2026-09-29 19:05:00,PT5M,0.0,0.0,0.0,0.0,0.0
0,0,0,0,26,0.14,98.2,1.2,212,2026-09-29 19:10:00,PT5M,0.0,0.0,0.0,0.0,0.0
0,0,0,0,26,0.14,98.3,1.2,213,2026-09-29 19:15:00,PT5M,0.0,0.0,0.0,0.0,0.0
0,0,0,0,26,0.14,98.5,1.2,214,2026-09-29 19:20:00,PT5M,0.0,0.0,0.0,0.0,0.0
0,0,0,0,26,0.14,98.6,1.2,216,2026-09-29 19:25:00,PT5M,0.0,0.0,0.0,0.0,0.0
0,0,0,0,26,0.14,98.7,1.1,217,2026-09-29 19:30:00,PT5M,0.0,0.0,0.0,0.0,0.0
0,0,0,0,26,0.14,98.7,1.1,218,2026-09-29 19:35:00,PT5M,0.0,0.0,0.0,0.0,0.0
0,0,0,0,26,0.14,98.6,1.1,220,2026-09-29 19:40:00,PT5M,0.0,0.0,0.0,0.0,0.0
0,0,0,0,26,0.14,98.5,1.1,221,2026-09-29 19:45:00,PT5M,0.0,0.0,0.0,0.0,0.0
0,0,0,0,26,0.14,98.3,1.1,222,2026-09-29 19:50:00,PT5M,0.0,0.0,0.0,0.0,0.0
0,0,0,0,26,0.14,98.2,1.1,223,2026-09-29 19:55:00,PT5M,0.0,0.0,0.0,0.0,0.0
0,0,0,0,26,0.14,98.0,1.1,224,2026-09-29 20:00:00,PT5M,0.0,0.0,0.0,0.0,0.0
0,0,0,0,26,0.14,97.9,1.1,226,2026-09-29 20:05:00,PT5M,0.0,0.0,0.0,0.0,0.0
0,0,0,0,26,0.14,97.7,1.1,227,2026-09-29 20:10:00,PT5M,0.0,0.0,0.0,0.0,0.0
0,0,0,0,26,0.14,97.6,1.1,228,2026-09-29 20:15:00,PT5M,0.0,0.0,0.0,0.0,0.0
0,0,0,0,26,0.14,97.4,1.1,229,2026-09-29 20:20:00,PT5M,0.0,0.0,0.0,0.0,0.0
0,0,0,0,26,0.14,97.3,1.1,230,2026-09-29 20:25:00,PT5M,0.0,0.0,0.0,0.0,0.0
0,0,0,0,26,0.14,97.1,1.1,232,2026-09-29 20:30:00,PT5M,0.0,0.0,0.0,0.0,0.0
0,0,0,0,26,0.14,97.1,1.1,233,2026-09-29 20:35:00,PT5M,0.0,0.0,0.0,0.0,0.0
0,0,0,0,26,0.14,97.0,1.2,233,2026-09-29 20:40:00,PT5M,0.0,0.0,0.0,0.0,0.0
0,0,0,0,26,0.14,97.0,1.2,234,2026-09-29 20:45:00,PT5M,0.0,0.0,0.0,0.0,0.0
0,0,0,0,26,0.14,96.9,1.2,235,2026-09-29 20:50:00,PT5M,0.0,0.0,0.0,0.0,0.0
0,0,0,0,26,0.14,96.9,1.2,236,2026-09-29 20:55:00,PT5M,0.0,0.0,0.0,0.0,0.0
0,0,0,0,26,0.14,96.8,1.2,237,2026-09-29 21:00:00,PT5M,0.0,0.0,0.0,0.0,0.0
0,0,0,0,26,0.14,96.8,1.2,237,2026-09-29 21:05:00,PT5M,0.0,0.0,0.0,0.0,0.0
0,0,0,0,26,0.14,96.7,1.2,238,2026-09-29 21:10:00,PT5M,0.0,0.0,0.0,0.0,0.0
0,0,0,0,26,0.14,96.7,1.2,239,2026-09-29 21:15:00,PT5M,0.0,0.0,0.0,0.0,0.0
0,0,0,0,26,0.14,96.6,1.2,240,2026-09-29 21:20:00,PT5M,0.0,0.0,0.0,0.0,0.0
0,0,0,0,26,0.14,96.6,1.2,240,2026-09-29 21:25:00,PT5M,0.0,0.0,0.0,0.0,0.0
0,0,0,0,26,0.14,96.5,1.2,241,2026-09-29 21:30:00,PT5M,0.0,0.0,0.0,0.0,0.0
0,0,0,0,26,0.14,96.4,1.3,240,2026-09-29 21:35:00,PT5M,0.0,0.0,0.0,0.0,0.0
0,0,0,0,26,0.14,96.4,1.3,237,2026-09-29 21:40:00,PT5M,0.0,0.0,0.0,0.0,0.0
0,0,0,0,26,0.14,96.3,1.4,235,2026-09-29 21:45:00,PT5M,0.0,0.0,0.0,0.0,0.0
0,0,0,0,26,0.14,96.2,1.4,233,2026-09-29 21:50:00,PT5M,0.0,0.0,0.0,0.0,0.0
0,0,0,0,26,0.14,96.1,1.5,231,2026-09-29 21:55:00,PT5M,0.0,0.0,0.0,0.0,0.0
0,0,0,0,26,0.14,96.0,1.5,229,2026-09-29 22:00:00,PT5M,0.0,0.0,0.0,0.0,0.0
0,0,0,0,26,0.14,95.9,1.6,227,2026-09-29 22:05:00,PT5M,0.0,0.0,0.0,0.0,0.0
0,0,0,0,26,0.14,95.8,1.6,225,2026-09-29 22:10:00,PT5M,0.0,0.0,0.0,0.0,0.0
0,0,0,0,25,0.14,95.7,1.7,223,2026-09-29 22:15:00,PT5M,0.0,0.0,0.0,0.0,0.0
0,0,0,0,25,0.14,95.6,1.8,222,2026-09-29 22:20:00,PT5M,0.0,0.0,0.0,0.0,0.0
0,0,0,0,25,0.14,95.5,1.8,221,2026-09-29 22:25:00,PT5M,0.0,0.0,0.0,0.0,0.0
0,0,0,0,25,0.14,95.4,1.9,219,2026-09-29 22:30:00,PT5M,0.0,0.0,0.0,0.0,0.0
0,0,0,0,25,0.14,95.2,1.9,220,2026-09-29 22:35:00,PT5M,0.0,0.0,0.0,0.0,0.0
0,0,0,0,25,0.14,95.1,2.0,221,2026-09-29 22:40:00,PT5M,0.0,0.0,0.0,0.0,0.0
0,0,0,0,25,0.14,94.9,2.0,223,2026-09-29 22:45:00,PT5M,0.0,0.0,0.0,0.0,0.0
0,0,0,0,25,0.14,94.7,2.1,224,2026-09-29 22:50:00,PT5M,0.0,0.0,0.0,0.0,0.0
0,0,0,0,25,0.14,94.5,2.1,226,2026-09-29 22:55:00,PT5M,0.0,0.0,0.0,0.0,0.0
0,0,0,0,25,0.14,94.3,2.1,227,2026-09-29 23:00:00,PT5M,0.0,0.0,0.0,0.0,0.0
0,0,0,0,25,0.14,94.1,2.2,228,2026-09-29 23:05:00,PT5M,0.0,0.0,0.0,0.0,0.0
0,0,0,0,25,0.14,93.9,2.2,230,2026-09-29 23:10:00,PT5M,0.0,0.0,0.0,0.0,0.0
0,0,0,0,25,0.14,93.7,2.3,231,2026-09-29 23:15:00,PT5M,0.0,0.0,0.0,0.0,0.0
0,0,0,0,25,0.14,93.5,2.3,232,2026-09-29 23:20:00,PT5M,0.0,0.0,0.0,0.0,0.0
0,0,0,0,25,0.14,93.3,2.4,233,2026-09-29 23:25:00,PT5M,0.0,0.0,0.0,0.0,0.0
0,0,0,0,25,0.14,93.2,2.4,234,2026-09-29 23:30:00,PT5M,0.0,0.0,0.0,0.0,0.0
0,0,0,0,25,0.14,93.1,2.4,235,2026-09-29 23:35:00,PT5M,0.0,0.0,0.0,0.0,0.0
0,0,0,0,25,0.14,93.1,2.5,235,2026-09-29 23:40:00,PT5M,0.0,0.0,0.0,0.0,0.0
0,0,0,0,25,0.14,93.2,2.5,236,2026-09-29 23:45:00,PT5M,0.0,0.0,0.0,0.0,0.0
0,0,0,0,25,0.14,93.2,2.5,236,2026-09-29 23:50:00,PT5M,0.0,0.0,0.0,0.0,0.0
0,0,0,0,25,0.14,93.3,2.5,236,2026-09-29 23:55:00,PT5M,0.0,0.0,0.0,0.0,0.0
0,0,0,0,25,0.14,93.3,2.5,236,2026-09-30 00:00:00,PT5M,0.0,0.0,0.0,0.0,0.0
0,0,0,0,25,0.14,93.4,2.5,236,2026-09-30 00:05:00,PT5M,0.0,0.0,0.0,0.0,0.0
0,0,0,0,25,0.14,93.4,2.5,237,2026-09-30 00:10:00,PT5M,0.0,0.0,0.0,0.0,0.0
0,0,0,0,25,0.14,93.4,2.6,237,2026-09-30 00:15:00,PT5M,0.0,0.0,0.0,0.0,0.0
0,0,0,0,25,0.14,93.5,2.6,237,2026-09-30 00:20:00,PT5M,0.0,0.0,0.0,0.0,0.0
0,0,0,0,25,0.14,93.5,2.6,237,2026-09-30 00:25:00,PT5M,0.0,0.0,0.0,0.0,0.0
0,0,0,0,25,0.14,93.6,2.6,237,2026-09-30 00:30:00,PT5M,0.0,0.0,0.0,0.0,0.0
0,0,0,0,25,0.14,93.7,2.6,237,2026-09-30 00:35:00,PT5M,0.0,0.0,0.0,0.0,0.0
0,0,0,0,25,0.14,93.7,2.6,237,2026-09-30 00:40:00,PT5M,0.0,0.0,0.0,0.0,0.0
0,0,0,0,25,0.14,93.8,2.6,237,2026-09-30 00:45:00,PT5M,0.0,0.0,0.0,0.0,0.0
0,0,0,0,25,0.14,93.9,2.6,237,2026-09-30 00:50:00,PT5M,0.0,0.0,0.0,0.0,0.0
0,0,0,0,25,0.14,94.0,2.6,236,2026-09-30 00:55:00,PT5M,0.0,0.0,0.0,0.0,0.0
0,0,0,0,25,0.14,94.1,2.6,236,2026-09-30 01:00:00,PT5M,0.0,0.0,0.0,0.0,0.0
0,0,0,0,24,0.14,94.2,2.6,236,2026-09-30 01:05:00,PT5M,0.0,0.0,0.0,0.0,0.0
0,0,0,0,24,0.14,94.3,2.6,236,2026-09-30 01:10:00,PT5M,0.0,0.0,0.0,0.0,0.0
0,0,0,0,24,0.14,94.4,2.6,235,2026-09-30 01:15:00,PT5M,0.0,0.0,0.0,0.0,0.0
0,0,0,0,24,0.14,94.5,2.6,235,2026-09-30 01:20:00,PT5M,0.0,0.0,0.0,0.0,0.0
0,0,0,0,24,0.14,94.6,2.6,235,2026-09-30 01:25:00,PT5M,0.0,0.0,0.0,0.0,0.0
0,0,0,0,24,0.14,94.7,2.6,235,2026-09-30 01:30:00,PT5M,0.0,0.0,0.0,0.0,0.0
0,0,0,0,24,0.14,94.7,2.6,235,2026-09-30 01:35:00,PT5M,0.0,0.0,0.0,0.0,0.0
0,0,0,0,24,0.14,94.7,2.6,235,2026-09-30 01:40:00,PT5M,0.0,0.0,0.0,0.0,0.0
0,0,0,0,24,0.14,94.6,2.6,236,2026-09-30 01:45:00,PT5M,0.0,0.0,0.0,0.0,0.0
0,0,0,0,24,0.14,94.6,2.6,237,2026-09-30 01:50:00,PT5M,0.0,0.0,0.0,0.0,0.0
0,0,0,0,24,0.14,94.5,2.6,237,2026-09-30 01:55:00,PT5M,0.0,0.0,0.0,0.0,0.0
0,0,0,0,24,0.14,94.5,2.6,238,2026-09-30 02:00:00,PT5M,0.0,0.0,0.0,0.0,0.0
0,0,0,0,24,0.14,94.4,2.6,239,2026-09-30 02:05:00,PT5M,0.0,0.0,0.0,0.0,0.0
0,0,0,0,24,0.14,94.4,2.6,239,2026-09-30 02:10:00,PT5M,0.0,0.0,0.0,0.0,0.0
0,0,0,0,24,0.14,94.3,2.6,240,2026-09-30 02:15:00,PT5M,0.0,0.0,0.0,0.0,0.0
0,0,0,0,24,0.14,94.3,2.6,241,2026-09-30 02:20:00,PT5M,0.0,0.0,0.0,0.0,0.0
0,0,0,0,24,0.14,94.2,2.6,241,2026-09-30 02:25:00,PT5M,0.0,0.0,0.0,0.0,0.0
0,0,0,0,24,0.14,94.2,2.6,242,2026-09-30 02:30:00,PT5M,0.0,0.0,0.0,0.0,0.0
0,0,0,0,24,0.14,94.2,2.6,242,2026-09-30 02:35:00,PT5M,0.0,0.0,0.0,0.0,0.0
0,0,0,0,24,0.14,94.2,2.6,243,2026-09-30 02:40:00,PT5M,0.0,0.0,0.0,0.0,0.0
0,0,0,0,24,0.14,94.2,2.6,243,2026-09-30 02:45:00,PT5M,0.0,0.0,0.0,0.0,0.0
0,0,0,0,24,0.14,94.2,2.6,243,2026-09-30 02:50:00,PT5M,0.0,0.0,0.0,0.0,0.0
0,0,0,0,24,0.14,94.2,2.5,243,2026-09-30 02:55:00,PT5M,0.0,0.0,0.0,0.0,0.0
0,0,0,0,24,0.14,94.2,2.5,243,2026-09-30 03:00:00,PT5M,0.0,0.0,0.0,0.0,0.0
0,0,0,0,24,0.14,94.2,2.5,243,2026-09-30 03:05:00,PT5M,0.0,0.0,0.0,0.0,0.0
0,0,0,0,24,0.14,94.2,2.5,243,2026-09-30 03:10:00,PT5M,0.0,0.0,0.0,0.0,0.0
0,0,0,0,24,0.14,94.2,2.5,243,2026-09-30 03:15:00,PT5M,0.0,0.0,0.0,0.0,0.0
0,0,0,0,24,0.14,94.2,2.5,243,2026-09-30 03:20:00,PT5M,0.0,0.0,0.0,0.0,0.0
0,0,0,0,24,0.14,94.2,2.5,243,2026-09-30 03:25:00,PT5M,0.0,0.0,0.0,0.0,0.0
0,0,0,0,24,0.14,94.2,2.5,243,2026-09-30 03:30:00,PT5M,0.0,0.0,0.0,0.0,0.0
0,0,0,0,24,0.14,94.2,2.4,243,2026-09-30 03:35:00,PT5M,0.0,0.0,0.0,0.0,0.0
0,0,0,0,24,0.14,94.3,2.4,243,2026-09-30 03:40:00,PT5M,0.0,0.0,0.0,0.0,0.0
0,0,0,0,24,0.14,94.4,2.3,243,2026-09-30 03:45:00,PT5M,0.0,0.0,0.0,0.0,0.0
0,0,0,0,24,0.14,94.5,2.3,243,2026-09-30 03:50:00,PT5M,0.0,0.0,0.0,0.0,0.0
0,0,0,0,24,0.14,94.6,2.3,243,2026-09-30 03:55:00,PT5M,0.0,0.0,0.0,0.0,0.0
0,0,0,0,24,0.14,94.7,2.2,243,2026-09-30 04:00:00,PT5M,0.0,0.0,0.0,0.0,0.0
0,0,0,0,24,0.14,94.8,2.2,243,2026-09-30 04:05:00,PT5M,0.0,0.0,0.0,0.0,0.0
0,0,0,0,24,0.14,94.9,2.1,243,2026-09-30 04:10:00,PT5M,0.0,0.0,0.0,0.0,0.0
0,0,0,0,24,0.14,95.0,2.1,243,2026-09-30 04:15:00,PT5M,0.0,0.0,0.0,0.0,0.0
0,0,0,0,24,0.14,95.1,2.0,242,2026-09-30 04:20:00,PT5M,0.0,0.0,0.0,0.0,0.0
0,0,0,0,24,0.14,95.1,2.0,242,2026-09-30 04:25:00,PT5M,0.0,0.0,0.0,0.0,0.0
0,0,0,0,24,0.14,95.2,1.9,242,2026-09-30 04:30:00,PT5M,0.0,0.0,0.0,0.0,0.0
0,0,0,0,24,0.14,95.3,1.9,242,2026-09-30 04:35:00,PT5M,0.0,0.0,0.0,0.0,0.0
0,0,0,0,24,0.14,95.3,2.0,243,2026-09-30 04:40:00,PT5M,0.0,0.0,0.0,0.0,0.0
0,0,0,0,24,0.14,95.3,2.0,243,2026-09-30 04:45:00,PT5M,0.0,0.0,0.0,0.0,0.0
0,0,0,0,24,0.14,95.3,2.0,243,2026-09-30 04:50:00,PT5M,0.0,0.0,0.0,0.0,0.0
0,0,0,0,24,0.14,95.3,2.0,244,2026-09-30 04:55:00,PT5M,0.0,0.0,0.0,0.0,0.0
0,0,0,0,24,0.14,95.3,2.0,244,2026-09-30 05:00:00,PT5M,0.0,0.0,0.0,0.0,0.0
0,0,0,0,24,0.14,95.3,2.1,244,2026-09-30 05:05:00,PT5M,0.0,0.0,0.0,0.0,0.0
0,0,0,0,24,0.14,95.3,2.1,245,2026-09-30 05:10:00,PT5M,0.0,0.0,0.0,0.0,0.0
0,0,0,0,24,0.14,95.3,2.1,245,2026-09-30 05:15:00,PT5M,0.0,0.0,0.0,0.0,0.0
0,0,0,0,24,0.14,95.3,2.1,245,2026-09-30 05:20:00,PT5M,0.0,0.0,0.0,0.0,0.0
0,0,0,0,24,0.14,95.3,2.2,245,2026-09-30 05:25:00,PT5M,0.0,0.0,0.0,0.0,0.0
0,0,0,0,24,0.14,95.3,2.2,246,2026-09-30 05:30:00,PT5M,0.0,0.0,0.0,0.0,0.0
0,0,0,0,24,0.14,95.2,2.2,246,2026-09-30 05:35:00,PT5M,0.0,0.0,0.0,0.0,0.0
0,0,0,0,24,0.14,95.0,2.2,247,2026-09-30 05:40:00,PT5M,0.0,0.0,0.0,0.0,0.0
0,0,0,0,24,0.14,94.8,2.3,248,2026-09-30 05:45:00,PT5M,0.0,0.0,0.0,0.0,0.0
0,0,0,0,24,0.14,94.6,2.3,249,2026-09-30 05:50:00,PT5M,0.0,0.0,0.0,0.0,0.0
0,0,0,0,24,0.14,94.4,2.3,249,2026-09-30 05:55:00,PT5M,0.0,0.0,0.0,0.0,0.0
2,2,0,2,24,0.14,94.2,2.4,250,2026-09-30 06:00:00,PT5M,0.0,0.0,0.0,0.0,0.0
9,9,0,9,24,0.14,94.1,2.4,251,2026-09-30 06:05:00,PT5M,0.498,0.944,0.7327,0.2633,0.052
16,16,0,16,24,0.14,93.9,2.4,251,2026-09-30 06:10:00,PT5M,1.519,2.5335,2.0529,0.9851,0.5045
25,25,0,25,24,0.14,93.7,2.5,252,2026-09-30 06:15:00,PT5M,2.643,4.4955,3.618,1.668,0.7905
34,35,0,35,24,0.14,93.5,2.5,253,2026-09-30 06:20:00,PT5M,3.854,6.9215,5.4684,2.2396,0.7865
45,45,0,45,24,0.14,93.3,2.5,253,2026-09-30 06:25:00,PT5M,5.194,9.5825,7.5037,2.8843,0.8055
57,57,8,56,24,0.14,93.1,2.6,254,2026-09-30 06:30:00,PT5M,6.943,12.8605,10.0574,3.8286,1.0255
70,70,33,65,25,0.14,92.8,2.6,254,2026-09-30 06:35:00,PT5M,9.32,16.8755,13.2965,5.3435,1.7645
85,84,62,73,25,0.14,92.2,2.5,254,2026-09-30 06:40:00,PT5M,12.082,21.295,16.9309,7.2331,2.869
100,100,91,81,25,0.14,91.7,2.5,254,2026-09-30 06:45:00,PT5M,15.242,26.0785,20.9453,9.5387,4.4055
117,116,121,89,25,0.14,91.1,2.4,254,2026-09-30 06:50:00,PT5M,18.729,31.1755,25.2797,12.1783,6.2825
135,134,152,96,25,0.14,90.6,2.4,254,2026-09-30 06:55:00,PT5M,22.46,36.571,29.8867,15.0333,8.349
153,152,181,103,25,0.14,90.0,2.4,254,2026-09-30 07:00:00,PT5M,26.43,42.3275,34.797,18.063,10.5325
171,169,206,110,25,0.14,89.5,2.3,254,2026-09-30 07:05:00,PT5M,30.419,48.137,39.7441,21.0939,12.701
189,187,230,116,26,0.14,89.0,2.3,254,2026-09-30 07:10:00,PT5M,34.629,54.1925,44.9254,24.3326,15.0655
208,206,255,122,26,0.14,88.5,2.2,254,2026-09-30 07:15:00,PT5M,39.03,60.4475,50.3022,27.7578,17.6125
227,225,280,127,26,0.14,87.9,2.2,254,2026-09-30 07:20:00,PT5M,43.582,66.857,55.8318,31.3322,20.307
247,245,304,132,26,0.14,87.4,2.2,253,2026-09-30 07:25:00,PT5M,48.286,73.4115,61.5097,35.0623,23.1605
267,265,329,136,26,0.14,86.9,2.1,253,2026-09-30 07:30:00,PT5M,53.143,80.1185,67.3404,38.9456,26.1675
287,284,348,141,26,0.14,86.2,2.1,253,2026-09-30 07:35:00,PT5M,57.713,86.6215,72.9278,42.4982,28.8045
305,302,362,146,26,0.14,85.4,2.0,254,2026-09-30 07:40:00,PT5M,61.949,92.981,78.2814,45.6166,30.917
323,320,377,151,27,0.14,84.6,2.0,254,2026-09-30 07:45:00,PT5M,64.506,96.1635,81.1676,47.8444,32.8485
342,338,390,156,27,0.14,83.7,2.0,255,2026-09-30 07:50:00,PT5M,66.81,98.884,83.6908,49.9292,34.736
360,357,403,160,27,0.14,82.9,1.9,255,2026-09-30 07:55:00,PT5M,69.024,100.0,86.0977,51.9503,36.5835
379,375,416,165,27,0.14,82.1,1.9,256,2026-09-30 08:00:00,PT5M,71.138,100.0,88.3751,53.9009,38.387
397,393,429,169,27,0.14,81.3,1.8,256,2026-09-30 08:05:00,PT5M,73.138,100.0,90.5048,55.7712,40.1405
416,411,441,172,27,0.14,80.5,1.8,257,2026-09-30 08:10:00,PT5M,75.011,100.0,92.4681,57.5539,41.842
434,429,453,176,28,0.14,79.7,1.8,257,2026-09-30 08:15:00,PT5M,76.748,100.0,94.2524,59.2436,43.489
452,447,464,179,28,0.14,79.0,1.7,258,2026-09-30 08:20:00,PT5M,78.336,100.0,95.8354,60.8366,45.0865
470,465,475,183,28,0.14,78.2,1.7,258,2026-09-30 08:25:00,PT5M,79.784,100.0,97.2308,62.3372,46.6345
488,483,485,186,28,0.14,77.4,1.6,259,2026-09-30 08:30:00,PT5M,81.15,100.0,98.5229,63.7771,48.141
505,500,493,189,28,0.14,76.7,1.6,260,2026-09-30 08:35:00,PT5M,82.274,100.0,99.5608,64.9872,49.4285
521,515,499,194,28,0.14,76.0,1.5,262,2026-09-30 08:40:00,PT5M,83.169,100.0,100.0,65.9761,50.502
536,531,503,198,29,0.14,75.3,1.4,265,2026-09-30 08:45:00,PT5M,84.011,100.0,100.0,66.8865,51.474
552,546,508,202,29,0.14,74.6,1.3,267,2026-09-30 08:50:00,PT5M,84.812,100.0,100.0,67.8112,52.51
567,561,513,206,29,0.14,73.9,1.3,270,2026-09-30 08:55:00,PT5M,85.574,100.0,100.0,68.7109,53.5335
582,576,517,210,29,0.14,73.3,1.2,273,2026-09-30 09:00:00,PT5M,86.309,100.0,100.0,69.5874,54.5375
597,591,523,213,29,0.14,72.6,1.1,277,2026-09-30 09:05:00,PT5M,87.128,100.0,100.0,70.7012,55.9165
612,606,528,216,29,0.14,71.9,1.1,281,2026-09-30 09:10:00,PT5M,87.911,100.0,100.0,71.7778,57.2575
626,620,534,219,30,0.14,71.3,1.0,285,2026-09-30 09:15:00,PT5M,88.66,100.0,100.0,72.8137,58.5515
641,634,539,222,30,0.14,70.6,0.9,291,2026-09-30 09:20:00,PT5M,89.377,100.0,100.0,73.8107,59.8005
655,648,544,224,30,0.14,70.0,0.9,296,2026-09-30 09:25:00,PT5M,90.095,100.0,100.0,74.8021,61.038
668,662,549,227,30,0.14,69.4,0.9,302,2026-09-30 09:30:00,PT5M,90.747,100.0,100.0,75.7204,62.196
681,675,553,230,30,0.14,68.8,0.8,307,2026-09-30 09:35:00,PT5M,91.307,100.0,100.0,76.5275,63.2255
693,687,555,233,30,0.14,68.3,0.7,311,2026-09-30 09:40:00,PT5M,91.778,100.0,100.0,77.2267,64.13
705,698,556,236,30,0.14,67.9,0.7,316,2026-09-30 09:45:00,PT5M,92.175,100.0,100.0,77.8379,64.934
716,709,557,240,30,0.14,67.4,0.6,321,2026-09-30 09:50:00,PT5M,92.542,100.0,100.0,78.4109,65.6925
726,719,558,243,31,0.14,67.0,0.5,328,2026-09-30 09:55:00,PT5M,92.888,100.0,100.0,78.9556,66.416
736,729,559,247,31,0.14,66.5,0.5,337,2026-09-30 10:00:00,PT5M,93.211,100.0,100.0,79.4665,67.096
746,739,560,250,31,0.14,66.1,0.5,347,2026-09-30 10:05:00,PT5M,93.512,100.0,100.0,79.9475,67.739
755,748,560,253,31,0.14,65.6,0.4,358,2026-09-30 10:10:00,PT5M,93.791,100.0,100.0,80.3989,68.3455
763,756,560,256,31,0.14,65.2,0.4,10,2026-09-30 10:15:00,PT5M,94.047,100.0,100.0,80.8196,68.9145
772,765,560,259,31,0.14,64.8,0.5,22,2026-09-30 10:20:00,PT5M,94.282,100.0,100.0,81.2122,69.449
780,772,561,262,31,0.14,64.3,0.5,32,2026-09-30 10:25:00,PT5M,94.498,100.0,100.0,81.5793,69.952
787,780,560,265,31,0.14,63.9,0.5,41,2026-09-30 10:30:00,PT5M,94.697,100.0,100.0,81.9233,70.4265
794,786,559,268,31,0.14,63.6,0.6,48,2026-09-30 10:35:00,PT5M,94.822,100.0,100.0,82.1756,70.7935
799,792,557,272,31,0.14,63.3,0.6,52,2026-09-30 10:40:00,PT5M,94.875,100.0,100.0,82.3378,71.054
804,797,555,275,32,0.14,63.0,0.7,57,2026-09-30 10:45:00,PT5M,94.906,100.0,100.0,82.4696,71.2765
809,801,553,278,32,0.14,62.7,0.7,61,2026-09-30 10:50:00,PT5M,94.913,100.0,100.0,82.5669,71.455
813,806,550,281,32,0.14,62.4,0.7,64,2026-09-30 10:55:00,PT5M,94.888,100.0,100.0,82.6106,71.5605
816,809,548,284,32,0.14,62.1,0.8,67,2026-09-30 11:00:00,PT5M,94.843,100.0,100.0,82.6253,71.629
820,812,545,287,32,0.14,61.8,0.8,69,2026-09-30 11:05:00,PT5M,94.792,100.0,100.0,82.6446,71.7115
822,815,542,290,32,0.14,61.5,0.9,72,2026-09-30 11:10:00,PT5M,94.723,100.0,100.0,82.6424,71.7695
824,817,539,293,32,0.14,61.2,0.9,74,2026-09-30 11:15:00,PT5M,94.626,100.0,100.0,82.593,71.763
826,819,536,296,32,0.14,60.9,1.0,76,2026-09-30 11:20:00,PT5M,94.575,100.0,100.0,82.5794,71.783
827,820,533,298,32,0.14,60.6,1.0,77,2026-09-30 11:25:00,PT5M,94.434,100.0,100.0,82.4668,71.696
828,821,530,301,32,0.14,60.3,1.1,79,2026-09-30 11:30:00,PT5M,94.27,100.0,100.0,82.3239,71.572
828,821,525,304,32,0.14,60.1,1.1,81,2026-09-30 11:35:00,PT5M,94.067,100.0,100.0,82.0932,71.3165
827,820,520,307,32,0.14,59.9,1.1,83,2026-09-30 11:40:00,PT5M,93.826,100.0,100.0,81.7754,70.9295
826,819,515,311,32,0.14,59.7,1.1,85,2026-09-30 11:45:00,PT5M,93.56,100.0,100.0,81.4244,70.502
824,817,510,314,33,0.14,59.5,1.1,87,2026-09-30 11:50:00,PT5M,93.268,100.0,100.0,81.0387,70.032
822,815,504,317,33,0.14,59.3,1.1,89,2026-09-30 11:55:00,PT5M,92.948,100.0,100.0,80.6164,69.5175
819,812,498,320,33,0.14,59.1,1.1,92,2026-09-30 12:00:00,PT5M,92.683,100.0,100.0,80.2403,69.0415
816,809,492,323,33,0.14,58.9,1.0,94,2026-09-30 12:05:00,PT5M,92.426,100.0,100.0,79.8633,68.5565
812,805,486,326,33,0.14,58.7,1.0,96,2026-09-30 12:10:00,PT5M,92.14,100.0,100.0,79.4486,68.026
808,801,480,329,33,0.14,58.5,1.0,99,2026-09-30 12:15:00,PT5M,91.826,100.0,100.0,78.9967,67.45
803,797,474,331,33,0.14,58.3,1.0,101,2026-09-30 12:20:00,PT5M,91.483,100.0,100.0,78.5079,66.83
798,792,467,334,33,0.14,58.1,1.0,103,2026-09-30 12:25:00,PT5M,91.112,100.0,100.0,77.9835,66.1675
792,786,461,336,33,0.14,57.9,1.0,106,2026-09-30 12:30:00,PT5M,90.712,100.0,100.0,77.4246,65.4655
783,777,448,341,33,0.14,57.9,1.1,105,2026-09-30 12:35:00,PT5M,89.943,100.0,100.0,76.4166,64.2425
770,764,429,348,33,0.14,57.9,1.1,102,2026-09-30 12:40:00,PT5M,88.801,100.0,100.0,74.9581,62.499
756,751,411,354,33,0.14,57.9,1.2,99,2026-09-30 12:45:00,PT5M,87.618,100.0,100.0,73.4495,60.6975
742,737,392,360,33,0.14,57.9,1.2,96,2026-09-30 12:50:00,PT5M,86.389,100.0,100.0,71.8861,58.833
728,724,374,366,33,0.14,57.9,1.3,93,2026-09-30 12:55:00,PT5M,85.136,100.0,99.965,70.307,56.9605
714,710,357,371,33,0.14,58.0,1.3,91,2026-09-30 13:00:00,PT5M,83.838,100.0,98.977,68.699,55.0735
700,695,340,375,33,0.14,58.0,1.4,89,2026-09-30 13:05:00,PT5M,82.512,100.0,97.9781,67.0459,53.126
685,681,323,378,33,0.14,58.0,1.4,87,2026-09-30 13:10:00,PT5M,81.136,100.0,96.9342,65.3378,51.119
670,666,306,382,33,0.14,58.0,1.5,85,2026-09-30 13:15:00,PT5M,79.715,100.0,95.8466,63.5834,49.0645
655,652,290,384,33,0.14,58.1,1.6,84,2026-09-30 13:20:00,PT5M,78.252,100.0,94.7167,61.7873,46.9685
640,637,274,386,33,0.14,58.1,1.6,82,2026-09-30 13:25:00,PT5M,76.748,100.0,93.5435,59.9525,44.836
625,622,259,388,33,0.14,58.1,1.7,81,2026-09-30 13:30:00,PT5M,75.204,100.0,92.3282,58.0798,42.6675
608,605,242,388,32,0.14,58.9,1.8,82,2026-09-30 13:35:00,PT5M,73.478,100.0,90.969,55.987,40.2445
589,587,223,389,32,0.14,60.5,1.9,85,2026-09-30 13:40:00,PT5M,71.566,100.0,89.4599,53.6721,37.567
571,569,206,388,32,0.14,62.1,2.0,89,2026-09-30 13:45:00,PT5M,69.588,100.0,87.8788,51.2972,34.835
553,551,189,387,31,0.14,63.7,2.1,91,2026-09-30 13:50:00,PT5M,67.599,100.0,86.2805,48.9175,32.1035
535,533,173,385,31,0.14,65.4,2.2,94,2026-09-30 13:55:00,PT5M,65.573,100.0,84.639,46.507,29.347
517,515,157,382,31,0.14,67.2,2.4,96,2026-09-30 14:00:00,PT5M,63.508,100.0,82.9522,44.0638,26.5635
499,498,142,379,30,0.14,69.0,2.5,98,2026-09-30 14:05:00,PT5M,61.404,99.0555,81.2203,41.5877,23.7525
481,480,127,375,30,0.14,70.9,2.6,100,2026-09-30 14:10:00,PT5M,59.271,97.614,79.4512,39.0908,20.928
463,462,113,370,30,0.14,72.8,2.7,102,2026-09-30 14:15:00,PT5M,57.086,96.108,77.6236,36.5484,18.064
445,445,100,365,29,0.14,74.7,2.9,103,2026-09-30 14:20:00,PT5M,55.012,94.6975,75.8988,34.1252,15.3265
428,427,86,360,29,0.14,76.8,3.0,104,2026-09-30 14:25:00,PT5M,52.779,93.1095,74.0052,31.5528,12.4485
410,410,74,353,29,0.14,78.8,3.2,106,2026-09-30 14:30:00,PT5M,50.528,91.4855,72.0842,28.9718,9.5705
397,397,66,347,28,0.14,80.3,3.1,106,2026-09-30 14:35:00,PT5M,48.804,90.207,70.5947,27.0133,7.401
387,387,61,342,28,0.14,81.1,2.8,107,2026-09-30 14:40:00,PT5M,47.585,88.9475,69.3544,25.8156,6.2225
377,377,57,336,28,0.14,81.9,2.5,107,2026-09-30 14:45:00,PT5M,46.323,87.5805,68.0371,24.6089,5.0655
367,367,52,330,28,0.14,82.7,2.3,107,2026-09-30 14:50:00,PT5M,45.017,86.1425,66.6616,23.3724,3.8915
357,357,48,323,28,0.14,83.5,2.0,108,2026-09-30 14:55:00,PT5M,43.693,84.6555,65.2519,22.1341,2.7305
346,347,44,317,28,0.14,84.3,1.7,108,2026-09-30 15:00:00,PT5M,42.366,83.131,63.8209,20.9111,1.601
336,336,40,310,28,0.14,85.2,1.4,109,2026-09-30 15:05:00,PT5M,40.992,81.526,62.3253,19.6587,0.458
325,326,35,303,28,0.14,86.0,1.2,110,2026-09-30 15:10:00,PT5M,39.571,79.839,60.7643,18.3777,0.0
315,315,31,296,27,0.14,86.9,0.9,112,2026-09-30 15:15:00,PT5M,38.51,78.4745,59.5436,17.4764,0.0
304,304,26,288,27,0.14,87.7,0.6,115,2026-09-30 15:20:00,PT5M,36.965,76.585,57.8173,16.1127,0.0
293,293,21,281,27,0.14,88.6,0.4,124,2026-09-30 15:25:00,PT5M,35.367,74.5925,56.0117,14.7223,0.0
282,282,16,273,27,0.14,89.5,0.1,166,2026-09-30 15:30:00,PT5M,33.716,72.4905,54.1233,13.3087,0.0
271,272,13,264,27,0.14,89.8,0.1,257,2026-09-30 15:35:00,PT5M,32.195,70.526,52.3689,12.0211,0.0
261,261,11,255,27,0.14,89.7,0.2,294,2026-09-30 15:40:00,PT5M,30.872,68.729,50.7964,10.9476,0.0
250,251,9,246,27,0.14,89.6,0.4,307,2026-09-30 15:45:00,PT5M,29.515,66.7735,49.1244,9.9056,0.0
240,240,6,237,27,0.14,89.4,0.5,313,2026-09-30 15:50:00,PT5M,28.12,64.7345,47.3905,8.8495,0.0
229,230,3,228,27,0.14,89.3,0.7,316,2026-09-30 15:55:00,PT5M,26.683,62.583,45.5774,7.7886,0.0
218,219,1,218,27,0.14,89.2,0.8,319,2026-09-30 16:00:00,PT5M,25.202,60.3265,43.6883,6.7157,0.0
207,208,0,208,27,0.14,89.0,1.0,320,2026-09-30 16:05:00,PT5M,23.871,58.1645,41.9199,5.8221,0.0
196,197,0,197,27,0.14,88.9,1.2,321,2026-09-30 16:10:00,PT5M,22.583,55.9955,40.1682,4.9978,0.0
185,186,0,186,27,0.14,88.8,1.3,322,2026-09-30 16:15:00,PT5M,21.524,53.3375,38.2677,4.7803,0.0
174,175,0,175,27,0.14,88.7,1.5,323,2026-09-30 16:20:00,PT5M,20.502,50.0945,36.0767,4.9273,0.0
163,164,0,164,27,0.14,88.5,1.6,323,2026-09-30 16:25:00,PT5M,19.357,46.788,33.7941,4.9199,0.0
152,153,0,153,27,0.14,88.4,1.8,324,2026-09-30 16:30:00,PT5M,18.148,43.448,31.4636,4.8324,0.0
141,141,0,141,27,0.14,88.3,1.8,325,2026-09-30 16:35:00,PT5M,16.873,40.0855,29.0899,4.6561,0.0
129,130,0,130,27,0.14,88.2,1.8,328,2026-09-30 16:40:00,PT5M,15.532,36.677,26.6608,4.4032,0.0
118,118,0,118,27,0.14,88.1,1.8,330,2026-09-30 16:45:00,PT5M,14.166,33.265,24.2179,4.1141,0.0
107,107,0,107,27,0.14,88.0,1.7,333,2026-09-30 16:50:00,PT5M,12.802,29.894,21.7976,3.8064,0.0
96,96,0,96,27,0.14,87.9,1.7,336,2026-09-30 16:55:00,PT5M,11.458,26.6045,19.4297,3.4863,0.0
84,85,0,85,27,0.14,87.8,1.7,339,2026-09-30 17:00:00,PT5M,10.085,23.389,17.087,3.083,0.0
74,74,0,74,27,0.14,87.8,1.6,342,2026-09-30 17:05:00,PT5M,8.754,20.311,14.8365,2.6715,0.0
63,63,0,63,27,0.14,87.7,1.6,345,2026-09-30 17:10:00,PT5M,7.375,17.2295,12.5615,2.1885,0.0
53,53,0,53,27,0.14,87.6,1.6,348,2026-09-30 17:15:00,PT5M,6.154,14.352,10.4687,1.8393,0.0
44,44,0,44,27,0.14,87.5,1.6,352,2026-09-30 17:20:00,PT5M,5.036,11.591,8.4859,1.5861,0.0
35,36,0,36,27,0.14,87.4,1.6,355,2026-09-30 17:25:00,PT5M,3.912,8.956,6.5667,1.2573,0.0
28,28,0,28,27,0.14,87.3,1.6,358,2026-09-30 17:30:00,PT5M,2.895,6.5935,4.8415,0.9485,0.0
21,21,0,21,27,0.14,87.4,1.6,0,2026-09-30 17:35:00,PT5M,2.034,4.616,3.3929,0.6751,0.0
14,15,0,15,27,0.14,87.7,1.6,0,2026-09-30 17:40:00,PT5M,1.236,2.734,2.0244,0.4476,0.0
9,9,0,9,27,0.14,88.0,1.5,0,2026-09-30 17:45:00,PT5M,0.496,1.2245,0.8794,0.1126,0.0
4,4,0,4,27,0.14,88.3,1.5,0,2026-09-30 17:50:00,PT5M,0.0,0.12,0.0632,0.0,0.0
0,0,0,0,27,0.14,88.6,1.5,0,2026-09-30 17:55:00,PT5M,0.0,0.0,0.0,0.0,0.0
0,0,0,0,27,0.14,88.9,1.4,0,2026-09-30 18:00:00,PT5M,0.0,0.0,0.0,0.0,0.0
0,0,0,0,27,0.14,89.2,1.4,0,2026-09-30 18:05:00,PT5M,0.0,0.0,0.0,0.0,0.0
0,0,0,0,27,0.14,89.5,1.4,0,2026-09-30 18:10:00,PT5M,0.0,0.0,0.0,0.0,0.0
0,0,0,0,27,0.14,89.9,1.3,0,2026-09-30 18:15:00,PT5M,0.0,0.0,0.0,0.0,0.0
0,0,0,0,27,0.14,90.2,1.3,0,2026-09-30 18:20:00,PT5M,0.0,0.0,0.0,0.0,0.0
0,0,0,0,27,0.14,90.5,1.3,0,2026-09-30 18:25:00,PT5M,0.0,0.0,0.0,0.0,0.0
0,0,0,0,26,0.14,90.8,1.2,0,2026-09-30 18:30:00,PT5M,0.0,0.0,0.0,0.0,0.0
0,0,0,0,26,0.14,91.0,1.2,358,2026-09-30 18:35:00,PT5M,0.0,0.0,0.0,0.0,0.0
0,0,0,0,26,0.14,91.1,1.2,353,2026-09-30 18:40:00,PT5M,0.0,0.0,0.0,0.0,0.0
0,0,0,0,26,0.14,91.3,1.2,349,2026-09-30 18:45:00,PT5M,0.0,0.0,0.0,0.0,0.0
0,0,0,0,26,0.14,91.4,1.2,345,2026-09-30 18:50:00,PT5M,0.0,0.0,0.0,0.0,0.0
0,0,0,0,26,0.14,91.5,1.3,341,2026-09-30 18:55:00,PT5M,0.0,0.0,0.0,0.0,0.0
0,0,0,0,26,0.14,91.7,1.3,337,2026-09-30 19:00:00,PT5M,0.0,0.0,0.0,0.0,0.0
0,0,0,0,26,0.14,91.8,1.3,334,2026-09-30 19:05:00,PT5M,0.0,0.0,0.0,0.0,0.0
0,0,0,0,26,0.14,91.9,1.4,330,2026-09-30 19:10:00,PT5M,0.0,0.0,0.0,0.0,0.0
0,0,0,0,26,0.14,92.1,1.4,327,2026-09-30 19:15:00,PT5M,0.0,0.0,0.0,0.0,0.0
0,0,0,0,26,0.14,92.2,1.5,324,2026-09-30 19:20:00,PT5M,0.0,0.0,0.0,0.0,0.0
0,0,0,0,26,0.14,92.4,1.5,321,2026-09-30 19:25:00,PT5M,0.0,0.0,0.0,0.0,0.0
0,0,0,0,26,0.14,92.5,1.6,319,2026-09-30 19:30:00,PT5M,0.0,0.0,0.0,0.0,0.0
0,0,0,0,26,0.14,92.6,1.6,318,2026-09-30 19:35:00,PT5M,0.0,0.0,0.0,0.0,0.0
0,0,0,0,26,0.14,92.7,1.5,318,2026-09-30 19:40:00,PT5M,0.0,0.0,0.0,0.0,0.0
0,0,0,0,26,0.14,92.8,1.5,318,2026-09-30 19:45:00,PT5M,0.0,0.0,0.0,0.0,0.0
0,0,0,0,26,0.14,92.9,1.4,318,2026-09-30 19:50:00,PT5M,0.0,0.0,0.0,0.0,0.0
0,0,0,0,26,0.14,93.0,1.4,318,2026-09-30 19:55:00,PT5M,0.0,0.0,0.0,0.0,0.0
0,0,0,0,26,0.14,93.1,1.3,318,2026-09-30 20:00:00,PT5M,0.0,0.0,0.0,0.0,0.0
0,0,0,0,26,0.14,93.2,1.2,318,2026-09-30 20:05:00,PT5M,0.0,0.0,0.0,0.0,0.0
0,0,0,0,26,0.14,93.2,1.2,318,2026-09-30 20:10:00,PT5M,0.0,0.0,0.0,0.0,0.0
0,0,0,0,26,0.14,93.3,1.1,319,2026-09-30 20:15:00,PT5M,0.0,0.0,0.0,0.0,0.0
0,0,0,0,26,0.14,93.4,1.1,319,2026-09-30 20:20:00,PT5M,0.0,0.0,0.0,0.0,0.0
0,0,0,0,26,0.14,93.5,1.0,319,2026-09-30 20:25:00,PT5M,0.0,0.0,0.0,0.0,0.0
0,0,0,0,26,0.14,93.6,1.0,319,2026-09-30 20:30:00,PT5M,0.0,0.0,0.0,0.0,0.0
0,0,0,0,26,0.14,93.7,0.9,319,2026-09-30 20:35:00,PT5M,0.0,0.0,0.0,0.0,0.0
0,0,0,0,26,0.14,93.7,0.9,320,2026-09-30 20:40:00,PT5M,0.0,0.0,0.0,0.0,0.0
0,0,0,0,26,0.14,93.8,0.8,320,2026-09-30 20:45:00,PT5M,0.0,0.0,0.0,0.0,0.0
0,0,0,0,26,0.14,93.8,0.8,320,2026-09-30 20:50:00,PT5M,0.0,0.0,0.0,0.0,0.0
0,0,0,0,26,0.14,93.9,0.8,320,2026-09-30 20:55:00,PT5M,0.0,0.0,0.0,0.0,0.0
0,0,0,0,26,0.14,93.9,0.7,321,2026-09-30 21:00:00,PT5M,0.0,0.0,0.0,0.0,0.0
0,0,0,0,26,0.14,94.0,0.7,321,2026-09-30 21:05:00,PT5M,0.0,0.0,0.0,0.0,0.0
0,0,0,0,26,0.14,94.0,0.7,321,2026-09-30 21:10:00,PT5M,0.0,0.0,0.0,0.0,0.0
0,0,0,0,26,0.14,94.1,0.6,322,2026-09-30 21:15:00,PT5M,0.0,0.0,0.0,0.0,0.0
0,0,0,0,26,0.14,94.1,0.6,322,2026-09-30 21:20:00,PT5M,0.0,0.0,0.0,0.0,0.0
0,0,0,0,26,0.14,94.1,0.6,322,2026-09-30 21:25:00,PT5M,0.0,0.0,0.0,0.0,0.0
0,0,0,0,26,0.14,94.2,0.5,323,2026-09-30 21:30:00,PT5M,0.0,0.0,0.0,0.0,0.0
0,0,0,0,26,0.14,94.2,0.5,321,2026-09-30 21:35:00,PT5M,0.0,0.0,0.0,0.0,0.0
0,0,0,0,26,0.14,94.3,0.6,318,2026-09-30 21:40:00,PT5M,0.0,0.0,0.0,0.0,0.0
0,0,0,0,26,0.14,94.3,0.6,315,2026-09-30 21:45:00,PT5M,0.0,0.0,0.0,0.0,0.0
0,0,0,0,25,0.14,94.4,0.7,312,2026-09-30 21:50:00,PT5M,0.0,0.0,0.0,0.0,0.0
0,0,0,0,25,0.14,94.4,0.7,310,2026-09-30 21:55:00,PT5M,0.0,0.0,0.0,0.0,0.0
0,0,0,0,25,0.14,94.5,0.8,308,2026-09-30 22:00:00,PT5M,0.0,0.0,0.0,0.0,0.0
0,0,0,0,25,0.14,94.5,0.8,307,2026-09-30 22:05:00,PT5M,0.0,0.0,0.0,0.0,0.0
0,0,0,0,25,0.14,94.6,0.9,305,2026-09-30 22:10:00,PT5M,0.0,0.0,0.0,0.0,0.0
0,0,0,0,25,0.14,94.6,1.0,304,2026-09-30 22:15:00,PT5M,0.0,0.0,0.0,0.0,0.0
0,0,0,0,25,0.14,94.7,1.0,303,2026-09-30 22:20:00,PT5M,0.0,0.0,0.0,0.0,0.0
0,0,0,0,25,0.14,94.7,1.1,302,2026-09-30 22:25:00,PT5M,0.0,0.0,0.0,0.0,0.0
0,0,0,0,25,0.14,94.7,1.1,301,2026-09-30 22:30:00,PT5M,0.0,0.0,0.0,0.0,0.0
0,0,0,0,25,0.14,94.8,1.2,300,2026-09-30 22:35:00,PT5M,0.0,0.0,0.0,0.0,0.0
0,0,0,0,25,0.14,94.8,1.2,297,2026-09-30 22:40:00,PT5M,0.0,0.0,0.0,0.0,0.0
0,0,0,0,25,0.14,94.8,1.2,295,2026-09-30 22:45:00,PT5M,0.0,0.0,0.0,0.0,0.0
0,0,0,0,25,0.14,94.8,1.2,293,2026-09-30 22:50:00,PT5M,0.0,0.0,0.0,0.0,0.0
0,0,0,0,25,0.14,94.8,1.2,290,2026-09-30 22:55:00,PT5M,0.0,0.0,0.0,0.0,0.0
0,0,0,0,25,0.14,94.8,1.2,288,2026-09-30 23:00:00,PT5M,0.0,0.0,0.0,0.0,0.0
0,0,0,0,25,0.14,94.8,1.2,286,2026-09-30 23:05:00,PT5M,0.0,0.0,0.0,0.0,0.0
0,0,0,0,25,0.14,94.8,1.2,284,2026-09-30 23:10:00,PT5M,0.0,0.0,0.0,0.0,0.0
0,0,0,0,25,0.14,94.8,1.2,281,2026-09-30 23:15:00,PT5M,0.0,0.0,0.0,0.0,0.0
0,0,0,0,25,0.14,94.8,1.3,279,2026-09-30 23:20:00,PT5M,0.0,0.0,0.0,0.0,0.0
0,0,0,0,25,0.14,94.8,1.3,277,2026-09-30 23:25:00,PT5M,0.0,0.0,0.0,0.0,0.0
0,0,0,0,25,0.14,94.8,1.3,275,2026-09-30 23:30:00,PT5M,0.0,0.0,0.0,0.0,0.0
0,0,0,0,25,0.14,94.7,1.3,274,2026-09-30 23:35:00,PT5M,0.0,0.0,0.0,0.0,0.0
0,0,0,0,25,0.14,94.7,1.3,274,2026-09-30 23:40:00,PT5M,0.0,0.0,0.0,0.0,0.0
0,0,0,0,25,0.14,94.6,1.4,274,2026-09-30 23:45:00,PT5M,0.0,0.0,0.0,0.0,0.0
0,0,0,0,25,0.14,94.6,1.4,274,2026-09-30 23:50:00,PT5M,0.0,0.0,0.0,0.0,0.0
0,0,0,0,25,0.14,94.5,1.4,274,2026-09-30 23:55:00,PT5M,0.0,0.0,0.0,0.0,0.0
0,0,0,0,25,0.14,94.5,1.4,274,2026-10-01 00:00:00,PT5M,0.0,0.0,0.0,0.0,0.0
0,0,0,0,25,0.14,94.4,1.5,274,2026-10-01 00:05:00,PT5M,0.0,0.0,0.0,0.0,0.0
0,0,0,0,25,0.14,94.4,1.5,274,2026-10-01 00:10:00,PT5M,0.0,0.0,0.0,0.0,0.0
0,0,0,0,25,0.14,94.4,1.5,274,2026-10-01 00:15:00,PT5M,0.0,0.0,0.0,0.0,0.0
0,0,0,0,25,0.14,94.3,1.5,274,2026-10-01 00:20:00,PT5M,0.0,0.0,0.0,0.0,0.0
0,0,0,0,25,0.14,94.3,1.6,274,2026-10-01 00:25:00,PT5M,0.0,0.0,0.0,0.0,0.0
0,0,0,0,25,0.14,94.2,1.6,274,2026-10-01 00:30:00,PT5M,0.0,0.0,0.0,0.0,0.0
0,0,0,0,25,0.14,94.2,1.6,273,2026-10-01 00:35:00,PT5M,0.0,0.0,0.0,0.0,0.0
0,0,0,0,25,0.14,94.3,1.6,272,2026-10-01 00:40:00,PT5M,0.0,0.0,0.0,0.0,0.0
0,0,0,0,25,0.14,94.3,1.6,271,2026-10-01 00:45:00,PT5M,0.0,0.0,0.0,0.0,0.0
0,0,0,0,25,0.14,94.3,1.6,269,2026-10-01 00:50:00,PT5M,0.0,0.0,0.0,0.0,0.0
0,0,0,0,25,0.14,94.4,1.6,268,2026-10-01 00:55:00,PT5M,0.0,0.0,0.0,0.0,0.0
0,0,0,0,25,0.14,94.4,1.6,267,2026-10-01 01:00:00,PT5M,0.0,0.0,0.0,0.0,0.0
0,0,0,0,25,0.14,94.5,1.6,266,2026-10-01 01:05:00,PT5M,0.0,0.0,0.0,0.0,0.0
0,0,0,0,25,0.14,94.5,1.5,264,2026-10-01 01:10:00,PT5M,0.0,0.0,0.0,0.0,0.0
0,0,0,0,25,0.14,94.6,1.5,263,2026-10-01 01:15:00,PT5M,0.0,0.0,0.0,0.0,0.0
0,0,0,0,25,0.14,94.6,1.5,262,2026-10-01 01:20:00,PT5M,0.0,0.0,0.0,0.0,0.0
0,0,0,0,25,0.14,94.7,1.5,261,2026-10-01 01:25:00,PT5M,0.0,0.0,0.0,0.0,0.0
0,0,0,0,25,0.14,94.7,1.5,259,2026-10-01 01:30:00,PT5M,0.0,0.0,0.0,0.0,0.0
0,0,0,0,25,0.14,94.8,1.5,258,2026-10-01 01:35:00,PT5M,0.0,0.0,0.0,0.0,0.0
0,0,0,0,25,0.14,94.8,1.6,257,2026-10-01 01:40:00,PT5M,0.0,0.0,0.0,0.0,0.0
0,0,0,0,25,0.14,94.9,1.6,256,2026-10-01 01:45:00,PT5M,0.0,0.0,0.0,0.0,0.0
0,0,0,0,24,0.14,94.9,1.6,255,2026-10-01 01:50:00,PT5M,0.0,0.0,0.0,0.0,0.0
0,0,0,0,24,0.14,95.0,1.6,254,2026-10-01 01:55:00,PT5M,0.0,0.0,0.0,0.0,0.0
0,0,0,0,24,0.14,95.0,1.6,253,2026-10-01 02:00:00,PT5M,0.0,0.0,0.0,0.0,0.0
0,0,0,0,24,0.14,95.0,1.6,252,2026-10-01 02:05:00,PT5M,0.0,0.0,0.0,0.0,0.0
0,0,0,0,24,0.14,95.1,1.7,251,2026-10-01 02:10:00,PT5M,0.0,0.0,0.0,0.0,0.0
0,0,0,0,24,0.14,95.1,1.7,250,2026-10-01 02:15:00,PT5M,0.0,0.0,0.0,0.0,0.0
0,0,0,0,24,0.14,95.2,1.7,249,2026-10-01 02:20:00,PT5M,0.0,0.0,0.0,0.0,0.0
0,0,0,0,24,0.14,95.2,1.7,248,2026-10-01 02:25:00,PT5M,0.0,0.0,0.0,0.0,0.0
0,0,0,0,24,0.14,95.3,1.7,247,2026-10-01 02:30:00,PT5M,0.0,0.0,0.0,0.0,0.0
0,0,0,0,24,0.14,95.3,1.8,247,2026-10-01 02:35:00,PT5M,0.0,0.0,0.0,0.0,0.0
0,0,0,0,24,0.14,95.4,1.8,248,2026-10-01 02:40:00,PT5M,0.0,0.0,0.0,0.0,0.0
0,0,0,0,24,0.14,95.4,1.8,250,2026-10-01 02:45:00,PT5M,0.0,0.0,0.0,0.0,0.0
0,0,0,0,24,0.14,95.5,1.8,251,2026-10-01 02:50:00,PT5M,0.0,0.0,0.0,0.0,0.0
0,0,0,0,24,0.14,95.5,1.8,252,2026-10-01 02:55:00,PT5M,0.0,0.0,0.0,0.0,0.0
0,0,0,0,24,0.14,95.6,1.8,253,2026-10-01 03:00:00,PT5M,0.0,0.0,0.0,0.0,0.0
0,0,0,0,24,0.14,95.6,1.8,255,2026-10-01 03:05:00,PT5M,0.0,0.0,0.0,0.0,0.0
0,0,0,0,24,0.14,95.7,1.8,256,2026-10-01 03:10:00,PT5M,0.0,0.0,0.0,0.0,0.0
0,0,0,0,24,0.14,95.7,1.9,257,2026-10-01 03:15:00,PT5M,0.0,0.0,0.0,0.0,0.0
0,0,0,0,24,0.14,95.8,1.9,258,2026-10-01 03:20:00,PT5M,0.0,0.0,0.0,0.0,0.0
0,0,0,0,24,0.14,95.8,1.9,259,2026-10-01 03:25:00,PT5M,0.0,0.0,0.0,0.0,0.0
0,0,0,0,24,0.14,95.9,1.9,260,2026-10-01 03:30:00,PT5M,0.0,0.0,0.0,0.0,0.0
0,0,0,0,24,0.14,95.9,1.9,261,2026-10-01 03:35:00,PT5M,0.0,0.0,0.0,0.0,0.0
0,0,0,0,24,0.14,96.1,1.9,261,2026-10-01 03:40:00,PT5M,0.0,0.0,0.0,0.0,0.0
0,0,0,0,24,0.14,96.2,1.9,261,2026-10-01 03:45:00,PT5M,0.0,0.0,0.0,0.0,0.0
0,0,0,0,24,0.14,96.4,1.9,262,2026-10-01 03:50:00,PT5M,0.0,0.0,0.0,0.0,0.0
0,0,0,0,24,0.14,96.5,1.8,262,2026-10-01 03:55:00,PT5M,0.0,0.0,0.0,0.0,0.0
0,0,0,0,24,0.14,96.7,1.8,262,2026-10-01 04:00:00,PT5M,0.0,0.0,0.0,0.0,0.0
0,0,0,0,24,0.14,96.8,1.8,262,2026-10-01 04:05:00,PT5M,0.0,0.0,0.0,0.0,0.0
0,0,0,0,24,0.14,97.0,1.8,262,2026-10-01 04:10:00,PT5M,0.0,0.0,0.0,0.0,0.0
0,0,0,0,24,0.14,97.1,1.8,263,2026-10-01 04:15:00,PT5M,0.0,0.0,0.0,0.0,0.0
0,0,0,0,24,0.14,97.3,1.8,263,2026-10-01 04:20:00,PT5M,0.0,0.0,0.0,0.0,0.0
0,0,0,0,24,0.14,97.4,1.7,263,2026-10-01 04:25:00,PT5M,0.0,0.0,0.0,0.0,0.0
0,0,0,0,24,0.14,97.5,1.7,263,2026-10-01 04:30:00,PT5M,0.0,0.0,0.0,0.0,0.0
0,0,0,0,24,0.14,97.6,1.7,263,2026-10-01 04:35:00,PT5M,0.0,0.0,0.0,0.0,0.0
0,0,0,0,24,0.14,97.6,1.6,264,2026-10-01 04:40:00,PT5M,0.0,0.0,0.0,0.0,0.0
0,0,0,0,24,0.14,97.6,1.5,264,2026-10-01 04:45:00,PT5M,0.0,0.0,0.0,0.0,0.0
0,0,0,0,24,0.14,97.6,1.5,264,2026-10-01 04:50:00,PT5M,0.0,0.0,0.0,0.0,0.0
0,0,0,0,24,0.14,97.6,1.4,265,2026-10-01 04:55:00,PT5M,0.0,0.0,0.0,0.0,0.0
0,0,0,0,24,0.14,97.6,1.3,265,2026-10-01 05:00:00,PT5M,0.0,0.0,0.0,0.0,0.0
0,0,0,0,24,0.14,97.6,1.3,266,2026-10-01 05:05:00,PT5M,0.0,0.0,0.0,0.0,0.0
0,0,0,0,24,0.14,97.6,1.2,266,2026-10-01 05:10:00,PT5M,0.0,0.0,0.0,0.0,0.0
0,0,0,0,24,0.14,97.6,1.1,267,2026-10-01 05:15:00,PT5M,0.0,0.0,0.0,0.0,0.0
0,0,0,0,24,0.14,97.6,1.1,268,2026-10-01 05:20:00,PT5M,0.0,0.0,0.0,0.0,0.0
0,0,0,0,24,0.14,97.6,1.0,269,2026-10-01 05:25:00,PT5M,0.0,0.0,0.0,0.0,0.0
0,0,0,0,24,0.14,97.6,0.9,269,2026-10-01 05:30:00,PT5M,0.0,0.0,0.0,0.0,0.0
0,0,0,0,24,0.14,97.5,0.9,270,2026-10-01 05:35:00,PT5M,0.0,0.0,0.0,0.0,0.0
0,0,0,0,24,0.14,97.4,0.8,270,2026-10-01 05:40:00,PT5M,0.0,0.0,0.0,0.0,0.0
0,0,0,0,24,0.14,97.3,0.8,270,2026-10-01 05:45:00,PT5M,0.0,0.0,0.0,0.0,0.0
0,0,0,0,24,0.14,97.1,0.8,270,2026-10-01 05:50:00,PT5M,0.0,0.0,0.0,0.0,0.0
0,0,0,0,24,0.14,97.0,0.7,270,2026-10-01 05:55:00,PT5M,0.0,0.0,0.0,0.0,0.0
2,2,0,2,24,0.14,96.8,0.7,270,2026-10-01 06:00:00,PT5M,0.0,0.0,0.0,0.0,0.0
8,8,0,8,24,0.14,96.7,0.6,270,2026-10-01 06:05:00,PT5M,0.326,0.747,0.5476,0.1044,0.0
14,14,0,14,24,0.14,96.5,0.6,270,2026-10-01 06:10:00,PT5M,1.186,2.288,1.766,0.606,0.084
21,21,0,21,24,0.14,96.4,0.5,270,2026-10-01 06:15:00,PT5M,2.12,4.0235,3.1218,1.1182,0.2165
29,29,0,29,24,0.14,96.2,0.5,270,2026-10-01 06:20:00,PT5M,3.123,6.0845,4.6817,1.5643,0.1615
38,38,0,38,24,0.14,96.1,0.5,270,2026-10-01 06:25:00,PT5M,4.242,8.416,6.4388,2.0452,0.068
48,48,0,48,25,0.14,96.0,0.4,270,2026-10-01 06:30:00,PT5M,5.572,11.22,8.5446,2.5994,0.0
59,59,0,59,25,0.14,95.5,0.4,269,2026-10-01 06:35:00,PT5M,7.02,14.2185,10.8086,3.2314,0.0
72,73,0,73,25,0.14,94.6,0.4,266,2026-10-01 06:40:00,PT5M,8.641,17.419,13.2609,4.0211,0.0
87,87,10,85,25,0.14,93.8,0.3,263,2026-10-01 06:45:00,PT5M,10.86,21.2255,16.3154,5.4046,0.4945
103,103,39,94,25,0.14,92.9,0.3,259,2026-10-01 06:50:00,PT5M,14.024,25.9855,20.3194,7.7286,2.0625
121,121,71,103,25,0.14,92.1,0.3,255,2026-10-01 06:55:00,PT5M,17.559,31.1625,24.7186,10.3994,3.9555
139,139,103,111,25,0.14,91.3,0.3,251,2026-10-01 07:00:00,PT5M,21.382,36.7075,29.4479,13.3161,6.0565
158,157,134,118,26,0.14,90.5,0.3,245,2026-10-01 07:05:00,PT5M,25.505,42.619,34.5122,16.4978,8.391
178,176,166,125,26,0.14,89.7,0.2,240,2026-10-01 07:10:00,PT5M,30.02,48.945,39.9804,20.0596,11.095
198,196,199,131,26,0.14,88.9,0.2,233,2026-10-01 07:15:00,PT5M,34.925,55.6655,45.8409,24.0091,14.1845
220,218,234,136,26,0.14,88.1,0.2,226,2026-10-01 07:20:00,PT5M,40.14,62.69,52.0082,28.2718,17.59
242,239,270,140,26,0.14,87.3,0.2,218,2026-10-01 07:25:00,PT5M,45.697,70.042,58.5099,32.8841,21.352
265,262,307,142,26,0.14,86.6,0.2,210,2026-10-01 07:30:00,PT5M,51.594,77.7245,65.3467,37.8413,25.4635
286,282,331,147,27,0.14,85.8,0.2,197,2026-10-01 07:35:00,PT5M,56.568,84.619,71.3314,41.8046,28.517
303,300,341,153,27,0.14,84.9,0.2,176,2026-10-01 07:40:00,PT5M,60.42,90.6685,76.34,44.5,30.1715
320,317,351,160,27,0.14,84.1,0.2,156,2026-10-01 07:45:00,PT5M,62.559,93.5635,78.8769,46.2411,31.5545
338,334,360,166,27,0.14,83.3,0.3,141,2026-10-01 07:50:00,PT5M,64.501,96.127,81.146,47.856,32.875
355,351,368,172,27,0.14,82.4,0.3,130,2026-10-01 07:55:00,PT5M,66.344,98.543,83.2906,49.3974,34.145
372,368,376,178,27,0.14,81.6,0.4,123,2026-10-01 08:00:00,PT5M,68.046,100.0,85.266,50.826,35.3275
389,385,383,184,27,0.14,80.8,0.4,117,2026-10-01 08:05:00,PT5M,69.672,100.0,87.133,52.211,36.4955
406,401,390,190,28,0.14,80.0,0.5,113,2026-10-01 08:10:00,PT5M,71.172,100.0,88.8364,53.5076,37.609
422,418,396,196,28,0.14,79.3,0.6,110,2026-10-01 08:15:00,PT5M,72.538,100.0,90.3645,54.7115,38.667
438,434,402,202,28,0.14,78.5,0.6,108,2026-10-01 08:20:00,PT5M,73.766,100.0,91.7065,55.8255,39.6785
454,449,407,207,28,0.14,77.7,0.7,106,2026-10-01 08:25:00,PT5M,74.873,100.0,92.8867,56.8593,40.6465
470,465,411,213,28,0.14,77.0,0.8,105,2026-10-01 08:30:00,PT5M,75.905,100.0,93.9721,57.8379,41.577
485,480,417,218,28,0.14,76.4,0.9,103,2026-10-01 08:35:00,PT5M,76.971,100.0,95.0668,58.8752,42.5885
501,496,423,223,28,0.14,75.9,0.9,102,2026-10-01 08:40:00,PT5M,78.074,100.0,96.175,59.973,43.6815
517,512,429,228,28,0.14,75.5,1.0,101,2026-10-01 08:45:00,PT5M,79.113,100.0,97.2098,61.0162,44.7285
532,527,435,232,28,0.14,75.0,1.0,99,2026-10-01 08:50:00,PT5M,80.104,100.0,98.1858,62.0222,45.748
547,542,440,237,29,0.14,74.6,1.1,98,2026-10-01 08:55:00,PT5M,81.047,100.0,99.1038,62.9902,46.7385
562,556,445,241,29,0.14,74.2,1.2,98,2026-10-01 09:00:00,PT5M,81.956,100.0,99.9783,63.9337,47.713
577,571,452,244,29,0.14,73.7,1.2,97,2026-10-01 09:05:00,PT5M,82.939,100.0,100.0,64.9661,48.79
591,586,458,248,29,0.14,73.3,1.3,96,2026-10-01 09:10:00,PT5M,83.879,100.0,100.0,65.9627,49.8375
606,600,464,251,29,0.14,72.9,1.4,95,2026-10-01 09:15:00,PT5M,84.779,100.0,100.0,66.9259,50.8575
620,614,470,254,29,0.14,72.5,1.4,95,2026-10-01 09:20:00,PT5M,85.64,100.0,100.0,67.8558,51.8495
634,628,476,257,29,0.14,72.1,1.5,94,2026-10-01 09:25:00,PT5M,86.464,100.0,100.0,68.8956,53.0835
648,641,481,260,29,0.14,71.6,1.6,94,2026-10-01 09:30:00,PT5M,87.252,100.0,100.0,69.9004,54.2835
658,652,480,265,29,0.14,71.3,1.6,94,2026-10-01 09:35:00,PT5M,87.599,100.0,100.0,70.4051,54.93
665,659,473,273,29,0.14,71.1,1.6,93,2026-10-01 09:40:00,PT5M,87.519,100.0,100.0,70.4203,55.031
672,666,465,280,29,0.14,70.8,1.7,93,2026-10-01 09:45:00,PT5M,87.376,100.0,100.0,70.3605,55.046
678,672,456,288,29,0.14,70.6,1.7,93,2026-10-01 09:50:00,PT5M,87.21,100.0,100.0,70.2684,55.0205
683,677,448,296,29,0.14,70.3,1.7,93,2026-10-01 09:55:00,PT5M,87.033,100.0,100.0,70.1572,54.9685
688,682,439,303,30,0.14,70.1,1.7,93,2026-10-01 10:00:00,PT5M,86.839,100.0,100.0,70.018,54.8785
692,687,431,311,30,0.14,69.9,1.8,93,2026-10-01 10:05:00,PT5M,86.632,100.0,100.0,69.8573,54.7595
696,691,422,318,30,0.14,69.6,1.8,93,2026-10-01 10:10:00,PT5M,86.41,100.0,100.0,69.6734,54.61
700,694,413,325,30,0.14,69.4,1.8,93,2026-10-01 10:15:00,PT5M,86.173,100.0,100.0,69.4667,54.4305
702,697,404,332,30,0.14,69.2,1.8,93,2026-10-01 10:20:00,PT5M,85.921,100.0,100.0,69.2373,54.2215
705,699,395,339,30,0.14,68.9,1.9,93,2026-10-01 10:25:00,PT5M,85.657,100.0,100.0,68.9891,53.9875
706,701,387,346,30,0.14,68.7,1.9,93,2026-10-01 10:30:00,PT5M,85.381,100.0,100.0,68.7223,53.729
706,701,375,354,30,0.14,68.4,1.9,93,2026-10-01 10:35:00,PT5M,84.901,100.0,100.0,68.2015,53.1715
704,699,361,363,30,0.14,68.1,1.9,93,2026-10-01 10:40:00,PT5M,84.173,100.0,100.0,67.3817,52.269
701,696,346,371,30,0.14,67.8,1.9,93,2026-10-01 10:45:00,PT5M,83.49,100.0,100.0,66.5984,51.3955
697,693,332,379,30,0.14,67.4,1.9,93,2026-10-01 10:50:00,PT5M,82.79,100.0,99.7918,65.7882,50.486
694,689,318,386,30,0.14,67.1,1.9,93,2026-10-01 10:55:00,PT5M,82.051,100.0,99.1815,64.9205,49.5025
689,685,305,394,30,0.14,66.8,1.9,93,2026-10-01 11:00:00,PT5M,81.301,100.0,98.5662,64.0358,48.4965
685,681,291,400,30,0.14,66.5,2.0,93,2026-10-01 11:05:00,PT5M,80.569,100.0,97.9616,63.1764,47.5225
679,676,278,407,30,0.14,66.1,2.0,93,2026-10-01 11:10:00,PT5M,79.828,100.0,97.3524,62.3036,46.531
674,670,265,413,30,0.14,65.8,2.0,93,2026-10-01 11:15:00,PT5M,79.047,100.0,96.7172,61.3768,45.473
667,664,252,419,30,0.14,65.5,2.0,93,2026-10-01 11:20:00,PT5M,78.243,100.0,96.0664,60.4196,44.378
661,658,239,424,30,0.14,65.2,2.0,93,2026-10-01 11:25:00,PT5M,77.415,100.0,95.3973,59.4327,43.248
654,651,227,429,31,0.14,64.9,2.0,93,2026-10-01 11:30:00,PT5M,76.566,100.0,94.7118,58.4202,42.0885
649,646,217,433,31,0.14,64.7,2.0,93,2026-10-01 11:35:00,PT5M,75.967,100.0,94.2393,57.6947,41.249
645,642,210,436,31,0.14,64.6,2.0,92,2026-10-01 11:40:00,PT5M,75.496,100.0,93.8586,57.1334,40.6065
640,638,202,439,31,0.14,64.5,2.0,92,2026-10-01 11:45:00,PT5M,74.994,100.0,93.4519,56.5361,39.9235
636,634,195,442,31,0.14,64.4,2.1,92,2026-10-01 11:50:00,PT5M,74.459,100.0,93.0171,55.9009,39.198
631,629,187,444,31,0.14,64.3,2.1,92,2026-10-01 11:55:00,PT5M,73.891,100.0,92.5541,55.2279,38.4305
625,623,180,446,31,0.14,64.2,2.1,91,2026-10-01 12:00:00,PT5M,73.321,100.0,92.0938,54.5482,37.652
619,618,172,448,31,0.14,64.1,2.1,91,2026-10-01 12:05:00,PT5M,72.727,100.0,91.6141,53.8399,36.841
613,612,165,449,31,0.14,64.0,2.1,91,2026-10-01 12:10:00,PT5M,72.098,100.0,91.1035,53.0925,35.987
607,605,158,450,31,0.14,63.9,2.1,91,2026-10-01 12:15:00,PT5M,71.433,100.0,90.5606,52.3054,35.09
600,599,150,451,31,0.14,63.8,2.2,91,2026-10-01 12:20:00,PT5M,70.732,100.0,89.9851,51.4789,34.1505
593,592,143,452,31,0.14,63.7,2.2,90,2026-10-01 12:25:00,PT5M,69.995,100.0,89.3771,50.6129,33.1685
585,584,136,452,31,0.14,63.6,2.2,90,2026-10-01 12:30:00,PT5M,69.226,100.0,88.7394,49.7126,32.15
580,579,131,451,31,0.14,63.9,2.2,91,2026-10-01 12:35:00,PT5M,68.692,100.0,88.2993,49.0847,31.4375
576,576,129,451,30,0.14,64.6,2.2,93,2026-10-01 12:40:00,PT5M,68.392,100.0,88.0572,48.7268,31.0275
573,572,127,450,30,0.14,65.3,2.2,94,2026-10-01 12:45:00,PT5M,68.036,100.0,87.767,48.305,30.5465
569,568,125,448,30,0.14,66.0,2.2,96,2026-10-01 12:50:00,PT5M,67.625,100.0,87.4289,47.8211,29.997
564,563,122,447,30,0.14,66.7,2.3,98,2026-10-01 12:55:00,PT5M,67.21,100.0,87.0836,47.3364,29.4495
560,559,120,445,30,0.14,67.4,2.3,99,2026-10-01 13:00:00,PT5M,66.809,100.0,86.745,46.873,28.93
554,554,118,443,30,0.14,68.1,2.3,101,2026-10-01 13:05:00,PT5M,66.314,100.0,86.3279,46.3001,28.287
549,548,115,441,30,0.14,68.9,2.3,102,2026-10-01 13:10:00,PT5M,65.77,100.0,85.8668,45.6732,27.5855
543,543,113,438,30,0.14,69.6,2.3,104,2026-10-01 13:15:00,PT5M,65.183,100.0,85.3671,44.9989,26.8325
537,537,110,435,29,0.14,70.3,2.4,106,2026-10-01 13:20:00,PT5M,64.557,100.0,84.8317,44.2823,26.0345
531,530,107,433,29,0.14,71.1,2.4,107,2026-10-01 13:25:00,PT5M,63.926,100.0,84.2936,43.5584,25.227
524,524,104,429,29,0.14,71.9,2.4,108,2026-10-01 13:30:00,PT5M,63.237,100.0,83.6998,42.7742,24.357
514,513,97,426,29,0.14,72.4,2.4,109,2026-10-01 13:35:00,PT5M,62.037,100.0,82.6748,41.3992,22.8245
499,499,86,423,29,0.14,72.6,2.3,110,2026-10-01 13:40:00,PT5M,60.324,100.0,81.2123,39.4357,20.6355
485,485,75,419,29,0.14,72.8,2.2,110,2026-10-01 13:45:00,PT5M,58.577,98.7355,79.7127,37.4413,18.4185
471,471,65,415,29,0.14,73.0,2.1,111,2026-10-01 13:50:00,PT5M,56.798,97.4195,78.1774,35.4186,16.1765
456,457,54,410,29,0.14,73.2,2.0,111,2026-10-01 13:55:00,PT5M,54.987,96.0645,76.6064,33.3676,13.9095
442,442,44,405,29,0.14,73.4,1.9,112,2026-10-01 14:00:00,PT5M,53.14,94.6675,74.9962,31.2838,11.6125
427,428,35,399,29,0.14,73.6,1.8,112,2026-10-01 14:05:00,PT5M,51.26,93.2305,73.3494,29.1706,9.2895
413,414,25,393,29,0.14,73.8,1.7,113,2026-10-01 14:10:00,PT5M,49.773,91.956,71.9742,27.5718,7.59
399,400,16,387,29,0.14,74.1,1.7,113,2026-10-01 14:15:00,PT5M,47.826,90.121,70.0862,25.5658,5.531
384,385,7,380,29,0.14,74.3,1.6,114,2026-10-01 14:20:00,PT5M,45.849,88.2295,68.1542,23.5438,3.4685
370,371,0,371,29,0.14,74.5,1.5,115,2026-10-01 14:25:00,PT5M,43.903,86.3505,66.2434,21.5626,1.4555
356,357,0,357,28,0.14,74.7,1.4,116,2026-10-01 14:30:00,PT5M,42.21,84.706,64.5759,19.8441,0.0
345,346,0,346,28,0.14,74.8,1.3,116,2026-10-01 14:35:00,PT5M,40.854,83.263,63.1742,18.5338,0.0
337,338,0,338,28,0.14,74.8,1.3,116,2026-10-01 14:40:00,PT5M,39.81,82.01,62.0202,17.5998,0.0
328,329,0,329,28,0.14,74.8,1.4,115,2026-10-01 14:45:00,PT5M,38.748,80.7205,60.8384,16.6576,0.0
320,321,0,321,29,0.14,74.8,1.4,115,2026-10-01 14:50:00,PT5M,37.668,79.39,59.6266,15.7094,0.0
311,312,0,312,29,0.14,74.8,1.4,114,2026-10-01 14:55:00,PT5M,36.591,78.04,58.4059,14.7761,0.0
303,304,0,304,29,0.14,74.8,1.4,114,2026-10-01 15:00:00,PT5M,35.514,76.665,57.1721,13.8559,0.0
294,295,0,295,29,0.14,74.8,1.4,114,2026-10-01 15:05:00,PT5M,34.422,75.2505,55.9103,12.9337,0.0
285,286,0,286,29,0.14,74.8,1.4,113,2026-10-01 15:10:00,PT5M,33.313,73.793,54.6179,12.0081,0.0
276,277,0,277,29,0.14,74.8,1.4,113,2026-10-01 15:15:00,PT5M,32.18,72.2835,53.2868,11.0732,0.0
267,268,0,268,29,0.14,74.8,1.4,112,2026-10-01 15:20:00,PT5M,31.022,70.6835,51.8961,10.1479,0.0
257,258,0,258,29,0.14,74.8,1.4,112,2026-10-01 15:25:00,PT5M,29.85,69.063,50.4881,9.2119,0.0
248,249,0,249,29,0.14,74.8,1.4,111,2026-10-01 15:30:00,PT5M,28.666,67.387,49.0451,8.2869,0.0
238,239,0,239,29,0.14,75.0,1.4,111,2026-10-01 15:35:00,PT5M,27.447,65.666,47.5619,7.3321,0.0
228,228,0,228,29,0.14,75.5,1.3,112,2026-10-01 15:40:00,PT5M,26.249,63.9165,46.0737,6.4243,0.0
217,218,0,218,28,0.14,75.9,1.2,113,2026-10-01 15:45:00,PT5M,25.051,62.086,44.5428,5.5592,0.0
207,207,0,207,28,0.14,76.3,1.1,114,2026-10-01 15:50:00,PT5M,23.854,60.1785,42.9718,4.7362,0.0
196,197,0,197,28,0.14,76.7,1.0,115,2026-10-01 15:55:00,PT5M,22.654,58.1975,41.3608,3.9472,0.0
186,186,0,186,28,0.14,77.1,0.9,116,2026-10-01 16:00:00,PT5M,21.448,56.1485,39.7111,3.1849,0.0
176,176,0,176,28,0.14,77.5,0.9,117,2026-10-01 16:05:00,PT5M,20.239,54.039,38.0282,2.4498,0.0
165,166,0,166,28,0.14,77.9,0.8,119,2026-10-01 16:10:00,PT5M,19.028,51.876,36.3161,1.7399,0.0
155,155,0,155,28,0.14,78.3,0.7,121,2026-10-01 16:15:00,PT5M,18.042,49.1685,34.4241,1.6599,0.0
145,145,0,145,28,0.14,78.7,0.6,124,2026-10-01 16:20:00,PT5M,17.049,46.0065,32.2895,1.8085,0.0
135,135,0,135,28,0.14,79.2,0.5,127,2026-10-01 16:25:00,PT5M,15.975,42.8045,30.0956,1.8544,0.0
125,125,0,125,28,0.14,79.6,0.5,132,2026-10-01 16:30:00,PT5M,14.863,39.589,27.8765,1.8495,0.0
115,115,0,115,27,0.14,80.3,0.4,143,2026-10-01 16:35:00,PT5M,13.738,36.3175,25.6218,1.8542,0.0
105,105,0,105,27,0.14,81.2,0.4,159,2026-10-01 16:40:00,PT5M,12.589,32.9775,23.3196,1.8584,0.0
96,96,0,96,27,0.14,82.2,0.4,176,2026-10-01 16:45:00,PT5M,11.423,29.6625,21.0226,1.8234,0.0
86,86,0,86,27,0.14,83.2,0.5,190,2026-10-01 16:50:00,PT5M,10.262,26.414,18.7629,1.7611,0.0
77,77,0,77,27,0.14,84.2,0.5,201,2026-10-01 16:55:00,PT5M,9.115,23.2535,16.5562,1.6738,0.0
67,68,0,68,27,0.14,85.2,0.6,209,2026-10-01 17:00:00,PT5M,7.961,20.223,14.4146,1.5074,0.0
58,59,0,59,27,0.14,86.2,0.7,215,2026-10-01 17:05:00,PT5M,6.832,17.33,12.3572,1.3068,0.0
50,50,0,50,26,0.14,87.2,0.8,220,2026-10-01 17:10:00,PT5M,5.693,14.4955,10.3258,1.0602,0.0
42,42,0,42,26,0.14,88.2,0.9,224,2026-10-01 17:15:00,PT5M,4.697,11.9085,8.4925,0.9015,0.0
34,35,0,35,26,0.14,89.3,1.0,226,2026-10-01 17:20:00,PT5M,3.789,9.515,6.8026,0.7754,0.0
28,28,0,28,26,0.14,90.4,1.1,229,2026-10-01 17:25:00,PT5M,2.887,7.247,5.1817,0.5923,0.0
22,22,0,22,26,0.14,91.4,1.2,231,2026-10-01 17:30:00,PT5M,2.091,5.255,3.7562,0.4258,0.0
16,16,0,16,26,0.14,92.2,1.2,231,2026-10-01 17:35:00,PT5M,1.404,3.1235,2.309,0.499,0.0
11,11,0,11,26,0.14,92.5,1.2,231,2026-10-01 17:40:00,PT5M,0.761,1.869,1.3441,0.1779,0.0
6,6,0,6,26,0.14,92.8,1.1,231,2026-10-01 17:45:00,PT5M,0.17,0.707,0.4526,0.0,0.0
3,3,0,3,26,0.14,93.1,1.0,231,2026-10-01 17:50:00,PT5M,0.0,0.0065,0.0034,0.0,0.0
0,0,0,0,26,0.14,93.4,1.0,230,2026-10-01 17:55:00,PT5M,0.0,0.0,0.0,0.0,0.0
0,0,0,0,26,0.14,93.8,0.9,230,2026-10-01 18:00:00,PT5M,0.0,0.0,0.0,0.0,0.0
0,0,0,0,26,0.14,94.1,0.8,230,2026-10-01 18:05:00,PT5M,0.0,0.0,0.0,0.0,0.0
0,0,0,0,26,0.14,94.4,0.7,229,2026-10-01 18:10:00,PT5M,0.0,0.0,0.0,0.0,0.0
0,0,0,0,25,0.14,94.8,0.7,229,2026-10-01 18:15:00,PT5M,0.0,0.0,0.0,0.0,0.0
0,0,0,0,25,0.14,95.1,0.6,228,2026-10-01 18:20:00,PT5M,0.0,0.0,0.0,0.0,0.0
0,0,0,0,25,0.14,95.4,0.5,227,2026-10-01 18:25:00,PT5M,0.0,0.0,0.0,0.0,0.0
0,0,0,0,25,0.14,95.7,0.5,226,2026-10-01 18:30:00,PT5M,0.0,0.0,0.0,0.0,0.0
0,0,0,0,25,0.14,95.9,0.4,230,2026-10-01 18:35:00,PT5M,0.0,0.0,0.0,0.0,0.0
0,0,0,0,25,0.14,96.0,0.5,241,2026-10-01 18:40:00,PT5M,0.0,0.0,0.0,0.0,0.0
0,0,0,0,25,0.14,96.0,0.5,249,2026-10-01 18:45:00,PT5M,0.0,0.0,0.0,0.0,0.0
0,0,0,0,25,0.14,96.1,0.5,257,2026-10-01 18:50:00,PT5M,0.0,0.0,0.0,0.0,0.0
0,0,0,0,25,0.14,96.1,0.6,263,2026-10-01 18:55:00,PT5M,0.0,0.0,0.0,0.0,0.0
0,0,0,0,25,0.14,96.2,0.7,268,2026-10-01 19:00:00,PT5M,0.0,0.0,0.0,0.0,0.0
0,0,0,0,25,0.14,96.2,0.7,272,2026-10-01 19:05:00,PT5M,0.0,0.0,0.0,0.0,0.0
0,0,0,0,25,0.14,96.3,0.8,275,2026-10-01 19:10:00,PT5M,0.0,0.0,0.0,0.0,0.0
0,0,0,0,25,0.14,96.3,0.9,278,2026-10-01 19:15:00,PT5M,0.0,0.0,0.0,0.0,0.0
0,0,0,0,26,0.14,96.4,0.9,281,2026-10-01 19:20:00,PT5M,0.0,0.0,0.0,0.0,0.0
0,0,0,0,26,0.14,96.4,1.0,283,2026-10-01 19:25:00,PT5M,0.0,0.0,0.0,0.0,0.0
0,0,0,0,26,0.14,96.5,1.1,284,2026-10-01 19:30:00,PT5M,0.0,0.0,0.0,0.0,0.0
0,0,0,0,26,0.14,96.5,1.1,285,2026-10-01 19:35:00,PT5M,0.0,0.0,0.0,0.0,0.0
0,0,0,0,26,0.14,96.5,1.1,284,2026-10-01 19:40:00,PT5M,0.0,0.0,0.0,0.0,0.0
0,0,0,0,26,0.14,96.5,1.1,283,2026-10-01 19:45:00,PT5M,0.0,0.0,0.0,0.0,0.0
0,0,0,0,26,0.14,96.5,1.1,283,2026-10-01 19:50:00,PT5M,0.0,0.0,0.0,0.0,0.0
0,0,0,0,26,0.14,96.5,1.1,282,2026-10-01 19:55:00,PT5M,0.0,0.0,0.0,0.0,0.0
0,0,0,0,26,0.14,96.5,1.1,281,2026-10-01 20:00:00,PT5M,0.0,0.0,0.0,0.0,0.0
0,0,0,0,25,0.14,96.5,1.1,280,2026-10-01 20:05:00,PT5M,0.0,0.0,0.0,0.0,0.0
0,0,0,0,25,0.14,96.5,1.1,280,2026-10-01 20:10:00,PT5M,0.0,0.0,0.0,0.0,0.0
0,0,0,0,25,0.14,96.5,1.0,279,2026-10-01 20:15:00,PT5M,0.0,0.0,0.0,0.0,0.0
0,0,0,0,25,0.14,96.5,1.0,278,2026-10-01 20:20:00,PT5M,0.0,0.0,0.0,0.0,0.0
0,0,0,0,25,0.14,96.5,1.0,277,2026-10-01 20:25:00,PT5M,0.0,0.0,0.0,0.0,0.0
0,0,0,0,25,0.14,96.5,1.0,276,2026-10-01 20:30:00,PT5M,0.0,0.0,0.0,0.0,0.0
0,0,0,0,25,0.14,96.5,1.0,276,2026-10-01 20:35:00,PT5M,0.0,0.0,0.0,0.0,0.0
0,0,0,0,25,0.14,96.5,1.0,276,2026-10-01 20:40:00,PT5M,0.0,0.0,0.0,0.0,0.0
0,0,0,0,25,0.14,96.5,1.0,276,2026-10-01 20:45:00,PT5M,0.0,0.0,0.0,0.0,0.0
0,0,0,0,25,0.14,96.5,0.9,276,2026-10-01 20:50:00,PT5M,0.0,0.0,0.0,0.0,0.0
0,0,0,0,25,0.14,96.5,0.9,276,2026-10-01 20:55:00,PT5M,0.0,0.0,0.0,0.0,0.0
0,0,0,0,25,0.14,96.5,0.9,276,2026-10-01 21:00:00,PT5M,0.0,0.0,0.0,0.0,0.0
0,0,0,0,25,0.14,96.5,0.9,276,2026-10-01 21:05:00,PT5M,0.0,0.0,0.0,0.0,0.0
0,0,0,0,25,0.14,96.5,0.9,277,2026-10-01 21:10:00,PT5M,0.0,0.0,0.0,0.0,0.0
0,0,0,0,25,0.14,96.5,0.9,277,2026-10-01 21:15:00,PT5M,0.0,0.0,0.0,0.0,0.0
0,0,0,0,25,0.14,96.5,0.8,277,2026-10-01 21:20:00,PT5M,0.0,0.0,0.0,0.0,0.0
0,0,0,0,25,0.14,96.5,0.8,277,2026-10-01 21:25:00,PT5M,0.0,0.0,0.0,0.0,0.0
0,0,0,0,25,0.14,96.5,0.8,277,2026-10-01 21:30:00,PT5M,0.0,0.0,0.0,0.0,0.0
0,0,0,0,25,0.14,96.5,0.8,275,2026-10-01 21:35:00,PT5M,0.0,0.0,0.0,0.0,0.0
0,0,0,0,25,0.14,96.6,0.8,271,2026-10-01 21:40:00,PT5M,0.0,0.0,0.0,0.0,0.0
0,0,0,0,25,0.14,96.6,0.9,267,2026-10-01 21:45:00,PT5M,0.0,0.0,0.0,0.0,0.0
0,0,0,0,25,0.14,96.7,0.9,263,2026-10-01 21:50:00,PT5M,0.0,0.0,0.0,0.0,0.0
0,0,0,0,25,0.14,96.7,0.9,260,2026-10-01 21:55:00,PT5M,0.0,0.0,0.0,0.0,0.0
0,0,0,0,25,0.14,96.7,1.0,257,2026-10-01 22:00:00,PT5M,0.0,0.0,0.0,0.0,0.0
0,0,0,0,25,0.14,96.8,1.0,254,2026-10-01 22:05:00,PT5M,0.0,0.0,0.0,0.0,0.0
0,0,0,0,25,0.14,96.8,1.0,251,2026-10-01 22:10:00,PT5M,0.0,0.0,0.0,0.0,0.0
0,0,0,0,25,0.14,96.9,1.1,249,2026-10-01 22:15:00,PT5M,0.0,0.0,0.0,0.0,0.0
0,0,0,0,25,0.14,96.9,1.1,246,2026-10-01 22:20:00,PT5M,0.0,0.0,0.0,0.0,0.0
0,0,0,0,25,0.14,97.0,1.2,244,2026-10-01 22:25:00,PT5M,0.0,0.0,0.0,0.0,0.0
0,0,0,0,25,0.14,97.0,1.2,242,2026-10-01 22:30:00,PT5M,0.0,0.0,0.0,0.0,0.0
0,0,0,0,25,0.14,97.0,1.2,241,2026-10-01 22:35:00,PT5M,0.0,0.0,0.0,0.0,0.0
0,0,0,0,25,0.14,96.9,1.2,241,2026-10-01 22:40:00,PT5M,0.0,0.0,0.0,0.0,0.0
0,0,0,0,25,0.14,96.8,1.2,241,2026-10-01 22:45:00,PT5M,0.0,0.0,0.0,0.0,0.0
0,0,0,0,25,0.14,96.7,1.2,241,2026-10-01 22:50:00,PT5M,0.0,0.0,0.0,0.0,0.0
0,0,0,0,25,0.14,96.6,1.2,241,2026-10-01 22:55:00,PT5M,0.0,0.0,0.0,0.0,0.0
0,0,0,0,25,0.14,96.5,1.2,240,2026-10-01 23:00:00,PT5M,0.0,0.0,0.0,0.0,0.0
0,0,0,0,25,0.14,96.4,1.2,240,2026-10-01 23:05:00,PT5M,0.0,0.0,0.0,0.0,0.0
0,0,0,0,25,0.14,96.3,1.2,240,2026-10-01 23:10:00,PT5M,0.0,0.0,0.0,0.0,0.0
0,0,0,0,25,0.14,96.2,1.2,240,2026-10-01 23:15:00,PT5M,0.0,0.0,0.0,0.0,0.0
0,0,0,0,25,0.14,96.1,1.2,240,2026-10-01 23:20:00,PT5M,0.0,0.0,0.0,0.0,0.0
0,0,0,0,25,0.14,96.0,1.2,239,2026-10-01 23:25:00,PT5M,0.0,0.0,0.0,0.0,0.0
0,0,0,0,25,0.14,95.9,1.2,239,2026-10-01 23:30:00,PT5M,0.0,0.0,0.0,0.0,0.0
0,0,0,0,25,0.14,95.9,1.2,239,2026-10-01 23:35:00,PT5M,0.0,0.0,0.0,0.0,0.0
0,0,0,0,25,0.14,95.9,1.2,239,2026-10-01 23:40:00,PT5M,0.0,0.0,0.0,0.0,0.0
0,0,0,0,25,0.14,95.9,1.2,240,2026-10-01 23:45:00,PT5M,0.0,0.0,0.0,0.0,0.0
0,0,0,0,25,0.14,95.9,1.2,240,2026-10-01 23:50:00,PT5M,0.0,0.0,0.0,0.0,0.0
0,0,0,0,25,0.14,95.9,1.2,240,2026-10-01 23:55:00,PT5M,0.0,0.0,0.0,0.0,0.0
0,0,0,0,24,0.14,95.9,1.2,240,2026-10-02 00:00:00,PT5M,0.0,0.0,0.0,0.0,0.0
0,0,0,0,24,0.14,95.9,1.2,240,2026-10-02 00:05:00,PT5M,0.0,0.0,0.0,0.0,0.0
0,0,0,0,24,0.14,95.9,1.2,241,2026-10-02 00:10:00,PT5M,0.0,0.0,0.0,0.0,0.0
0,0,0,0,24,0.14,95.9,1.2,241,2026-10-02 00:15:00,PT5M,0.0,0.0,0.0,0.0,0.0
0,0,0,0,24,0.14,95.9,1.2,241,2026-10-02 00:20:00,PT5M,0.0,0.0,0.0,0.0,0.0
0,0,0,0,24,0.14,95.9,1.2,241,2026-10-02 00:25:00,PT5M,0.0,0.0,0.0,0.0,0.0
0,0,0,0,24,0.14,95.9,1.2,241,2026-10-02 00:30:00,PT5M,0.0,0.0,0.0,0.0,0.0
0,0,0,0,24,0.14,95.9,1.2,242,2026-10-02 00:35:00,PT5M,0.0,0.0,0.0,0.0,0.0
0,0,0,0,24,0.14,95.8,1.2,242,2026-10-02 00:40:00,PT5M,0.0,0.0,0.0,0.0,0.0
0,0,0,0,24,0.14,95.8,1.2,243,2026-10-02 00:45:00,PT5M,0.0,0.0,0.0,0.0,0.0
0,0,0,0,24,0.14,95.7,1.2,244,2026-10-02 00:50:00,PT5M,0.0,0.0,0.0,0.0,0.0
0,0,0,0,24,0.14,95.7,1.1,245,2026-10-02 00:55:00,PT5M,0.0,0.0,0.0,0.0,0.0
0,0,0,0,24,0.14,95.6,1.1,245,2026-10-02 01:00:00,PT5M,0.0,0.0,0.0,0.0,0.0
0,0,0,0,24,0.14,95.6,1.1,246,2026-10-02 01:05:00,PT5M,0.0,0.0,0.0,0.0,0.0
0,0,0,0,24,0.14,95.5,1.1,247,2026-10-02 01:10:00,PT5M,0.0,0.0,0.0,0.0,0.0
0,0,0,0,24,0.14,95.5,1.0,248,2026-10-02 01:15:00,PT5M,0.0,0.0,0.0,0.0,0.0
0,0,0,0,24,0.14,95.4,1.0,249,2026-10-02 01:20:00,PT5M,0.0,0.0,0.0,0.0,0.0
0,0,0,0,24,0.14,95.4,1.0,250,2026-10-02 01:25:00,PT5M,0.0,0.0,0.0,0.0,0.0
0,0,0,0,24,0.14,95.3,1.0,251,2026-10-02 01:30:00,PT5M,0.0,0.0,0.0,0.0,0.0
0,0,0,0,24,0.14,95.3,0.9,252,2026-10-02 01:35:00,PT5M,0.0,0.0,0.0,0.0,0.0
0,0,0,0,24,0.14,95.4,0.9,253,2026-10-02 01:40:00,PT5M,0.0,0.0,0.0,0.0,0.0
0,0,0,0,24,0.14,95.4,0.9,254,2026-10-02 01:45:00,PT5M,0.0,0.0,0.0,0.0,0.0
0,0,0,0,24,0.14,95.5,0.9,255,2026-10-02 01:50:00,PT5M,0.0,0.0,0.0,0.0,0.0
0,0,0,0,24,0.14,95.5,0.9,256,2026-10-02 01:55:00,PT5M,0.0,0.0,0.0,0.0,0.0
0,0,0,0,24,0.14,95.6,0.9,257,2026-10-02 02:00:00,PT5M,0.0,0.0,0.0,0.0,0.0
0,0,0,0,24,0.14,95.6,0.9,258,2026-10-02 02:05:00,PT5M,0.0,0.0,0.0,0.0,0.0
0,0,0,0,24,0.14,95.7,0.9,259,2026-10-02 02:10:00,PT5M,0.0,0.0,0.0,0.0,0.0
0,0,0,0,24,0.14,95.7,0.9,260,2026-10-02 02:15:00,PT5M,0.0,0.0,0.0,0.0,0.0
0,0,0,0,24,0.14,95.7,0.9,261,2026-10-02 02:20:00,PT5M,0.0,0.0,0.0,0.0,0.0
0,0,0,0,24,0.14,95.8,0.9,262,2026-10-02 02:25:00,PT5M,0.0,0.0,0.0,0.0,0.0
0,0,0,0,24,0.14,95.8,0.9,263,2026-10-02 02:30:00,PT5M,0.0,0.0,0.0,0.0,0.0
0,0,0,0,24,0.14,95.8,0.9,264,2026-10-02 02:35:00,PT5M,0.0,0.0,0.0,0.0,0.0
0,0,0,0,24,0.14,95.7,0.9,266,2026-10-02 02:40:00,PT5M,0.0,0.0,0.0,0.0,0.0
0,0,0,0,24,0.14,95.6,0.9,268,2026-10-02 02:45:00,PT5M,0.0,0.0,0.0,0.0,0.0
0,0,0,0,24,0.14,95.5,0.9,269,2026-10-02 02:50:00,PT5M,0.0,0.0,0.0,0.0,0.0
0,0,0,0,24,0.14,95.4,0.9,271,2026-10-02 02:55:00,PT5M,0.0,0.0,0.0,0.0,0.0
0,0,0,0,24,0.14,95.3,0.9,272,2026-10-02 03:00:00,PT5M,0.0,0.0,0.0,0.0,0.0
0,0,0,0,24,0.14,95.2,1.0,274,2026-10-02 03:05:00,PT5M,0.0,0.0,0.0,0.0,0.0
0,0,0,0,24,0.14,95.1,1.0,275,2026-10-02 03:10:00,PT5M,0.0,0.0,0.0,0.0,0.0
0,0,0,0,24,0.14,95.1,1.0,277,2026-10-02 03:15:00,PT5M,0.0,0.0,0.0,0.0,0.0
0,0,0,0,24,0.14,95.0,1.0,278,2026-10-02 03:20:00,PT5M,0.0,0.0,0.0,0.0,0.0
0,0,0,0,24,0.14,94.9,1.0,279,2026-10-02 03:25:00,PT5M,0.0,0.0,0.0,0.0,0.0
0,0,0,0,24,0.14,94.8,1.0,281,2026-10-02 03:30:00,PT5M,0.0,0.0,0.0,0.0,0.0
0,0,0,0,24,0.14,94.8,1.0,281,2026-10-02 03:35:00,PT5M,0.0,0.0,0.0,0.0,0.0
0,0,0,0,24,0.14,94.9,1.0,280,2026-10-02 03:40:00,PT5M,0.0,0.0,0.0,0.0,0.0
0,0,0,0,24,0.14,95.1,0.9,279,2026-10-02 03:45:00,PT5M,0.0,0.0,0.0,0.0,0.0
0,0,0,0,24,0.14,95.2,0.9,277,2026-10-02 03:50:00,PT5M,0.0,0.0,0.0,0.0,0.0
0,0,0,0,24,0.14,95.4,0.9,276,2026-10-02 03:55:00,PT5M,0.0,0.0,0.0,0.0,0.0
0,0,0,0,24,0.14,95.5,0.8,274,2026-10-02 04:00:00,PT5M,0.0,0.0,0.0,0.0,0.0
0,0,0,0,24,0.14,95.6,0.8,273,2026-10-02 04:05:00,PT5M,0.0,0.0,0.0,0.0,0.0
0,0,0,0,24,0.14,95.8,0.8,271,2026-10-02 04:10:00,PT5M,0.0,0.0,0.0,0.0,0.0
0,0,0,0,24,0.14,95.9,0.7,269,2026-10-02 04:15:00,PT5M,0.0,0.0,0.0,0.0,0.0
0,0,0,0,24,0.14,96.1,0.7,267,2026-10-02 04:20:00,PT5M,0.0,0.0,0.0,0.0,0.0
0,0,0,0,24,0.14,96.2,0.7,265,2026-10-02 04:25:00,PT5M,0.0,0.0,0.0,0.0,0.0
0,0,0,0,24,0.14,96.4,0.6,262,2026-10-02 04:30:00,PT5M,0.0,0.0,0.0,0.0,0.0
0,0,0,0,24,0.14,96.5,0.6,261,2026-10-02 04:35:00,PT5M,0.0,0.0,0.0,0.0,0.0
0,0,0,0,24,0.14,96.7,0.6,263,2026-10-02 04:40:00,PT5M,0.0,0.0,0.0,0.0,0.0
0,0,0,0,24,0.14,96.8,0.6,264,2026-10-02 04:45:00,PT5M,0.0,0.0,0.0,0.0,0.0
0,0,0,0,24,0.14,97.0,0.5,266,2026-10-02 04:50:00,PT5M,0.0,0.0,0.0,0.0,0.0
0,0,0,0,24,0.14,97.1,0.5,267,2026-10-02 04:55:00,PT5M,0.0,0.0,0.0,0.0,0.0
0,0,0,0,24,0.14,97.2,0.5,269,2026-10-02 05:00:00,PT5M,0.0,0.0,0.0,0.0,0.0
0,0,0,0,24,0.14,97.4,0.5,271,2026-10-02 05:05:00,PT5M,0.0,0.0,0.0,0.0,0.0
0,0,0,0,24,0.14,97.5,0.5,273,2026-10-02 05:10:00,PT5M,0.0,0.0,0.0,0.0,0.0
0,0,0,0,24,0.14,97.7,0.5,275,2026-10-02 05:15:00,PT5M,0.0,0.0,0.0,0.0,0.0
0,0,0,0,24,0.14,97.8,0.4,278,2026-10-02 05:20:00,PT5M,0.0,0.0,0.0,0.0,0.0
0,0,0,0,24,0.14,98.0,0.4,280,2026-10-02 05:25:00,PT5M,0.0,0.0,0.0,0.0,0.0
0,0,0,0,24,0.14,98.1,0.4,283,2026-10-02 05:30:00,PT5M,0.0,0.0,0.0,0.0,0.0
0,0,0,0,24,0.14,98.2,0.4,284,2026-10-02 05:35:00,PT5M,0.0,0.0,0.0,0.0,0.0
0,0,0,0,24,0.14,98.1,0.4,283,2026-10-02 05:40:00,PT5M,0.0,0.0,0.0,0.0,0.0
0,0,0,0,24,0.14,98.1,0.4,282,2026-10-02 05:45:00,PT5M,0.0,0.0,0.0,0.0,0.0
0,0,0,0,24,0.14,98.0,0.3,282,2026-10-02 05:50:00,PT5M,0.0,0.0,0.0,0.0,0.0
0,0,0,0,24,0.14,98.0,0.3,281,2026-10-02 05:55:00,PT5M,0.0,0.0,0.0,0.0,0.0
2,2,0,2,24,0.14,97.9,0.3,280,2026-10-02 06:00:00,PT5M,0.0,0.0,0.0,0.0,0.0
8,8,0,8,24,0.14,97.9,0.3,279,2026-10-02 06:05:00,PT5M,0.345,0.775,0.5713,0.1187,0.0
14,14,0,14,24,0.14,97.8,0.3,278,2026-10-02 06:10:00,PT5M,1.201,2.3075,1.7834,0.6186,0.0945
21,21,0,21,24,0.14,97.8,0.3,276,2026-10-02 06:15:00,PT5M,2.123,4.032,3.1277,1.1183,0.214
29,29,0,29,24,0.14,97.7,0.2,275,2026-10-02 06:20:00,PT5M,3.105,6.0405,4.65,1.56,0.1695
37,38,0,38,24,0.14,97.7,0.2,273,2026-10-02 06:25:00,PT5M,4.199,8.3135,6.3645,2.0335,0.0845
47,47,0,47,24,0.14,97.6,0.2,271,2026-10-02 06:30:00,PT5M,5.494,11.007,8.3955,2.5925,0.0
58,58,0,58,24,0.14,97.2,0.2,265,2026-10-02 06:35:00,PT5M,6.887,13.916,10.5864,3.1876,0.0
71,71,0,71,24,0.14,96.5,0.2,255,2026-10-02 06:40:00,PT5M,8.435,17.0815,12.9857,3.8843,0.0
85,85,0,85,24,0.14,95.7,0.2,245,2026-10-02 06:45:00,PT5M,10.202,20.4555,15.5985,4.8055,0.0
100,100,20,95,25,0.14,94.9,0.2,236,2026-10-02 06:50:00,PT5M,12.915,24.804,19.1723,6.6577,1.026
116,116,47,104,25,0.14,94.2,0.2,227,2026-10-02 06:55:00,PT5M,15.992,29.5755,23.1411,8.8429,2.4085
133,133,73,113,25,0.14,93.4,0.2,220,2026-10-02 07:00:00,PT5M,19.389,34.7625,27.4802,11.2978,4.0155
150,150,97,122,25,0.14,92.7,0.3,214,2026-10-02 07:05:00,PT5M,22.868,40.106,31.9405,13.7955,5.63
168,167,122,130,25,0.14,92.0,0.3,209,2026-10-02 07:10:00,PT5M,26.729,45.8665,36.8012,16.6568,7.5915
187,186,148,137,25,0.14,91.2,0.3,205,2026-10-02 07:15:00,PT5M,30.876,51.933,41.9584,19.7936,9.819
207,205,174,144,25,0.14,90.5,0.3,201,2026-10-02 07:20:00,PT5M,35.268,58.249,47.3631,23.1729,12.287
227,225,202,150,26,0.14,89.8,0.4,198,2026-10-02 07:25:00,PT5M,39.92,64.8205,53.0253,26.8147,15.0195
247,245,229,155,26,0.14,89.1,0.4,195,2026-10-02 07:30:00,PT5M,44.832,71.653,58.9481,30.7159,18.011
266,263,248,162,26,0.14,88.4,0.4,194,2026-10-02 07:35:00,PT5M,48.975,77.826,64.1595,33.7905,20.124
282,279,255,170,26,0.14,87.7,0.4,194,2026-10-02 07:40:00,PT5M,52.169,83.2615,68.5332,35.8048,21.0765
298,295,263,177,26,0.14,87.0,0.3,193,2026-10-02 07:45:00,PT5M,54.095,86.0065,70.8903,37.2997,22.1835
314,311,269,185,26,0.14,86.3,0.3,193,2026-10-02 07:50:00,PT5M,55.901,88.58,73.1002,38.7018,23.222
329,326,275,192,26,0.14,85.7,0.3,192,2026-10-02 07:55:00,PT5M,57.613,90.9765,75.1724,40.0536,24.2495
345,342,281,200,27,0.14,85.0,0.3,192,2026-10-02 08:00:00,PT5M,59.225,93.218,77.1158,41.3342,25.232
360,357,286,207,27,0.14,84.3,0.2,191,2026-10-02 08:05:00,PT5M,60.73,95.2895,78.9189,42.5411,26.1705
375,372,291,214,27,0.14,83.7,0.2,190,2026-10-02 08:10:00,PT5M,62.121,97.1745,80.5699,43.6721,27.0675
390,386,295,221,27,0.14,83.0,0.2,189,2026-10-02 08:15:00,PT5M,63.397,98.8645,82.0638,44.7302,27.9295
404,401,299,228,27,0.14,82.4,0.2,187,2026-10-02 08:20:00,PT5M,64.56,100.0,83.3968,45.7232,28.7695
418,415,302,235,27,0.14,81.7,0.1,185,2026-10-02 08:25:00,PT5M,65.625,100.0,84.5931,46.6569,29.585
432,428,304,242,27,0.14,81.1,0.1,182,2026-10-02 08:30:00,PT5M,66.623,100.0,85.7024,47.5436,30.3715
445,442,306,249,28,0.14,80.4,0.1,171,2026-10-02 08:35:00,PT5M,67.471,100.0,86.6546,48.2874,31.0215
458,454,306,257,28,0.14,79.5,0.1,158,2026-10-02 08:40:00,PT5M,68.18,100.0,87.4657,48.8943,31.5365
470,466,305,264,28,0.14,78.7,0.2,150,2026-10-02 08:45:00,PT5M,68.837,100.0,88.2188,49.4552,32.011
481,478,305,271,28,0.14,77.9,0.2,144,2026-10-02 08:50:00,PT5M,69.456,100.0,88.9265,49.9855,32.4615
493,489,304,278,28,0.14,77.1,0.2,139,2026-10-02 08:55:00,PT5M,70.041,100.0,89.5938,50.4882,32.89
504,500,303,285,28,0.14,76.3,0.3,136,2026-10-02 09:00:00,PT5M,70.601,100.0,90.2307,50.9713,33.304
515,511,303,292,28,0.14,75.5,0.3,134,2026-10-02 09:05:00,PT5M,71.234,100.0,90.9308,51.5372,33.8095
526,522,303,299,29,0.14,74.8,0.3,132,2026-10-02 09:10:00,PT5M,71.834,100.0,91.5937,52.0743,34.29
536,532,303,305,29,0.14,74.0,0.4,130,2026-10-02 09:15:00,PT5M,72.403,100.0,92.2224,52.5836,34.7455
546,542,302,311,29,0.14,73.3,0.4,129,2026-10-02 09:20:00,PT5M,72.943,100.0,92.8195,53.0665,35.177
556,552,301,318,29,0.14,72.5,0.4,128,2026-10-02 09:25:00,PT5M,73.454,100.0,93.3563,53.5517,35.639
565,561,300,324,29,0.14,71.8,0.5,127,2026-10-02 09:30:00,PT5M,73.938,100.0,93.7611,54.1149,36.2735
576,572,303,329,29,0.14,71.2,0.5,127,2026-10-02 09:35:00,PT5M,74.68,100.0,94.387,54.973,37.236
588,584,309,332,29,0.14,70.9,0.5,127,2026-10-02 09:40:00,PT5M,75.671,100.0,95.2223,56.1197,38.523
600,596,314,336,29,0.14,70.6,0.6,126,2026-10-02 09:45:00,PT5M,76.583,100.0,95.9843,57.1817,39.72
611,607,319,339,29,0.14,70.2,0.6,126,2026-10-02 09:50:00,PT5M,77.45,100.0,96.7049,58.1951,40.865
622,618,324,342,30,0.14,69.9,0.6,126,2026-10-02 09:55:00,PT5M,78.283,100.0,97.3953,59.1707,41.969
633,628,328,345,30,0.14,69.6,0.7,126,2026-10-02 10:00:00,PT5M,79.075,100.0,98.0502,60.0998,43.0215
643,638,333,348,30,0.14,69.2,0.7,126,2026-10-02 10:05:00,PT5M,79.832,100.0,98.6741,60.9899,44.0315
653,648,338,351,30,0.14,68.9,0.7,126,2026-10-02 10:10:00,PT5M,80.555,100.0,99.2676,61.8424,45.0005
663,658,342,353,30,0.14,68.6,0.8,126,2026-10-02 10:15:00,PT5M,81.244,100.0,99.8313,62.6567,45.9275
672,667,346,355,30,0.14,68.2,0.8,126,2026-10-02 10:20:00,PT5M,81.9,100.0,100.0,63.4345,46.815
681,676,351,357,30,0.14,67.9,0.8,126,2026-10-02 10:25:00,PT5M,82.526,100.0,100.0,64.1789,47.666
690,684,355,359,30,0.14,67.6,0.8,126,2026-10-02 10:30:00,PT5M,83.125,100.0,100.0,64.8935,48.4845
691,686,347,365,30,0.14,67.3,0.9,125,2026-10-02 10:35:00,PT5M,82.849,100.0,100.0,64.5975,48.1705
684,680,326,376,30,0.14,66.9,0.9,124,2026-10-02 10:40:00,PT5M,81.723,100.0,100.0,63.3136,46.7445
677,673,306,386,30,0.14,66.5,0.9,123,2026-10-02 10:45:00,PT5M,80.595,100.0,99.1697,62.0203,45.3025
670,666,286,395,31,0.14,66.2,1.0,121,2026-10-02 10:50:00,PT5M,79.46,100.0,98.2084,60.7116,43.8375
662,658,267,404,31,0.14,65.8,1.0,120,2026-10-02 10:55:00,PT5M,78.291,100.0,97.2286,59.3534,42.309
653,650,249,412,31,0.14,65.5,1.0,120,2026-10-02 11:00:00,PT5M,77.122,100.0,96.2519,57.9921,40.7745
645,642,231,420,31,0.14,65.2,1.0,119,2026-10-02 11:05:00,PT5M,75.981,100.0,95.2973,56.6647,39.2795
635,633,213,427,31,0.14,64.8,1.1,118,2026-10-02 11:10:00,PT5M,74.844,100.0,94.35,55.338,37.782
626,623,196,433,31,0.14,64.5,1.1,117,2026-10-02 11:15:00,PT5M,73.671,100.0,93.3775,53.9645,36.228
616,614,180,438,31,0.14,64.1,1.1,116,2026-10-02 11:20:00,PT5M,72.48,100.0,92.3918,52.5682,34.647
606,604,164,443,31,0.14,63.8,1.2,115,2026-10-02 11:25:00,PT5M,71.272,100.0,91.3922,51.1518,33.043
595,593,149,447,31,0.14,63.5,1.2,115,2026-10-02 11:30:00,PT5M,70.046,100.0,90.3772,49.7148,31.416
588,587,139,450,31,0.14,63.1,1.2,113,2026-10-02 11:35:00,PT5M,69.268,100.0,89.7461,48.7899,30.359
585,584,135,452,31,0.14,62.7,1.2,111,2026-10-02 11:40:00,PT5M,68.926,100.0,89.488,48.364,29.8575
582,581,130,453,31,0.14,62.3,1.2,109,2026-10-02 11:45:00,PT5M,68.55,100.0,89.1997,47.9003,29.315
579,578,125,454,32,0.14,61.9,1.2,107,2026-10-02 11:50:00,PT5M,68.139,100.0,88.8797,47.3983,28.731
575,574,121,455,32,0.14,61.5,1.2,105,2026-10-02 11:55:00,PT5M,67.692,100.0,88.5269,46.8571,28.105
571,570,116,456,32,0.14,61.2,1.2,103,2026-10-02 12:00:00,PT5M,67.244,100.0,88.1766,46.3114,27.4715
567,566,111,456,32,0.14,60.8,1.2,101,2026-10-02 12:05:00,PT5M,66.768,100.0,87.8011,45.7349,26.8045
562,561,106,457,32,0.14,60.4,1.2,99,2026-10-02 12:10:00,PT5M,66.256,100.0,87.3922,45.1198,26.0965
557,556,102,456,32,0.14,60.0,1.2,97,2026-10-02 12:15:00,PT5M,65.775,100.0,87.0168,44.5332,25.415
551,551,97,456,32,0.14,59.7,1.2,95,2026-10-02 12:20:00,PT5M,65.175,100.0,86.5246,43.8254,24.61
546,545,92,455,32,0.14,59.3,1.2,93,2026-10-02 12:25:00,PT5M,64.541,100.0,86.0006,43.0814,23.767
540,539,87,454,32,0.14,58.9,1.2,91,2026-10-02 12:30:00,PT5M,63.878,100.0,85.4487,42.3073,22.893
534,534,83,453,32,0.14,59.5,1.3,96,2026-10-02 12:35:00,PT5M,63.289,100.0,84.9421,41.6359,22.1475
529,528,80,451,32,0.14,61.0,1.4,106,2026-10-02 12:40:00,PT5M,62.773,100.0,84.4803,41.0657,21.5285
523,523,77,449,31,0.14,62.6,1.6,113,2026-10-02 12:45:00,PT5M,62.195,100.0,83.9625,40.4275,20.836
517,517,73,446,31,0.14,64.3,1.9,119,2026-10-02 12:50:00,PT5M,61.567,100.0,83.3993,39.7347,20.085
511,511,70,444,30,0.14,66.0,2.1,123,2026-10-02 12:55:00,PT5M,60.948,100.0,82.8416,39.0544,19.3495
504,504,67,441,30,0.14,67.7,2.4,127,2026-10-02 13:00:00,PT5M,60.35,100.0,82.3002,38.3998,18.644
497,498,64,438,30,0.14,69.5,2.6,130,2026-10-02 13:05:00,PT5M,59.652,100.0,81.6693,37.6347,17.8185
491,491,60,434,29,0.14,71.3,2.9,132,2026-10-02 13:10:00,PT5M,58.908,100.0,80.9958,36.8202,16.9405
483,484,57,431,29,0.14,73.2,3.2,134,2026-10-02 13:15:00,PT5M,58.126,100.0,80.2867,35.9653,16.02
476,476,54,427,29,0.14,75.2,3.4,136,2026-10-02 13:20:00,PT5M,57.309,99.557,79.5444,35.0736,15.061
468,469,50,423,28,0.14,77.2,3.7,137,2026-10-02 13:25:00,PT5M,56.463,98.8555,78.7745,34.1515,14.0705
461,461,47,418,28,0.14,79.2,4.0,138,2026-10-02 13:30:00,PT5M,55.589,98.128,77.9776,33.2004,13.05
451,452,42,414,28,0.14,80.3,4.0,140,2026-10-02 13:35:00,PT5M,54.489,97.2415,76.9899,31.9881,11.7365
441,441,36,409,28,0.14,80.2,3.9,142,2026-10-02 13:40:00,PT5M,53.165,96.194,75.8115,30.5185,10.136
430,431,31,404,28,0.14,80.2,3.7,145,2026-10-02 13:45:00,PT5M,51.811,95.1145,74.6019,29.0201,8.5075
419,420,25,399,28,0.14,80.1,3.6,147,2026-10-02 13:50:00,PT5M,50.796,94.372,73.7304,27.8616,7.22
408,409,19,393,28,0.14,80.1,3.5,150,2026-10-02 13:55:00,PT5M,49.397,93.243,72.4735,26.3205,5.551
397,398,13,387,28,0.14,80.1,3.4,153,2026-10-02 14:00:00,PT5M,47.963,92.0775,71.1808,24.7452,3.8485
386,387,8,381,28,0.14,80.0,3.3,157,2026-10-02 14:05:00,PT5M,46.497,90.8775,69.8548,23.1392,2.1165
375,377,3,374,28,0.14,80.0,3.2,160,2026-10-02 14:10:00,PT5M,45.006,89.649,68.5019,21.5101,0.363
364,365,0,365,28,0.14,79.9,3.1,164,2026-10-02 14:15:00,PT5M,43.553,88.457,67.1863,19.9197,0.0
353,354,0,354,28,0.14,79.9,3.0,168,2026-10-02 14:20:00,PT5M,42.171,87.346,65.9469,18.3951,0.0
342,343,0,343,28,0.14,79.9,3.0,172,2026-10-02 14:25:00,PT5M,40.789,86.2075,64.6931,16.8849,0.0
331,332,0,332,28,0.14,79.8,2.9,176,2026-10-02 14:30:00,PT5M,39.409,84.7685,63.282,15.536,0.0
322,323,0,323,28,0.14,80.0,2.8,180,2026-10-02 14:35:00,PT5M,38.292,83.533,62.1027,14.4813,0.0
315,316,0,316,27,0.14,80.5,2.7,183,2026-10-02 14:40:00,PT5M,37.421,82.4935,61.143,13.699,0.0
308,309,0,309,27,0.14,81.0,2.6,186,2026-10-02 14:45:00,PT5M,36.528,81.418,60.1539,12.9021,0.0
301,302,0,302,27,0.14,81.5,2.6,190,2026-10-02 14:50:00,PT5M,35.616,80.3085,59.138,12.094,0.0
294,295,0,295,27,0.14,82.0,2.5,194,2026-10-02 14:55:00,PT5M,34.707,79.1845,58.1158,11.2982,0.0
286,287,0,287,27,0.14,82.5,2.4,198,2026-10-02 15:00:00,PT5M,33.79,78.034,57.0759,10.5041,0.0
279,280,0,280,27,0.14,82.9,2.4,203,2026-10-02 15:05:00,PT5M,32.854,76.847,56.0078,9.7002,0.0
271,272,0,272,27,0.14,83.4,2.4,208,2026-10-02 15:10:00,PT5M,31.899,75.621,54.9102,8.8878,0.0
264,264,0,264,27,0.14,83.9,2.3,212,2026-10-02 15:15:00,PT5M,30.915,74.3445,53.7723,8.0577,0.0
256,256,0,256,27,0.14,84.4,2.3,217,2026-10-02 15:20:00,PT5M,29.905,73.0165,52.5949,7.2151,0.0
248,248,0,248,27,0.14,84.9,2.4,222,2026-10-02 15:25:00,PT5M,28.877,71.64,51.3835,6.3705,0.0
239,240,0,240,27,0.14,85.4,2.4,226,2026-10-02 15:30:00,PT5M,27.834,70.211,50.1373,5.5307,0.0
230,231,0,231,27,0.14,86.0,2.3,228,2026-10-02 15:35:00,PT5M,26.743,68.68,48.8147,4.6713,0.0
221,222,0,222,27,0.14,86.6,2.2,227,2026-10-02 15:40:00,PT5M,25.647,67.0495,47.4374,3.8566,0.0
212,212,0,212,27,0.14,87.2,2.1,226,2026-10-02 15:45:00,PT5M,24.549,65.3365,46.0158,3.0822,0.0
202,203,0,203,26,0.14,87.8,2.0,226,2026-10-02 15:50:00,PT5M,23.446,63.542,44.5488,2.3432,0.0
192,193,0,193,26,0.14,88.4,1.9,224,2026-10-02 15:55:00,PT5M,22.335,61.672,43.0383,1.6317,0.0
183,183,0,183,26,0.14,89.0,1.8,223,2026-10-02 16:00:00,PT5M,21.215,59.734,41.4878,0.9422,0.0
173,174,0,174,26,0.14,89.6,1.6,222,2026-10-02 16:05:00,PT5M,20.085,57.7335,39.8997,0.2703,0.0
163,164,0,164,26,0.14,90.2,1.5,220,2026-10-02 16:10:00,PT5M,18.948,55.678,38.2793,0.0,0.0
154,154,0,154,26,0.14,90.9,1.4,219,2026-10-02 16:15:00,PT5M,18.059,52.8585,36.3742,0.0,0.0
144,145,0,145,26,0.14,91.5,1.3,216,2026-10-02 16:20:00,PT5M,17.121,49.565,34.1965,0.0455,0.0
135,135,0,135,26,0.14,92.1,1.2,214,2026-10-02 16:25:00,PT5M,16.102,46.269,31.9791,0.2249,0.0
125,126,0,126,25,0.14,92.8,1.1,211,2026-10-02 16:30:00,PT5M,15.042,42.9495,29.7299,0.3541,0.0
116,117,0,117,25,0.14,93.2,1.1,210,2026-10-02 16:35:00,PT5M,14.014,39.687,27.5259,0.5021,0.0
108,108,0,108,25,0.14,93.4,1.2,213,2026-10-02 16:40:00,PT5M,12.998,36.4525,25.3423,0.6537,0.0
99,100,0,100,25,0.14,93.7,1.2,215,2026-10-02 16:45:00,PT5M,11.949,33.2055,23.1364,0.7616,0.0
91,91,0,91,25,0.14,93.9,1.3,216,2026-10-02 16:50:00,PT5M,10.887,29.9825,20.9371,0.8369,0.0
82,82,0,82,25,0.14,94.1,1.4,218,2026-10-02 16:55:00,PT5M,9.81,26.8105,18.7575,0.8625,0.0
73,73,0,73,25,0.14,94.4,1.5,219,2026-10-02 17:00:00,PT5M,8.708,23.7135,16.6055,0.8105,0.0
64,64,0,64,25,0.14,94.6,1.6,220,2026-10-02 17:05:00,PT5M,7.592,20.685,14.4829,0.7011,0.0
56,56,0,56,25,0.14,94.8,1.7,221,2026-10-02 17:10:00,PT5M,6.451,17.6615,12.3512,0.5508,0.0
47,47,0,47,25,0.14,95.1,1.8,222,2026-10-02 17:15:00,PT5M,5.433,14.784,10.3545,0.5115,0.0
39,40,0,40,25,0.14,95.3,1.9,223,2026-10-02 17:20:00,PT5M,4.464,11.987,8.4234,0.5046,0.0
32,32,0,32,25,0.14,95.6,2.0,224,2026-10-02 17:25:00,PT5M,3.463,9.2415,6.5043,0.4217,0.0
25,25,0,25,25,0.14,95.8,2.1,225,2026-10-02 17:30:00,PT5M,2.568,6.7895,4.7898,0.3462,0.0
19,19,0,19,25,0.14,95.9,2.1,225,2026-10-02 17:35:00,PT5M,1.762,4.551,3.2299,0.2941,0.0
13,13,0,13,25,0.14,96.0,2.1,225,2026-10-02 17:40:00,PT5M,0.99,2.4935,1.7813,0.1987,0.0
7,7,0,7,25,0.14,96.0,2.0,226,2026-10-02 17:45:00,PT5M,0.289,0.954,0.639,0.0,0.0
3,3,0,3,25,0.14,96.1,2.0,226,2026-10-02 17:50:00,PT5M,0.0,0.0365,0.0192,0.0,0.0
0,0,0,0,25,0.14,96.1,2.0,227,2026-10-02 17:55:00,PT5M,0.0,0.0,0.0,0.0,0.0
0,0,0,0,25,0.14,96.2,1.9,227,2026-10-02 18:00:00,PT5M,0.0,0.0,0.0,0.0,0.0
0,0,0,0,25,0.14,96.2,1.9,227,2026-10-02 18:05:00,PT5M,0.0,0.0,0.0,0.0,0.0
0,0,0,0,25,0.14,96.3,1.9,228,2026-10-02 18:10:00,PT5M,0.0,0.0,0.0,0.0,0.0
0,0,0,0,25,0.14,96.3,1.8,228,2026-10-02 18:15:00,PT5M,0.0,0.0,0.0,0.0,0.0
0,0,0,0,25,0.14,96.4,1.8,229,2026-10-02 18:20:00,PT5M,0.0,0.0,0.0,0.0,0.0
0,0,0,0,25,0.14,96.4,1.8,229,2026-10-02 18:25:00,PT5M,0.0,0.0,0.0,0.0,0.0
0,0,0,0,25,0.14,96.5,1.7,230,2026-10-02 18:30:00,PT5M,0.0,0.0,0.0,0.0,0.0
0,0,0,0,25,0.14,96.5,1.7,230,2026-10-02 18:35:00,PT5M,0.0,0.0,0.0,0.0,0.0
0,0,0,0,25,0.14,96.5,1.7,230,2026-10-02 18:40:00,PT5M,0.0,0.0,0.0,0.0,0.0
0,0,0,0,25,0.14,96.6,1.6,231,2026-10-02 18:45:00,PT5M,0.0,0.0,0.0,0.0,0.0
0,0,0,0,25,0.14,96.6,1.6,231,2026-10-02 18:50:00,PT5M,0.0,0.0,0.0,0.0,0.0
0,0,0,0,25,0.14,96.7,1.6,232,2026-10-02 18:55:00,PT5M,0.0,0.0,0.0,0.0,0.0
0,0,0,0,25,0.14,96.7,1.6,232,2026-10-02 19:00:00,PT5M,0.0,0.0,0.0,0.0,0.0
0,0,0,0,25,0.14,96.8,1.6,233,2026-10-02 19:05:00,PT5M,0.0,0.0,0.0,0.0,0.0
0,0,0,0,25,0.14,96.8,1.5,234,2026-10-02 19:10:00,PT5M,0.0,0.0,0.0,0.0,0.0
0,0,0,0,25,0.14,96.9,1.5,234,2026-10-02 19:15:00,PT5M,0.0,0.0,0.0,0.0,0.0
0,0,0,0,25,0.14,96.9,1.5,235,2026-10-02 19:20:00,PT5M,0.0,0.0,0.0,0.0,0.0
0,0,0,0,25,0.14,97.0,1.5,235,2026-10-02 19:25:00,PT5M,0.0,0.0,0.0,0.0,0.0
0,0,0,0,25,0.14,97.0,1.5,236,2026-10-02 19:30:00,PT5M,0.0,0.0,0.0,0.0,0.0
0,0,0,0,25,0.14,97.0,1.4,237,2026-10-02 19:35:00,PT5M,0.0,0.0,0.0,0.0,0.0
0,0,0,0,25,0.14,97.0,1.4,237,2026-10-02 19:40:00,PT5M,0.0,0.0,0.0,0.0,0.0
0,0,0,0,25,0.14,97.0,1.4,238,2026-10-02 19:45:00,PT5M,0.0,0.0,0.0,0.0,0.0
0,0,0,0,25,0.14,97.0,1.3,238,2026-10-02 19:50:00,PT5M,0.0,0.0,0.0,0.0,0.0
0,0,0,0,25,0.14,97.0,1.3,239,2026-10-02 19:55:00,PT5M,0.0,0.0,0.0,0.0,0.0
0,0,0,0,25,0.14,97.0,1.3,239,2026-10-02 20:00:00,PT5M,0.0,0.0,0.0,0.0,0.0
0,0,0,0,25,0.14,97.0,1.3,240,2026-10-02 20:05:00,PT5M,0.0,0.0,0.0,0.0,0.0
0,0,0,0,25,0.14,97.0,1.2,240,2026-10-02 20:10:00,PT5M,0.0,0.0,0.0,0.0,0.0
0,0,0,0,25,0.14,97.0,1.2,241,2026-10-02 20:15:00,PT5M,0.0,0.0,0.0,0.0,0.0
0,0,0,0,24,0.14,97.0,1.2,242,2026-10-02 20:20:00,PT5M,0.0,0.0,0.0,0.0,0.0
0,0,0,0,24,0.14,97.0,1.2,242,2026-10-02 20:25:00,PT5M,0.0,0.0,0.0,0.0,0.0
0,0,0,0,24,0.14,97.0,1.1,243,2026-10-02 20:30:00,PT5M,0.0,0.0,0.0,0.0,0.0
0,0,0,0,24,0.14,97.1,1.1,244,2026-10-02 20:35:00,PT5M,0.0,0.0,0.0,0.0,0.0
0,0,0,0,24,0.14,97.1,1.1,244,2026-10-02 20:40:00,PT5M,0.0,0.0,0.0,0.0,0.0
0,0,0,0,24,0.14,97.2,1.1,244,2026-10-02 20:45:00,PT5M,0.0,0.0,0.0,0.0,0.0
0,0,0,0,24,0.14,97.2,1.1,244,2026-10-02 20:50:00,PT5M,0.0,0.0,0.0,0.0,0.0
0,0,0,0,24,0.14,97.3,1.2,244,2026-10-02 20:55:00,PT5M,0.0,0.0,0.0,0.0,0.0
0,0,0,0,24,0.14,97.3,1.2,244,2026-10-02 21:00:00,PT5M,0.0,0.0,0.0,0.0,0.0
0,0,0,0,24,0.14,97.4,1.2,245,2026-10-02 21:05:00,PT5M,0.0,0.0,0.0,0.0,0.0
0,0,0,0,24,0.14,97.4,1.2,245,2026-10-02 21:10:00,PT5M,0.0,0.0,0.0,0.0,0.0
0,0,0,0,24,0.14,97.5,1.2,245,2026-10-02 21:15:00,PT5M,0.0,0.0,0.0,0.0,0.0
0,0,0,0,24,0.14,97.5,1.2,245,2026-10-02 21:20:00,PT5M,0.0,0.0,0.0,0.0,0.0
0,0,0,0,24,0.14,97.6,1.2,245,2026-10-02 21:25:00,PT5M,0.0,0.0,0.0,0.0,0.0
0,0,0,0,24,0.14,97.6,1.2,245,2026-10-02 21:30:00,PT5M,0.0,0.0,0.0,0.0,0.0
0,0,0,0,24,0.14,97.6,1.2,246,2026-10-02 21:35:00,PT5M,0.0,0.0,0.0,0.0,0.0
0,0,0,0,24,0.14,97.6,1.2,246,2026-10-02 21:40:00,PT5M,0.0,0.0,0.0,0.0,0.0
0,0,0,0,24,0.14,97.6,1.2,246,2026-10-02 21:45:00,PT5M,0.0,0.0,0.0,0.0,0.0
0,0,0,0,24,0.14,97.6,1.2,246,2026-10-02 21:50:00,PT5M,0.0,0.0,0.0,0.0,0.0
0,0,0,0,24,0.14,97.6,1.2,246,2026-10-02 21:55:00,PT5M,0.0,0.0,0.0,0.0,0.0
0,0,0,0,24,0.14,97.6,1.3,246,2026-10-02 22:00:00,PT5M,0.0,0.0,0.0,0.0,0.0
0,0,0,0,24,0.14,97.6,1.3,247,2026-10-02 22:05:00,PT5M,0.0,0.0,0.0,0.0,0.0
0,0,0,0,24,0.14,97.6,1.3,247,2026-10-02 22:10:00,PT5M,0.0,0.0,0.0,0.0,0.0
0,0,0,0,24,0.14,97.6,1.3,247,2026-10-02 22:15:00,PT5M,0.0,0.0,0.0,0.0,0.0
0,0,0,0,24,0.14,97.6,1.3,247,2026-10-02 22:20:00,PT5M,0.0,0.0,0.0,0.0,0.0
0,0,0,0,24,0.14,97.6,1.3,247,2026-10-02 22:25:00,PT5M,0.0,0.0,0.0,0.0,0.0
0,0,0,0,24,0.14,97.6,1.3,247,2026-10-02 22:30:00,PT5M,0.0,0.0,0.0,0.0,0.0
0,0,0,0,24,0.14,97.6,1.3,248,2026-10-02 22:35:00,PT5M,0.0,0.0,0.0,0.0,0.0
0,0,0,0,24,0.14,97.6,1.3,248,2026-10-02 22:40:00,PT5M,0.0,0.0,0.0,0.0,0.0
0,0,0,0,24,0.14,97.6,1.3,248,2026-10-02 22:45:00,PT5M,0.0,0.0,0.0,0.0,0.0
0,0,0,0,24,0.14,97.6,1.3,249,2026-10-02 22:50:00,PT5M,0.0,0.0,0.0,0.0,0.0
0,0,0,0,24,0.14,97.6,1.3,249,2026-10-02 22:55:00,PT5M,0.0,0.0,0.0,0.0,0.0
0,0,0,0,24,0.14,97.6,1.3,249,2026-10-02 23:00:00,PT5M,0.0,0.0,0.0,0.0,0.0
0,0,0,0,24,0.14,97.6,1.3,250,2026-10-02 23:05:00,PT5M,0.0,0.0,0.0,0.0,0.0
0,0,0,0,24,0.14,97.6,1.3,250,2026-10-02 23:10:00,PT5M,0.0,0.0,0.0,0.0,0.0
0,0,0,0,24,0.14,97.6,1.3,250,2026-10-02 23:15:00,PT5M,0.0,0.0,0.0,0.0,0.0
0,0,0,0,24,0.14,97.6,1.3,251,2026-10-02 23:20:00,PT5M,0.0,0.0,0.0,0.0,0.0
0,0,0,0,24,0.14,97.6,1.3,251,2026-10-02 23:25:00,PT5M,0.0,0.0,0.0,0.0,0.0
0,0,0,0,24,0.14,97.6,1.3,251,2026-10-02 23:30:00,PT5M,0.0,0.0,0.0,0.0,0.0
0,0,0,0,24,0.14,97.6,1.3,252,2026-10-02 23:35:00,PT5M,0.0,0.0,0.0,0.0,0.0
0,0,0,0,24,0.14,97.6,1.3,252,2026-10-02 23:40:00,PT5M,0.0,0.0,0.0,0.0,0.0
0,0,0,0,24,0.14,97.6,1.3,252,2026-10-02 23:45:00,PT5M,0.0,0.0,0.0,0.0,0.0
0,0,0,0,24,0.14,97.6,1.3,253,2026-10-02 23:50:00,PT5M,0.0,0.0,0.0,0.0,0.0
0,0,0,0,24,0.14,97.6,1.3,253,2026-10-02 23:55:00,PT5M,0.0,0.0,0.0,0.0,0.0
0,0,0,0,24,0.14,97.6,1.3,254,2026-10-03 00:00:00,PT5M,0.0,0.0,0.0,0.0,0.0
0,0,0,0,24,0.14,97.6,1.2,254,2026-10-03 00:05:00,PT5M,0.0,0.0,0.0,0.0,0.0
0,0,0,0,24,0.14,97.6,1.2,254,2026-10-03 00:10:00,PT5M,0.0,0.0,0.0,0.0,0.0
0,0,0,0,24,0.14,97.6,1.2,255,2026-10-03 00:15:00,PT5M,0.0,0.0,0.0,0.0,0.0
0,0,0,0,24,0.14,97.6,1.2,255,2026-10-03 00:20:00,PT5M,0.0,0.0,0.0,0.0,0.0
0,0,0,0,24,0.14,97.6,1.2,255,2026-10-03 00:25:00,PT5M,0.0,0.0,0.0,0.0,0.0
0,0,0,0,24,0.14,97.6,1.2,256,2026-10-03 00:30:00,PT5M,0.0,0.0,0.0,0.0,0.0
0,0,0,0,24,0.14,97.6,1.2,256,2026-10-03 00:35:00,PT5M,0.0,0.0,0.0,0.0,0.0
0,0,0,0,24,0.14,97.6,1.2,256,2026-10-03 00:40:00,PT5M,0.0,0.0,0.0,0.0,0.0
0,0,0,0,24,0.14,97.6,1.2,257,2026-10-03 00:45:00,PT5M,0.0,0.0,0.0,0.0,0.0
0,0,0,0,23,0.14,97.6,1.2,257,2026-10-03 00:50:00,PT5M,0.0,0.0,0.0,0.0,0.0
0,0,0,0,23,0.14,97.6,1.2,257,2026-10-03 00:55:00,PT5M,0.0,0.0,0.0,0.0,0.0
0,0,0,0,23,0.14,97.6,1.2,258,2026-10-03 01:00:00,PT5M,0.0,0.0,0.0,0.0,0.0
0,0,0,0,23,0.14,97.6,1.2,258,2026-10-03 01:05:00,PT5M,0.0,0.0,0.0,0.0,0.0
0,0,0,0,23,0.14,97.6,1.2,258,2026-10-03 01:10:00,PT5M,0.0,0.0,0.0,0.0,0.0
0,0,0,0,23,0.14,97.6,1.2,259,2026-10-03 01:15:00,PT5M,0.0,0.0,0.0,0.0,0.0
0,0,0,0,23,0.14,97.6,1.1,259,2026-10-03 01:20:00,PT5M,0.0,0.0,0.0,0.0,0.0
0,0,0,0,23,0.14,97.6,1.1,259,2026-10-03 01:25:00,PT5M,0.0,0.0,0.0,0.0,0.0
0,0,0,0,23,0.14,97.6,1.1,260,2026-10-03 01:30:00,PT5M,0.0,0.0,0.0,0.0,0.0
0,0,0,0,23,0.14,97.6,1.1,260,2026-10-03 01:35:00,PT5M,0.0,0.0,0.0,0.0,0.0
0,0,0,0,23,0.14,97.6,1.1,260,2026-10-03 01:40:00,PT5M,0.0,0.0,0.0,0.0,0.0
0,0,0,0,23,0.14,97.6,1.1,261,2026-10-03 01:45:00,PT5M,0.0,0.0,0.0,0.0,0.0
0,0,0,0,23,0.14,97.6,1.1,261,2026-10-03 01:50:00,PT5M,0.0,0.0,0.0,0.0,0.0
0,0,0,0,23,0.14,97.6,1.1,262,2026-10-03 01:55:00,PT5M,0.0,0.0,0.0,0.0,0.0
0,0,0,0,23,0.14,97.6,1.1,262,2026-10-03 02:00:00,PT5M,0.0,0.0,0.0,0.0,0.0
0,0,0,0,23,0.14,97.6,1.1,262,2026-10-03 02:05:00,PT5M,0.0,0.0,0.0,0.0,0.0
0,0,0,0,23,0.14,97.6,1.1,263,2026-10-03 02:10:00,PT5M,0.0,0.0,0.0,0.0,0.0
0,0,0,0,23,0.14,97.6,1.1,263,2026-10-03 02:15:00,PT5M,0.0,0.0,0.0,0.0,0.0
0,0,0,0,23,0.14,97.6,1.1,264,2026-10-03 02:20:00,PT5M,0.0,0.0,0.0,0.0,0.0
0,0,0,0,23,0.14,97.6,1.1,264,2026-10-03 02:25:00,PT5M,0.0,0.0,0.0,0.0,0.0
0,0,0,0,23,0.14,97.6,1.1,265,2026-10-03 02:30:00,PT5M,0.0,0.0,0.0,0.0,0.0
0,0,0,0,23,0.14,97.6,1.1,265,2026-10-03 02:35:00,PT5M,0.0,0.0,0.0,0.0,0.0
0,0,0,0,23,0.14,97.6,1.1,266,2026-10-03 02:40:00,PT5M,0.0,0.0,0.0,0.0,0.0
0,0,0,0,23,0.14,97.6,1.1,266,2026-10-03 02:45:00,PT5M,0.0,0.0,0.0,0.0,0.0
0,0,0,0,23,0.14,97.6,1.1,266,2026-10-03 02:50:00,PT5M,0.0,0.0,0.0,0.0,0.0
0,0,0,0,23,0.14,97.6,1.1,267,2026-10-03 02:55:00,PT5M,0.0,0.0,0.0,0.0,0.0
0,0,0,0,23,0.14,97.6,1.1,267,2026-10-03 03:00:00,PT5M,0.0,0.0,0.0,0.0,0.0
0,0,0,0,23,0.14,97.6,1.2,268,2026-10-03 03:05:00,PT5M,0.0,0.0,0.0,0.0,0.0
0,0,0,0,23,0.14,97.6,1.2,268,2026-10-03 03:10:00,PT5M,0.0,0.0,0.0,0.0,0.0
0,0,0,0,23,0.14,97.6,1.2,269,2026-10-03 03:15:00,PT5M,0.0,0.0,0.0,0.0,0.0
0,0,0,0,23,0.14,97.6,1.2,269,2026-10-03 03:20:00,PT5M,0.0,0.0,0.0,0.0,0.0
0,0,0,0,23,0.14,97.6,1.2,269,2026-10-03 03:25:00,PT5M,0.0,0.0,0.0,0.0,0.0
0,0,0,0,23,0.14,97.6,1.2,270,2026-10-03 03:30:00,PT5M,0.0,0.0,0.0,0.0,0.0
0,0,0,0,23,0.14,97.6,1.2,270,2026-10-03 03:35:00,PT5M,0.0,0.0,0.0,0.0,0.0
0,0,0,0,23,0.14,97.7,1.2,270,2026-10-03 03:40:00,PT5M,0.0,0.0,0.0,0.0,0.0
0,0,0,0,23,0.14,97.7,1.2,270,2026-10-03 03:45:00,PT5M,0.0,0.0,0.0,0.0,0.0
0,0,0,0,23,0.14,97.8,1.2,270,2026-10-03 03:50:00,PT5M,0.0,0.0,0.0,0.0,0.0
0,0,0,0,23,0.14,97.8,1.2,270,2026-10-03 03:55:00,PT5M,0.0,0.0,0.0,0.0,0.0
0,0,0,0,23,0.14,97.9,1.2,270,2026-10-03 04:00:00,PT5M,0.0,0.0,0.0,0.0,0.0
0,0,0,0,23,0.14,97.9,1.3,270,2026-10-03 04:05:00,PT5M,0.0,0.0,0.0,0.0,0.0
0,0,0,0,23,0.14,98.0,1.3,270,2026-10-03 04:10:00,PT5M,0.0,0.0,0.0,0.0,0.0
0,0,0,0,23,0.14,98.0,1.3,270,2026-10-03 04:15:00,PT5M,0.0,0.0,0.0,0.0,0.0
0,0,0,0,23,0.14,98.1,1.3,270,2026-10-03 04:20:00,PT5M,0.0,0.0,0.0,0.0,0.0
0,0,0,0,23,0.14,98.1,1.3,270,2026-10-03 04:25:00,PT5M,0.0,0.0,0.0,0.0,0.0
0,0,0,0,23,0.14,98.2,1.3,270,2026-10-03 04:30:00,PT5M,0.0,0.0,0.0,0.0,0.0
0,0,0,0,23,0.14,98.2,1.3,270,2026-10-03 04:35:00,PT5M,0.0,0.0,0.0,0.0,0.0
0,0,0,0,23,0.14,98.1,1.3,270,2026-10-03 04:40:00,PT5M,0.0,0.0,0.0,0.0,0.0
0,0,0,0,23,0.14,98.0,1.3,270,2026-10-03 04:45:00,PT5M,0.0,0.0,0.0,0.0,0.0
0,0,0,0,23,0.14,97.9,1.3,270,2026-10-03 04:50:00,PT5M,0.0,0.0,0.0,0.0,0.0
0,0,0,0,23,0.14,97.8,1.3,270,2026-10-03 04:55:00,PT5M,0.0,0.0,0.0,0.0,0.0
0,0,0,0,23,0.14,97.7,1.3,270,2026-10-03 05:00:00,PT5M,0.0,0.0,0.0,0.0,0.0
0,0,0,0,23,0.14,97.6,1.4,270,2026-10-03 05:05:00,PT5M,0.0,0.0,0.0,0.0,0.0
0,0,0,0,23,0.14,97.5,1.4,270,2026-10-03 05:10:00,PT5M,0.0,0.0,0.0,0.0,0.0
0,0,0,0,23,0.14,97.4,1.4,270,2026-10-03 05:15:00,PT5M,0.0,0.0,0.0,0.0,0.0
0,0,0,0,23,0.14,97.3,1.4,270,2026-10-03 05:20:00,PT5M,0.0,0.0,0.0,0.0,0.0
0,0,0,0,23,0.14,97.2,1.4,270,2026-10-03 05:25:00,PT5M,0.0,0.0,0.0,0.0,0.0
0,0,0,0,23,0.14,97.1,1.4,270,2026-10-03 05:30:00,PT5M,0.0,0.0,0.0,0.0,0.0
0,0,0,0,23,0.14,96.8,1.4,269,2026-10-03 05:35:00,PT5M,0.0,0.0,0.0,0.0,0.0
0,0,0,0,23,0.14,96.4,1.4,267,2026-10-03 05:40:00,PT5M,0.0,0.0,0.0,0.0,0.0
0,0,0,0,24,0.14,95.9,1.4,265,2026-10-03 05:45:00,PT5M,0.0,0.0,0.0,0.0,0.0
0,0,0,0,24,0.14,95.5,1.4,263,2026-10-03 05:50:00,PT5M,0.0,0.0,0.0,0.0,0.0
0,0,0,0,24,0.14,95.1,1.5,261,2026-10-03 05:55:00,PT5M,0.0,0.0,0.0,0.0,0.0
3,3,0,3,24,0.14,94.6,1.5,259,2026-10-03 06:00:00,PT5M,0.0,0.0,0.0,0.0,0.0
10,10,0,10,24,0.14,94.2,1.5,257,2026-10-03 06:05:00,PT5M,0.622,1.0965,0.8717,0.3723,0.1475
17,17,0,17,24,0.14,93.8,1.5,256,2026-10-03 06:10:00,PT5M,1.68,2.844,2.2926,1.0674,0.516
26,26,0,26,24,0.14,93.4,1.5,254,2026-10-03 06:15:00,PT5M,2.84,4.8325,3.8887,1.7913,0.8475
36,36,0,36,24,0.14,93.0,1.6,252,2026-10-03 06:20:00,PT5M,4.095,7.2035,5.731,2.459,0.9865
47,48,0,48,24,0.14,92.5,1.6,251,2026-10-03 06:25:00,PT5M,5.506,9.934,7.8365,3.1755,1.078
60,60,24,56,24,0.14,92.1,1.6,249,2026-10-03 06:30:00,PT5M,7.715,13.6675,10.8478,4.5822,1.7625
74,74,51,65,25,0.14,91.7,1.6,248,2026-10-03 06:35:00,PT5M,10.247,17.8605,14.254,6.24,2.6335
89,88,78,74,25,0.14,91.3,1.7,246,2026-10-03 06:40:00,PT5M,13.085,22.425,18.0007,8.1693,3.745
105,104,106,82,25,0.14,90.9,1.7,245,2026-10-03 06:45:00,PT5M,16.241,27.3315,22.078,10.404,5.1505
121,120,133,90,25,0.14,90.5,1.7,244,2026-10-03 06:50:00,PT5M,19.651,32.523,26.4256,12.8764,6.779
138,137,161,97,25,0.14,90.1,1.7,243,2026-10-03 06:55:00,PT5M,23.248,37.9745,30.9987,15.4973,8.5215
156,154,185,104,25,0.14,89.7,1.8,242,2026-10-03 07:00:00,PT5M,26.96,43.649,35.7435,18.1765,10.271
173,171,204,112,25,0.14,89.3,1.8,241,2026-10-03 07:05:00,PT5M,30.622,49.362,40.485,20.759,11.882
190,188,223,119,25,0.14,88.9,1.8,240,2026-10-03 07:10:00,PT5M,34.415,55.255,45.3832,23.4468,13.575
208,205,241,126,25,0.14,88.5,1.8,239,2026-10-03 07:15:00,PT5M,38.298,61.265,50.3857,26.2103,15.331
226,223,258,132,26,0.14,88.1,1.9,238,2026-10-03 07:20:00,PT5M,42.225,67.3835,55.4661,28.9839,17.0665
243,240,275,139,26,0.14,87.7,1.9,237,2026-10-03 07:25:00,PT5M,46.2,73.508,60.5724,31.8276,18.892
261,258,290,145,26,0.14,87.3,1.9,236,2026-10-03 07:30:00,PT5M,50.219,79.687,65.7282,34.7098,20.751
279,275,302,151,26,0.14,86.9,2.0,235,2026-10-03 07:35:00,PT5M,53.995,85.6975,70.6803,37.3097,22.2925
295,292,311,158,26,0.14,86.5,2.0,234,2026-10-03 07:40:00,PT5M,57.513,91.627,75.4674,39.5586,23.399
312,308,319,164,26,0.14,86.0,2.0,233,2026-10-03 07:45:00,PT5M,59.389,94.314,77.7703,41.0077,24.464
328,324,326,171,26,0.14,85.5,2.1,233,2026-10-03 07:50:00,PT5M,61.167,96.857,79.9509,42.3831,25.477
344,340,333,178,26,0.14,85.1,2.1,232,2026-10-03 07:55:00,PT5M,62.846,99.2505,82.0059,43.6861,26.4415
360,356,339,184,26,0.14,84.6,2.1,231,2026-10-03 08:00:00,PT5M,64.418,100.0,83.9253,44.9107,27.3535
375,371,344,190,27,0.14,84.2,2.1,230,2026-10-03 08:05:00,PT5M,65.846,100.0,85.6601,46.0319,28.1985
390,386,348,197,27,0.14,83.7,2.2,230,2026-10-03 08:10:00,PT5M,67.128,100.0,87.2035,47.0525,28.984
405,401,352,203,27,0.14,83.3,2.2,229,2026-10-03 08:15:00,PT5M,68.29,100.0,88.5849,47.9951,29.729
420,415,356,210,27,0.14,82.8,2.2,228,2026-10-03 08:20:00,PT5M,69.33,100.0,89.7933,48.8667,30.449
434,430,358,216,27,0.14,82.4,2.3,228,2026-10-03 08:25:00,PT5M,70.263,100.0,90.8545,49.6715,31.1385
448,444,361,223,27,0.14,81.9,2.3,227,2026-10-03 08:30:00,PT5M,71.13,100.0,91.8299,50.4301,31.7995
462,457,363,229,27,0.14,81.4,2.3,226,2026-10-03 08:35:00,PT5M,71.94,100.0,92.7326,51.1474,32.4335
475,470,364,235,27,0.14,80.9,2.3,225,2026-10-03 08:40:00,PT5M,72.7,100.0,93.5731,51.8269,33.0405
488,483,365,242,28,0.14,80.3,2.3,225,2026-10-03 08:45:00,PT5M,73.406,100.0,94.3525,52.4595,33.607
501,496,367,248,28,0.14,79.8,2.3,224,2026-10-03 08:50:00,PT5M,74.074,100.0,95.0865,53.0615,34.1495
513,508,367,254,28,0.14,79.2,2.2,223,2026-10-03 08:55:00,PT5M,74.707,100.0,95.7832,53.6308,34.6615
526,520,368,260,28,0.14,78.7,2.2,222,2026-10-03 09:00:00,PT5M,75.314,100.0,96.4739,54.1541,35.1095
538,533,370,265,28,0.14,78.2,2.2,221,2026-10-03 09:05:00,PT5M,75.996,100.0,97.2012,54.7908,35.7055
550,544,371,271,28,0.14,77.6,2.2,220,2026-10-03 09:10:00,PT5M,76.665,100.0,97.7657,55.5643,36.573
561,556,372,276,28,0.14,77.1,2.1,219,2026-10-03 09:15:00,PT5M,77.287,100.0,98.2832,56.2908,37.3935
573,567,374,281,28,0.14,76.6,2.1,218,2026-10-03 09:20:00,PT5M,77.879,100.0,98.7744,56.9836,38.177
584,578,374,287,28,0.14,76.1,2.1,217,2026-10-03 09:25:00,PT5M,78.442,100.0,99.2411,57.6429,38.923
594,589,375,292,29,0.14,75.6,2.1,216,2026-10-03 09:30:00,PT5M,78.976,100.0,99.6825,58.2695,39.633
604,598,375,297,29,0.14,75.1,2.1,215,2026-10-03 09:35:00,PT5M,79.417,100.0,100.0,58.7905,40.226
613,607,373,302,29,0.14,74.6,2.1,213,2026-10-03 09:40:00,PT5M,79.766,100.0,100.0,59.2071,40.7035
621,615,371,308,29,0.14,74.1,2.1,212,2026-10-03 09:45:00,PT5M,80.051,100.0,100.0,59.5527,41.1035
629,623,369,313,29,0.14,73.7,2.1,211,2026-10-03 09:50:00,PT5M,80.303,100.0,100.0,59.8597,41.46
636,630,366,319,29,0.14,73.2,2.0,210,2026-10-03 09:55:00,PT5M,80.534,100.0,100.0,60.1407,41.786
643,637,364,324,29,0.14,72.8,2.0,208,2026-10-03 10:00:00,PT5M,80.74,100.0,100.0,60.3898,42.074
649,644,361,329,29,0.14,72.3,2.0,207,2026-10-03 10:05:00,PT5M,80.935,100.0,100.0,60.6238,42.343
655,650,359,334,30,0.14,71.9,2.0,206,2026-10-03 10:10:00,PT5M,81.117,100.0,100.0,60.8402,42.5905
661,656,356,338,30,0.14,71.4,2.0,205,2026-10-03 10:15:00,PT5M,81.21,100.0,100.0,60.9632,42.7405
666,661,354,343,30,0.14,71.0,2.0,203,2026-10-03 10:20:00,PT5M,81.344,100.0,100.0,61.1222,42.922
671,666,351,347,30,0.14,70.5,2.0,202,2026-10-03 10:25:00,PT5M,81.458,100.0,100.0,61.2573,43.076
676,670,348,351,30,0.14,70.1,2.0,201,2026-10-03 10:30:00,PT5M,81.554,100.0,100.0,61.3706,43.205
680,674,345,355,30,0.14,69.6,2.0,200,2026-10-03 10:35:00,PT5M,81.631,100.0,100.0,61.4705,43.3255
683,678,342,359,30,0.14,69.2,2.0,198,2026-10-03 10:40:00,PT5M,81.687,100.0,100.0,61.555,43.4355
687,681,339,363,30,0.14,68.7,2.0,197,2026-10-03 10:45:00,PT5M,81.716,100.0,100.0,61.6076,43.5095
689,684,336,367,30,0.14,68.2,2.0,196,2026-10-03 10:50:00,PT5M,81.715,100.0,100.0,61.6243,43.542
692,687,333,370,31,0.14,67.8,2.0,195,2026-10-03 10:55:00,PT5M,81.66,100.0,100.0,61.5738,43.4955
694,689,330,373,31,0.14,67.3,2.0,194,2026-10-03 11:00:00,PT5M,81.591,100.0,100.0,61.5082,43.433
695,690,326,377,31,0.14,66.9,2.0,192,2026-10-03 11:05:00,PT5M,81.52,100.0,100.0,61.4456,43.378
696,691,323,380,31,0.14,66.4,2.0,191,2026-10-03 11:10:00,PT5M,81.421,100.0,100.0,61.3508,43.287
697,692,319,383,31,0.14,66.0,2.0,190,2026-10-03 11:15:00,PT5M,81.276,100.0,100.0,61.2,43.131
697,692,315,386,31,0.14,65.6,2.0,189,2026-10-03 11:20:00,PT5M,81.104,100.0,100.0,61.0172,42.9385
696,692,310,389,31,0.14,65.1,2.0,188,2026-10-03 11:25:00,PT5M,80.904,100.0,100.0,60.8022,42.71
696,691,306,391,31,0.14,64.7,2.0,186,2026-10-03 11:30:00,PT5M,80.678,100.0,100.0,60.5578,42.449
694,690,302,394,31,0.14,64.8,2.0,186,2026-10-03 11:35:00,PT5M,80.46,100.0,100.0,60.3103,42.175
693,688,298,396,31,0.14,65.6,2.0,187,2026-10-03 11:40:00,PT5M,80.247,100.0,100.0,60.0565,41.8845
691,686,293,398,31,0.14,66.4,1.9,188,2026-10-03 11:45:00,PT5M,80.004,100.0,100.0,59.7688,41.5565
688,684,289,400,31,0.14,67.1,1.9,190,2026-10-03 11:50:00,PT5M,79.729,100.0,100.0,59.4451,41.189
685,681,284,401,31,0.14,67.9,1.9,191,2026-10-03 11:55:00,PT5M,79.422,100.0,99.7585,59.0855,40.782
682,678,280,403,30,0.14,68.7,1.9,192,2026-10-03 12:00:00,PT5M,79.154,100.0,99.5471,58.7609,40.4065
678,674,275,404,30,0.14,69.5,1.8,193,2026-10-03 12:05:00,PT5M,78.856,100.0,99.3101,58.4019,39.9925
674,670,269,405,30,0.14,70.3,1.8,194,2026-10-03 12:10:00,PT5M,78.519,100.0,99.0381,57.9999,39.532
669,665,264,406,30,0.14,71.1,1.8,196,2026-10-03 12:15:00,PT5M,78.148,100.0,98.7356,57.5604,39.031
664,661,259,407,30,0.14,71.9,1.8,197,2026-10-03 12:20:00,PT5M,77.744,100.0,98.4031,57.0849,38.491
659,655,253,408,30,0.14,72.8,1.7,198,2026-10-03 12:25:00,PT5M,77.307,100.0,98.0409,56.5731,37.912
653,650,248,408,29,0.14,73.6,1.7,200,2026-10-03 12:30:00,PT5M,76.838,100.0,97.649,56.027,37.2965
647,643,242,409,29,0.14,74.5,1.7,201,2026-10-03 12:35:00,PT5M,76.279,100.0,97.1792,55.3788,36.568
639,636,235,409,29,0.14,75.4,1.7,203,2026-10-03 12:40:00,PT5M,75.63,100.0,96.6315,54.6285,35.7265
631,628,228,409,29,0.14,76.2,1.7,204,2026-10-03 12:45:00,PT5M,74.928,100.0,96.0374,53.8186,34.8195
623,620,221,409,29,0.14,77.1,1.6,206,2026-10-03 12:50:00,PT5M,74.184,100.0,95.4047,52.9633,33.864
615,612,214,409,28,0.14,78.0,1.6,207,2026-10-03 12:55:00,PT5M,73.433,100.0,94.76,52.106,32.911
606,604,207,408,28,0.14,78.9,1.6,209,2026-10-03 13:00:00,PT5M,72.661,100.0,94.0896,51.2324,31.946
598,595,200,407,28,0.14,79.9,1.6,211,2026-10-03 13:05:00,PT5M,71.832,100.0,93.3719,50.2921,30.9055
589,586,194,405,28,0.14,80.8,1.6,212,2026-10-03 13:10:00,PT5M,70.968,100.0,92.6216,49.3144,29.8255
579,577,188,403,28,0.14,81.8,1.6,214,2026-10-03 13:15:00,PT5M,70.066,100.0,91.8349,48.2971,28.7045
570,567,182,401,28,0.14,82.7,1.6,216,2026-10-03 13:20:00,PT5M,69.129,100.0,91.0142,47.2438,27.5465
560,558,175,398,27,0.14,83.7,1.6,217,2026-10-03 13:25:00,PT5M,68.16,100.0,90.1615,46.1585,26.3565
550,548,169,396,27,0.14,84.7,1.6,219,2026-10-03 13:30:00,PT5M,67.163,100.0,89.2811,45.0449,25.138
538,536,160,393,27,0.14,85.7,1.6,221,2026-10-03 13:35:00,PT5M,65.849,100.0,88.116,43.582,23.541
523,521,148,391,27,0.14,86.7,1.6,222,2026-10-03 13:40:00,PT5M,64.217,100.0,86.6632,41.7708,21.5685
508,507,137,388,27,0.14,87.6,1.6,224,2026-10-03 13:45:00,PT5M,62.552,100.0,85.1753,39.9287,19.567
494,493,126,384,26,0.14,88.6,1.6,226,2026-10-03 13:50:00,PT5M,60.854,100.0,83.652,38.056,17.537
479,478,115,380,26,0.14,89.6,1.6,228,2026-10-03 13:55:00,PT5M,59.124,100.0,82.0944,36.1536,15.4795
465,464,104,376,26,0.14,90.7,1.6,229,2026-10-03 14:00:00,PT5M,57.359,100.0,80.4997,34.2183,13.391
450,449,94,371,26,0.14,91.7,1.6,231,2026-10-03 14:05:00,PT5M,55.681,99.9675,78.9893,32.3727,11.3945
435,435,84,366,26,0.14,92.8,1.6,233,2026-10-03 14:10:00,PT5M,53.867,98.4665,77.34,30.394,9.2675
421,420,74,361,26,0.14,93.8,1.6,234,2026-10-03 14:15:00,PT5M,51.996,96.906,75.6325,28.3595,7.086
406,406,64,355,25,0.14,94.9,1.6,236,2026-10-03 14:20:00,PT5M,50.103,95.3285,73.9055,26.3005,4.8775
391,391,55,348,25,0.14,96.0,1.6,238,2026-10-03 14:25:00,PT5M,48.19,93.7225,72.1541,24.2259,2.6575
377,377,46,342,25,0.14,97.1,1.6,239,2026-10-03 14:30:00,PT5M,46.259,92.0895,70.3799,22.1381,0.4285
365,366,40,335,25,0.14,97.6,1.6,240,2026-10-03 14:35:00,PT5M,44.713,90.7575,68.9465,20.4795,0.0
356,356,38,328,25,0.14,97.5,1.6,239,2026-10-03 14:40:00,PT5M,43.541,89.7225,67.8467,19.2353,0.0
347,347,35,322,25,0.14,97.4,1.6,238,2026-10-03 14:45:00,PT5M,42.341,88.66,66.719,17.963,0.0
337,338,32,315,25,0.14,97.3,1.7,238,2026-10-03 14:50:00,PT5M,41.112,87.568,65.5621,16.6619,0.0
328,328,30,308,25,0.14,97.2,1.7,237,2026-10-03 14:55:00,PT5M,40.309,86.6175,64.6815,15.9365,0.0
319,319,27,301,25,0.14,97.1,1.7,236,2026-10-03 15:00:00,PT5M,39.082,85.1605,63.3334,14.8306,0.0
309,309,24,294,25,0.14,97.0,1.7,235,2026-10-03 15:05:00,PT5M,37.765,83.5535,61.8638,13.6662,0.0
299,299,20,287,25,0.14,96.9,1.7,235,2026-10-03 15:10:00,PT5M,36.352,81.784,60.2632,12.4408,0.0
289,289,16,279,25,0.14,96.8,1.7,234,2026-10-03 15:15:00,PT5M,34.886,79.929,58.5925,11.1795,0.0
278,279,11,272,25,0.14,96.7,1.7,233,2026-10-03 15:20:00,PT5M,33.372,77.987,56.8532,9.8908,0.0
268,269,7,265,25,0.14,96.6,1.8,233,2026-10-03 15:25:00,PT5M,31.816,75.9585,55.0485,8.5835,0.0
258,258,2,257,25,0.14,96.5,1.8,232,2026-10-03 15:30:00,PT5M,30.219,73.8365,53.1752,7.2628,0.0
247,247,0,247,25,0.14,96.5,1.8,232,2026-10-03 15:35:00,PT5M,28.708,71.736,51.3539,6.0621,0.0
235,236,0,236,25,0.14,96.4,1.8,232,2026-10-03 15:40:00,PT5M,27.373,69.711,49.6558,5.0902,0.0
224,224,0,224,25,0.14,96.4,1.8,232,2026-10-03 15:45:00,PT5M,26.043,67.5945,47.9119,4.1741,0.0
212,213,0,213,25,0.14,96.3,1.8,232,2026-10-03 15:50:00,PT5M,24.717,65.39,46.1235,3.3105,0.0
201,202,0,202,25,0.14,96.3,1.8,232,2026-10-03 15:55:00,PT5M,23.391,63.1015,44.2909,2.4911,0.0
190,190,0,190,25,0.14,96.2,1.8,232,2026-10-03 16:00:00,PT5M,22.064,60.736,42.4174,1.7106,0.0
179,179,0,179,25,0.14,96.2,1.9,232,2026-10-03 16:05:00,PT5M,20.757,58.3875,40.5622,0.9518,0.0
168,168,0,168,25,0.14,96.1,1.9,232,2026-10-03 16:10:00,PT5M,19.474,56.037,38.7174,0.2306,0.0
157,158,0,158,25,0.14,96.1,1.9,231,2026-10-03 16:15:00,PT5M,18.484,52.888,36.5911,0.3769,0.0
146,147,0,147,25,0.14,96.0,1.9,231,2026-10-03 16:20:00,PT5M,17.41,49.428,34.2613,0.5587,0.0
136,136,0,136,25,0.14,96.0,1.9,231,2026-10-03 16:25:00,PT5M,16.268,45.9335,31.8812,0.6548,0.0
126,126,0,126,25,0.14,95.9,1.9,231,2026-10-03 16:30:00,PT5M,15.095,42.428,29.4806,0.7094,0.0
116,116,0,116,25,0.14,95.9,1.9,231,2026-10-03 16:35:00,PT5M,13.972,38.9755,27.1315,0.8125,0.0
107,107,0,107,25,0.14,95.9,1.9,230,2026-10-03 16:40:00,PT5M,12.871,35.547,24.8055,0.9365,0.0
98,98,0,98,25,0.14,95.9,2.0,230,2026-10-03 16:45:00,PT5M,11.748,32.1295,22.4749,1.0211,0.0
89,89,0,89,25,0.14,95.9,2.0,229,2026-10-03 16:50:00,PT5M,10.62,28.758,20.1662,1.0738,0.0
79,80,0,80,25,0.14,95.9,2.0,229,2026-10-03 16:55:00,PT5M,9.479,25.458,17.8889,1.0691,0.0
70,70,0,70,25,0.14,95.9,2.0,228,2026-10-03 17:00:00,PT5M,8.334,22.271,15.6691,0.9989,0.0
61,61,0,61,25,0.14,95.9,2.0,228,2026-10-03 17:05:00,PT5M,7.172,19.1585,13.4806,0.8634,0.0
52,52,0,52,25,0.14,95.9,2.0,227,2026-10-03 17:10:00,PT5M,6.02,16.1135,11.3323,0.7077,0.0
44,44,0,44,25,0.14,95.9,2.1,227,2026-10-03 17:15:00,PT5M,5.002,13.274,9.3556,0.6484,0.0
36,36,0,36,25,0.14,95.9,2.1,226,2026-10-03 17:20:00,PT5M,4.038,10.537,7.4585,0.6175,0.0
29,29,0,29,25,0.14,95.9,2.1,226,2026-10-03 17:25:00,PT5M,3.068,7.9345,5.6293,0.5067,0.0
22,23,0,23,25,0.14,95.9,2.1,225,2026-10-03 17:30:00,PT5M,2.228,5.652,4.0301,0.4259,0.0
16,16,0,16,25,0.14,95.9,2.1,225,2026-10-03 17:35:00,PT5M,1.482,3.695,2.6467,0.3173,0.0
11,11,0,11,25,0.14,96.0,2.1,226,2026-10-03 17:40:00,PT5M,0.781,2.0185,1.4323,0.1297,0.0
6,6,0,6,25,0.14,96.0,2.0,226,2026-10-03 17:45:00,PT5M,0.146,0.691,0.4328,0.0,0.0
2,2,0,2,25,0.14,96.1,2.0,227,2026-10-03 17:50:00,PT5M,0.0,0.0,0.0,0.0,0.0
0,0,0,0,25,0.14,96.1,2.0,227,2026-10-03 17:55:00,PT5M,0.0,0.0,0.0,0.0,0.0
0,0,0,0,25,0.14,96.2,2.0,228,2026-10-03 18:00:00,PT5M,0.0,0.0,0.0,0.0,0.0
0,0,0,0,25,0.14,96.2,1.9,228,2026-10-03 18:05:00,PT5M,0.0,0.0,0.0,0.0,0.0
0,0,0,0,25,0.14,96.3,1.9,229,2026-10-03 18:10:00,PT5M,0.0,0.0,0.0,0.0,0.0
0,0,0,0,25,0.14,96.3,1.9,230,2026-10-03 18:15:00,PT5M,0.0,0.0,0.0,0.0,0.0
0,0,0,0,25,0.14,96.4,1.8,230,2026-10-03 18:20:00,PT5M,0.0,0.0,0.0,0.0,0.0
0,0,0,0,25,0.14,96.4,1.8,231,2026-10-03 18:25:00,PT5M,0.0,0.0,0.0,0.0,0.0
0,0,0,0,25,0.14,96.5,1.8,232,2026-10-03 18:30:00,PT5M,0.0,0.0,0.0,0.0,0.0
0,0,0,0,25,0.14,96.5,1.8,232,2026-10-03 18:35:00,PT5M,0.0,0.0,0.0,0.0,0.0
0,0,0,0,25,0.14,96.5,1.7,233,2026-10-03 18:40:00,PT5M,0.0,0.0,0.0,0.0,0.0
0,0,0,0,25,0.14,96.6,1.7,233,2026-10-03 18:45:00,PT5M,0.0,0.0,0.0,0.0,0.0
0,0,0,0,25,0.14,96.6,1.6,234,2026-10-03 18:50:00,PT5M,0.0,0.0,0.0,0.0,0.0
0,0,0,0,25,0.14,96.7,1.6,235,2026-10-03 18:55:00,PT5M,0.0,0.0,0.0,0.0,0.0
0,0,0,0,25,0.14,96.7,1.5,235,2026-10-03 19:00:00,PT5M,0.0,0.0,0.0,0.0,0.0
0,0,0,0,25,0.14,96.8,1.5,236,2026-10-03 19:05:00,PT5M,0.0,0.0,0.0,0.0,0.0
0,0,0,0,25,0.14,96.8,1.4,237,2026-10-03 19:10:00,PT5M,0.0,0.0,0.0,0.0,0.0
0,0,0,0,25,0.14,96.9,1.4,238,2026-10-03 19:15:00,PT5M,0.0,0.0,0.0,0.0,0.0
0,0,0,0,25,0.14,96.9,1.4,239,2026-10-03 19:20:00,PT5M,0.0,0.0,0.0,0.0,0.0
0,0,0,0,25,0.14,97.0,1.3,240,2026-10-03 19:25:00,PT5M,0.0,0.0,0.0,0.0,0.0
0,0,0,0,25,0.14,97.0,1.3,241,2026-10-03 19:30:00,PT5M,0.0,0.0,0.0,0.0,0.0
0,0,0,0,25,0.14,97.1,1.2,242,2026-10-03 19:35:00,PT5M,0.0,0.0,0.0,0.0,0.0
0,0,0,0,25,0.14,97.2,1.2,243,2026-10-03 19:40:00,PT5M,0.0,0.0,0.0,0.0,0.0
0,0,0,0,25,0.14,97.3,1.2,244,2026-10-03 19:45:00,PT5M,0.0,0.0,0.0,0.0,0.0
0,0,0,0,25,0.14,97.4,1.1,245,2026-10-03 19:50:00,PT5M,0.0,0.0,0.0,0.0,0.0
0,0,0,0,25,0.14,97.5,1.1,246,2026-10-03 19:55:00,PT5M,0.0,0.0,0.0,0.0,0.0
0,0,0,0,25,0.14,97.6,1.1,248,2026-10-03 20:00:00,PT5M,0.0,0.0,0.0,0.0,0.0
0,0,0,0,25,0.14,97.7,1.1,249,2026-10-03 20:05:00,PT5M,0.0,0.0,0.0,0.0,0.0
0,0,0,0,25,0.14,97.8,1.0,250,2026-10-03 20:10:00,PT5M,0.0,0.0,0.0,0.0,0.0
0,0,0,0,25,0.14,97.9,1.0,252,2026-10-03 20:15:00,PT5M,0.0,0.0,0.0,0.0,0.0
0,0,0,0,25,0.14,98.0,1.0,253,2026-10-03 20:20:00,PT5M,0.0,0.0,0.0,0.0,0.0
0,0,0,0,25,0.14,98.1,1.0,255,2026-10-03 20:25:00,PT5M,0.0,0.0,0.0,0.0,0.0
0,0,0,0,25,0.14,98.2,0.9,257,2026-10-03 20:30:00,PT5M,0.0,0.0,0.0,0.0,0.0
0,0,0,0,25,0.14,98.2,0.9,258,2026-10-03 20:35:00,PT5M,0.0,0.0,0.0,0.0,0.0
0,0,0,0,25,0.14,98.2,0.9,259,2026-10-03 20:40:00,PT5M,0.0,0.0,0.0,0.0,0.0
0,0,0,0,25,0.14,98.2,0.9,260,2026-10-03 20:45:00,PT5M,0.0,0.0,0.0,0.0,0.0
0,0,0,0,24,0.14,98.2,0.9,261,2026-10-03 20:50:00,PT5M,0.0,0.0,0.0,0.0,0.0
0,0,0,0,24,0.14,98.2,0.9,262,2026-10-03 20:55:00,PT5M,0.0,0.0,0.0,0.0,0.0
0,0,0,0,24,0.14,98.2,0.9,263,2026-10-03 21:00:00,PT5M,0.0,0.0,0.0,0.0,0.0
0,0,0,0,24,0.14,98.2,0.9,264,2026-10-03 21:05:00,PT5M,0.0,0.0,0.0,0.0,0.0
0,0,0,0,24,0.14,98.2,0.9,265,2026-10-03 21:10:00,PT5M,0.0,0.0,0.0,0.0,0.0
0,0,0,0,24,0.14,98.2,0.9,266,2026-10-03 21:15:00,PT5M,0.0,0.0,0.0,0.0,0.0
0,0,0,0,24,0.14,98.2,0.9,267,2026-10-03 21:20:00,PT5M,0.0,0.0,0.0,0.0,0.0
0,0,0,0,24,0.14,98.2,0.9,268,2026-10-03 21:25:00,PT5M,0.0,0.0,0.0,0.0,0.0
0,0,0,0,24,0.14,98.2,0.9,269,2026-10-03 21:30:00,PT5M,0.0,0.0,0.0,0.0,0.0
0,0,0,0,24,0.14,98.2,0.9,270,2026-10-03 21:35:00,PT5M,0.0,0.0,0.0,0.0,0.0
0,0,0,0,24,0.14,98.3,0.9,271,2026-10-03 21:40:00,PT5M,0.0,0.0,0.0,0.0,0.0
0,0,0,0,24,0.14,98.3,0.9,271,2026-10-03 21:45:00,PT5M,0.0,0.0,0.0,0.0,0.0
0,0,0,0,24,0.14,98.4,0.9,272,2026-10-03 21:50:00,PT5M,0.0,0.0,0.0,0.0,0.0
0,0,0,0,24,0.14,98.4,0.9,272,2026-10-03 21:55:00,PT5M,0.0,0.0,0.0,0.0,0.0
0,0,0,0,24,0.14,98.5,0.9,273,2026-10-03 22:00:00,PT5M,0.0,0.0,0.0,0.0,0.0
0,0,0,0,24,0.14,98.5,1.0,273,2026-10-03 22:05:00,PT5M,0.0,0.0,0.0,0.0,0.0
0,0,0,0,24,0.14,98.6,1.0,274,2026-10-03 22:10:00,PT5M,0.0,0.0,0.0,0.0,0.0
0,0,0,0,24,0.14,98.6,1.0,274,2026-10-03 22:15:00,PT5M,0.0,0.0,0.0,0.0,0.0
0,0,0,0,24,0.14,98.7,1.0,275,2026-10-03 22:20:00,PT5M,0.0,0.0,0.0,0.0,0.0
0,0,0,0,24,0.14,98.7,1.0,275,2026-10-03 22:25:00,PT5M,0.0,0.0,0.0,0.0,0.0
0,0,0,0,24,0.14,98.8,1.0,275,2026-10-03 22:30:00,PT5M,0.0,0.0,0.0,0.0,0.0
0,0,0,0,24,0.14,98.8,1.0,276,2026-10-03 22:35:00,PT5M,0.0,0.0,0.0,0.0,0.0
0,0,0,0,24,0.14,98.8,1.0,276,2026-10-03 22:40:00,PT5M,0.0,0.0,0.0,0.0,0.0
0,0,0,0,24,0.14,98.8,1.0,277,2026-10-03 22:45:00,PT5M,0.0,0.0,0.0,0.0,0.0
0,0,0,0,24,0.14,98.8,1.0,277,2026-10-03 22:50:00,PT5M,0.0,0.0,0.0,0.0,0.0
0,0,0,0,24,0.14,98.8,1.0,278,2026-10-03 22:55:00,PT5M,0.0,0.0,0.0,0.0,0.0
0,0,0,0,24,0.14,98.8,1.0,278,2026-10-03 23:00:00,PT5M,0.0,0.0,0.0,0.0,0.0
0,0,0,0,24,0.14,98.8,1.0,279,2026-10-03 23:05:00,PT5M,0.0,0.0,0.0,0.0,0.0
0,0,0,0,24,0.14,98.8,1.0,279,2026-10-03 23:10:00,PT5M,0.0,0.0,0.0,0.0,0.0
0,0,0,0,24,0.14,98.8,1.0,280,2026-10-03 23:15:00,PT5M,0.0,0.0,0.0,0.0,0.0
0,0,0,0,24,0.14,98.8,1.0,280,2026-10-03 23:20:00,PT5M,0.0,0.0,0.0,0.0,0.0
0,0,0,0,24,0.14,98.8,1.0,281,2026-10-03 23:25:00,PT5M,0.0,0.0,0.0,0.0,0.0
0,0,0,0,24,0.14,98.8,1.0,281,2026-10-03 23:30:00,PT5M,0.0,0.0,0.0,0.0,0.0
0,0,0,0,24,0.14,98.8,1.0,281,2026-10-03 23:35:00,PT5M,0.0,0.0,0.0,0.0,0.0
0,0,0,0,24,0.14,98.8,1.0,281,2026-10-03 23:40:00,PT5M,0.0,0.0,0.0,0.0,0.0
0,0,0,0,24,0.14,98.8,1.0,280,2026-10-03 23:45:00,PT5M,0.0,0.0,0.0,0.0,0.0
0,0,0,0,24,0.14,98.8,1.0,280,2026-10-03 23:50:00,PT5M,0.0,0.0,0.0,0.0,0.0
0,0,0,0,24,0.14,98.8,1.0,279,2026-10-03 23:55:00,PT5M,0.0,0.0,0.0,0.0,0.0
0,0,0,0,24,0.14,98.8,1.0,279,2026-10-04 00:00:00,PT5M,0.0,0.0,0.0,0.0,0.0
0,0,0,0,24,0.14,98.8,1.0,278,2026-10-04 00:05:00,PT5M,0.0,0.0,0.0,0.0,0.0
0,0,0,0,24,0.14,98.8,1.0,278,2026-10-04 00:10:00,PT5M,0.0,0.0,0.0,0.0,0.0
0,0,0,0,24,0.14,98.8,1.0,277,2026-10-04 00:15:00,PT5M,0.0,0.0,0.0,0.0,0.0
0,0,0,0,24,0.14,98.8,1.0,277,2026-10-04 00:20:00,PT5M,0.0,0.0,0.0,0.0,0.0
0,0,0,0,24,0.14,98.8,1.0,276,2026-10-04 00:25:00,PT5M,0.0,0.0,0.0,0.0,0.0
0,0,0,0,24,0.14,98.8,1.0,276,2026-10-04 00:30:00,PT5M,0.0,0.0,0.0,0.0,0.0
0,0,0,0,24,0.14,98.8,1.0,275,2026-10-04 00:35:00,PT5M,0.0,0.0,0.0,0.0,0.0
0,0,0,0,24,0.14,98.8,1.0,275,2026-10-04 00:40:00,PT5M,0.0,0.0,0.0,0.0,0.0
0,0,0,0,24,0.14,98.8,1.0,275,2026-10-04 00:45:00,PT5M,0.0,0.0,0.0,0.0,0.0
0,0,0,0,24,0.14,98.8,1.0,274,2026-10-04 00:50:00,PT5M,0.0,0.0,0.0,0.0,0.0
0,0,0,0,24,0.14,98.8,1.0,274,2026-10-04 00:55:00,PT5M,0.0,0.0,0.0,0.0,0.0
0,0,0,0,24,0.14,98.8,1.0,273,2026-10-04 01:00:00,PT5M,0.0,0.0,0.0,0.0,0.0
0,0,0,0,24,0.14,98.8,1.0,273,2026-10-04 01:05:00,PT5M,0.0,0.0,0.0,0.0,0.0
0,0,0,0,24,0.14,98.8,1.0,272,2026-10-04 01:10:00,PT5M,0.0,0.0,0.0,0.0,0.0
0,0,0,0,24,0.14,98.8,1.0,272,2026-10-04 01:15:00,PT5M,0.0,0.0,0.0,0.0,0.0
0,0,0,0,24,0.14,98.8,1.0,271,2026-10-04 01:20:00,PT5M,0.0,0.0,0.0,0.0,0.0
0,0,0,0,24,0.14,98.8,1.0,271,2026-10-04 01:25:00,PT5M,0.0,0.0,0.0,0.0,0.0
0,0,0,0,24,0.14,98.8,1.0,270,2026-10-04 01:30:00,PT5M,0.0,0.0,0.0,0.0,0.0
0,0,0,0,24,0.14,98.8,1.0,270,2026-10-04 01:35:00,PT5M,0.0,0.0,0.0,0.0,0.0
0,0,0,0,24,0.14,98.8,1.0,269,2026-10-04 01:40:00,PT5M,0.0,0.0,0.0,0.0,0.0
0,0,0,0,24,0.14,98.8,1.0,269,2026-10-04 01:45:00,PT5M,0.0,0.0,0.0,0.0,0.0
0,0,0,0,24,0.14,98.8,1.0,268,2026-10-04 01:50:00,PT5M,0.0,0.0,0.0,0.0,0.0
0,0,0,0,24,0.14,98.8,1.0,268,2026-10-04 01:55:00,PT5M,0.0,0.0,0.0,0.0,0.0
0,0,0,0,24,0.14,98.8,1.0,267,2026-10-04 02:00:00,PT5M,0.0,0.0,0.0,0.0,0.0
0,0,0,0,24,0.14,98.8,1.0,267,2026-10-04 02:05:00,PT5M,0.0,0.0,0.0,0.0,0.0
0,0,0,0,24,0.14,98.8,1.0,266,2026-10-04 02:10:00,PT5M,0.0,0.0,0.0,0.0,0.0
0,0,0,0,24,0.14,98.8,1.0,266,2026-10-04 02:15:00,PT5M,0.0,0.0,0.0,0.0,0.0
0,0,0,0,24,0.14,98.8,1.0,265,2026-10-04 02:20:00,PT5M,0.0,0.0,0.0,0.0,0.0
0,0,0,0,24,0.14,98.8,1.0,265,2026-10-04 02:25:00,PT5M,0.0,0.0,0.0,0.0,0.0
0,0,0,0,24,0.14,98.8,1.0,265,2026-10-04 02:30:00,PT5M,0.0,0.0,0.0,0.0,0.0
0,0,0,0,24,0.14,98.8,1.0,264,2026-10-04 02:35:00,PT5M,0.0,0.0,0.0,0.0,0.0
0,0,0,0,24,0.14,98.8,1.0,264,2026-10-04 02:40:00,PT5M,0.0,0.0,0.0,0.0,0.0
0,0,0,0,24,0.14,98.8,1.0,264,2026-10-04 02:45:00,PT5M,0.0,0.0,0.0,0.0,0.0
0,0,0,0,24,0.14,98.8,1.0,264,2026-10-04 02:50:00,PT5M,0.0,0.0,0.0,0.0,0.0
0,0,0,0,24,0.14,98.8,1.0,264,2026-10-04 02:55:00,PT5M,0.0,0.0,0.0,0.0,0.0
0,0,0,0,24,0.14,98.8,1.0,264,2026-10-04 03:00:00,PT5M,0.0,0.0,0.0,0.0,0.0
0,0,0,0,24,0.14,98.8,1.0,264,2026-10-04 03:05:00,PT5M,0.0,0.0,0.0,0.0,0.0
0,0,0,0,24,0.14,98.8,1.0,264,2026-10-04 03:10:00,PT5M,0.0,0.0,0.0,0.0,0.0
0,0,0,0,24,0.14,98.8,1.0,264,2026-10-04 03:15:00,PT5M,0.0,0.0,0.0,0.0,0.0
0,0,0,0,24,0.14,98.8,1.0,264,2026-10-04 03:20:00,PT5M,0.0,0.0,0.0,0.0,0.0
0,0,0,0,24,0.14,98.8,1.0,264,2026-10-04 03:25:00,PT5M,0.0,0.0,0.0,0.0,0.0
0,0,0,0,24,0.14,98.8,1.0,264,2026-10-04 03:30:00,PT5M,0.0,0.0,0.0,0.0,0.0
0,0,0,0,24,0.14,98.8,1.0,264,2026-10-04 03:35:00,PT5M,0.0,0.0,0.0,0.0,0.0
0,0,0,0,24,0.14,98.8,1.0,264,2026-10-04 03:40:00,PT5M,0.0,0.0,0.0,0.0,0.0
0,0,0,0,24,0.14,98.8,1.0,264,2026-10-04 03:45:00,PT5M,0.0,0.0,0.0,0.0,0.0
0,0,0,0,24,0.14,98.8,1.0,264,2026-10-04 03:50:00,PT5M,0.0,0.0,0.0,0.0,0.0
0,0,0,0,24,0.14,98.8,1.0,264,2026-10-04 03:55:00,PT5M,0.0,0.0,0.0,0.0,0.0
0,0,0,0,24,0.14,98.8,1.0,264,2026-10-04 04:00:00,PT5M,0.0,0.0,0.0,0.0,0.0
0,0,0,0,24,0.14,98.8,1.0,264,2026-10-04 04:05:00,PT5M,0.0,0.0,0.0,0.0,0.0
0,0,0,0,24,0.14,98.8,0.9,264,2026-10-04 04:10:00,PT5M,0.0,0.0,0.0,0.0,0.0
0,0,0,0,24,0.14,98.8,0.9,264,2026-10-04 04:15:00,PT5M,0.0,0.0,0.0,0.0,0.0
0,0,0,0,24,0.14,98.8,0.9,264,2026-10-04 04:20:00,PT5M,0.0,0.0,0.0,0.0,0.0
0,0,0,0,24,0.14,98.8,0.9,264,2026-10-04 04:25:00,PT5M,0.0,0.0,0.0,0.0,0.0
0,0,0,0,24,0.14,98.8,0.9,264,2026-10-04 04:30:00,PT5M,0.0,0.0,0.0,0.0,0.0
0,0,0,0,24,0.14,98.8,0.9,264,2026-10-04 04:35:00,PT5M,0.0,0.0,0.0,0.0,0.0
0,0,0,0,24,0.14,98.8,0.9,264,2026-10-04 04:40:00,PT5M,0.0,0.0,0.0,0.0,0.0
0,0,0,0,24,0.14,98.8,0.9,265,2026-10-04 04:45:00,PT5M,0.0,0.0,0.0,0.0,0.0
0,0,0,0,24,0.14,98.8,0.9,265,2026-10-04 04:50:00,PT5M,0.0,0.0,0.0,0.0,0.0
0,0,0,0,24,0.14,98.8,0.9,266,2026-10-04 04:55:00,PT5M,0.0,0.0,0.0,0.0,0.0
0,0,0,0,24,0.14,98.8,0.9,266,2026-10-04 05:00:00,PT5M,0.0,0.0,0.0,0.0,0.0
0,0,0,0,23,0.14,98.8,0.8,267,2026-10-04 05:05:00,PT5M,0.0,0.0,0.0,0.0,0.0
0,0,0,0,23,0.14,98.8,0.8,267,2026-10-04 05:10:00,PT5M,0.0,0.0,0.0,0.0,0.0
0,0,0,0,23,0.14,98.8,0.8,268,2026-10-04 05:15:00,PT5M,0.0,0.0,0.0,0.0,0.0
0,0,0,0,23,0.14,98.8,0.8,269,2026-10-04 05:20:00,PT5M,0.0,0.0,0.0,0.0,0.0
0,0,0,0,23,0.14,98.8,0.8,269,2026-10-04 05:25:00,PT5M,0.0,0.0,0.0,0.0,0.0
0,0,0,0,23,0.14,98.8,0.8,270,2026-10-04 05:30:00,PT5M,0.0,0.0,0.0,0.0,0.0
0,0,0,0,23,0.14,98.6,0.8,269,2026-10-04 05:35:00,PT5M,0.0,0.0,0.0,0.0,0.0
0,0,0,0,24,0.14,98.2,0.8,268,2026-10-04 05:40:00,PT5M,0.0,0.0,0.0,0.0,0.0
0,0,0,0,24,0.14,97.8,0.8,267,2026-10-04 05:45:00,PT5M,0.0,0.0,0.0,0.0,0.0
0,0,0,0,24,0.14,97.4,0.8,266,2026-10-04 05:50:00,PT5M,0.0,0.0,0.0,0.0,0.0
0,0,0,0,24,0.14,97.0,0.8,264,2026-10-04 05:55:00,PT5M,0.0,0.0,0.0,0.0,0.0
2,2,0,2,24,0.14,96.6,0.8,263,2026-10-04 06:00:00,PT5M,0.0,0.0,0.0,0.0,0.0
6,6,0,6,24,0.14,96.3,0.8,262,2026-10-04 06:05:00,PT5M,0.067,0.5515,0.322,0.0,0.0
10,10,0,10,24,0.14,95.9,0.7,260,2026-10-04 06:10:00,PT5M,0.69,1.8725,1.3124,0.0676,0.0
16,16,0,16,24,0.14,95.5,0.7,259,2026-10-04 06:15:00,PT5M,1.379,3.5605,2.5271,0.2309,0.0
22,22,0,22,24,0.14,95.1,0.7,258,2026-10-04 06:20:00,PT5M,2.131,5.608,3.961,0.301,0.0
28,28,0,28,24,0.14,94.7,0.7,256,2026-10-04 06:25:00,PT5M,2.99,7.976,5.6142,0.3658,0.0
36,36,0,36,25,0.14,94.4,0.7,255,2026-10-04 06:30:00,PT5M,4.02,10.822,7.5999,0.4401,0.0
45,45,0,45,25,0.14,93.9,0.7,253,2026-10-04 06:35:00,PT5M,5.129,13.7665,9.675,0.583,0.0
55,55,0,55,25,0.14,93.5,0.7,251,2026-10-04 06:40:00,PT5M,6.37,16.8975,11.9107,0.8293,0.0
66,66,0,66,25,0.14,93.0,0.7,248,2026-10-04 06:45:00,PT5M,7.808,20.2645,14.3639,1.2521,0.0
78,78,0,78,25,0.14,92.5,0.7,246,2026-10-04 06:50:00,PT5M,9.368,23.784,16.9552,1.7808,0.0
91,91,0,91,25,0.14,92.1,0.7,243,2026-10-04 06:55:00,PT5M,10.95,27.381,19.5978,2.3022,0.0
105,105,0,105,25,0.14,91.6,0.7,241,2026-10-04 07:00:00,PT5M,12.608,31.147,22.3652,2.8508,0.0
118,119,0,119,25,0.14,91.2,0.7,239,2026-10-04 07:05:00,PT5M,14.304,34.9855,25.1888,3.4192,0.0
133,133,0,133,25,0.14,90.7,0.7,236,2026-10-04 07:10:00,PT5M,16.054,38.872,28.0633,4.0447,0.0
148,148,15,143,25,0.14,90.3,0.7,234,2026-10-04 07:15:00,PT5M,18.767,43.7245,31.9023,5.6317,0.0
164,164,32,153,26,0.14,89.8,0.7,231,2026-10-04 07:20:00,PT5M,21.576,48.706,35.8547,7.2973,0.0
181,180,50,162,26,0.14,89.4,0.7,229,2026-10-04 07:25:00,PT5M,24.762,54.005,40.1528,9.3712,0.0
198,197,68,171,26,0.14,89.0,0.7,226,2026-10-04 07:30:00,PT5M,28.174,59.536,44.68,11.668,0.0
214,214,84,179,26,0.14,88.6,0.7,224,2026-10-04 07:35:00,PT5M,31.413,64.97,49.0743,13.7517,0.0
230,229,97,188,26,0.14,88.3,0.7,222,2026-10-04 07:40:00,PT5M,34.322,70.1895,53.1993,15.4447,0.0
246,245,111,196,26,0.14,88.0,0.7,220,2026-10-04 07:45:00,PT5M,36.838,73.497,56.1319,17.5441,0.179
263,262,124,203,26,0.14,87.7,0.7,218,2026-10-04 07:50:00,PT5M,39.558,76.9495,59.2374,19.8786,2.1665
279,278,138,211,26,0.14,87.4,0.7,216,2026-10-04 07:55:00,PT5M,42.246,80.3095,62.2791,22.2129,4.1825
296,295,151,218,26,0.14,87.1,0.7,215,2026-10-04 08:00:00,PT5M,44.892,83.56,65.2432,24.5408,6.224
313,311,166,225,26,0.14,86.8,0.7,213,2026-10-04 08:05:00,PT5M,47.514,86.7085,68.1423,26.8857,8.3195
331,329,180,231,26,0.14,86.5,0.7,211,2026-10-04 08:10:00,PT5M,50.101,89.7445,70.9657,29.2363,10.4575
348,346,195,237,27,0.14,86.2,0.7,209,2026-10-04 08:15:00,PT5M,52.618,92.615,73.6687,31.5673,12.621
366,363,209,242,27,0.14,85.9,0.7,207,2026-10-04 08:20:00,PT5M,55.069,95.3085,76.2473,33.8907,14.8295
384,381,224,247,27,0.14,85.6,0.7,206,2026-10-04 08:25:00,PT5M,57.449,97.842,78.7081,36.1899,17.056
401,398,239,252,27,0.14,85.3,0.8,204,2026-10-04 08:30:00,PT5M,59.716,100.0,81.028,38.404,19.2225
418,414,250,257,27,0.14,84.8,0.8,203,2026-10-04 08:35:00,PT5M,61.61,100.0,82.9686,40.2514,21.028
433,429,258,263,27,0.14,84.2,0.8,201,2026-10-04 08:40:00,PT5M,63.086,100.0,84.4904,41.6816,22.417
447,443,265,268,27,0.14,83.5,0.7,200,2026-10-04 08:45:00,PT5M,64.499,100.0,85.9363,43.0617,23.7675
462,458,273,273,27,0.14,82.9,0.7,199,2026-10-04 08:50:00,PT5M,65.863,100.0,87.3198,44.4062,25.0945
476,472,280,278,27,0.14,82.2,0.7,198,2026-10-04 08:55:00,PT5M,67.179,100.0,88.6423,45.7157,26.398
490,486,287,283,27,0.14,81.6,0.7,197,2026-10-04 09:00:00,PT5M,68.456,100.0,89.9425,46.9695,27.631
504,500,295,287,28,0.14,80.9,0.7,195,2026-10-04 09:05:00,PT5M,69.773,100.0,91.1837,48.3623,29.092
519,514,303,291,28,0.14,80.3,0.7,194,2026-10-04 09:10:00,PT5M,71.031,100.0,92.2667,49.7953,30.6825
533,528,310,295,28,0.14,79.7,0.7,193,2026-10-04 09:15:00,PT5M,72.25,100.0,93.3107,51.1893,32.234
546,542,317,299,28,0.14,79.1,0.7,191,2026-10-04 09:20:00,PT5M,73.428,100.0,94.314,52.542,33.744
560,555,325,302,28,0.14,78.4,0.7,190,2026-10-04 09:25:00,PT5M,74.569,100.0,95.281,53.857,35.2155
573,568,332,306,28,0.14,77.8,0.7,189,2026-10-04 09:30:00,PT5M,75.673,100.0,96.2113,55.1347,36.6495
587,581,339,309,28,0.14,77.3,0.7,187,2026-10-04 09:35:00,PT5M,76.741,100.0,97.1149,56.3671,38.03
600,594,346,311,28,0.14,76.7,0.7,186,2026-10-04 09:40:00,PT5M,77.774,100.0,97.9929,57.5551,39.3575
612,606,353,314,28,0.14,76.2,0.7,185,2026-10-04 09:45:00,PT5M,78.734,100.0,98.8021,58.6659,40.604
624,618,359,317,28,0.14,75.7,0.7,183,2026-10-04 09:50:00,PT5M,79.647,100.0,99.5672,59.7268,41.798
636,630,365,319,29,0.14,75.2,0.7,182,2026-10-04 09:55:00,PT5M,80.583,100.0,100.0,60.8081,43.01
647,641,371,321,29,0.14,74.7,0.7,181,2026-10-04 10:00:00,PT5M,81.432,100.0,100.0,61.7978,44.1265
659,652,378,323,29,0.14,74.2,0.7,179,2026-10-04 10:05:00,PT5M,82.245,100.0,100.0,62.749,45.202
669,663,384,325,29,0.14,73.7,0.7,178,2026-10-04 10:10:00,PT5M,83.025,100.0,100.0,63.664,46.2385
680,674,389,327,29,0.14,73.2,0.7,177,2026-10-04 10:15:00,PT5M,83.772,100.0,100.0,64.5434,47.237
690,684,395,328,29,0.14,72.7,0.7,175,2026-10-04 10:20:00,PT5M,84.487,100.0,100.0,65.3878,48.198
700,694,401,329,29,0.14,72.2,0.7,174,2026-10-04 10:25:00,PT5M,85.171,100.0,100.0,66.1987,49.123
710,703,407,330,29,0.14,71.7,0.7,173,2026-10-04 10:30:00,PT5M,85.83,100.0,100.0,66.9824,50.019
718,711,410,332,29,0.14,71.2,0.7,171,2026-10-04 10:35:00,PT5M,86.275,100.0,100.0,67.5298,50.6585
724,717,410,335,30,0.14,70.7,0.7,170,2026-10-04 10:40:00,PT5M,86.51,100.0,100.0,67.8435,51.043
729,722,410,338,30,0.14,70.2,0.7,169,2026-10-04 10:45:00,PT5M,86.717,100.0,100.0,68.1241,51.39
734,727,410,340,30,0.14,69.7,0.7,168,2026-10-04 10:50:00,PT5M,86.892,100.0,100.0,68.3663,51.6925
738,731,409,343,30,0.14,69.2,0.8,167,2026-10-04 10:55:00,PT5M,87.02,100.0,100.0,68.5453,51.9175
743,736,409,345,30,0.14,68.7,0.8,166,2026-10-04 11:00:00,PT5M,87.132,100.0,100.0,68.7089,52.1275
746,739,409,347,30,0.14,68.2,0.8,165,2026-10-04 11:05:00,PT5M,87.239,100.0,100.0,68.874,52.345
750,743,408,349,30,0.14,67.7,0.8,164,2026-10-04 11:10:00,PT5M,87.32,100.0,100.0,69.0087,52.528
752,745,407,351,30,0.14,67.2,0.8,163,2026-10-04 11:15:00,PT5M,87.362,100.0,100.0,69.092,52.6485
755,748,406,353,30,0.14,66.7,0.8,162,2026-10-04 11:20:00,PT5M,87.375,100.0,100.0,69.1411,52.73
757,750,405,354,30,0.14,66.2,0.8,161,2026-10-04 11:25:00,PT5M,87.362,100.0,100.0,69.1586,52.775
758,751,404,356,31,0.14,65.7,0.8,160,2026-10-04 11:30:00,PT5M,87.321,100.0,100.0,69.1442,52.7845
758,751,401,358,31,0.14,65.8,0.9,161,2026-10-04 11:35:00,PT5M,87.172,100.0,100.0,68.9873,52.6205
756,749,396,361,30,0.14,66.5,0.9,164,2026-10-04 11:40:00,PT5M,86.914,100.0,100.0,68.6875,52.283
754,747,391,363,30,0.14,67.2,0.9,167,2026-10-04 11:45:00,PT5M,86.627,100.0,100.0,68.3528,51.9055
752,745,386,366,30,0.14,67.9,0.9,170,2026-10-04 11:50:00,PT5M,86.311,100.0,100.0,67.9842,51.4895
748,742,380,368,30,0.14,68.6,0.9,173,2026-10-04 11:55:00,PT5M,85.964,100.0,100.0,67.5793,51.0325
745,738,375,370,30,0.14,69.3,0.9,175,2026-10-04 12:00:00,PT5M,85.7,100.0,100.0,67.2521,50.6485
741,735,369,372,30,0.14,70.0,0.9,178,2026-10-04 12:05:00,PT5M,85.405,100.0,100.0,66.8885,50.223
736,730,363,374,30,0.14,70.7,0.9,181,2026-10-04 12:10:00,PT5M,85.071,100.0,100.0,66.4803,49.748
731,725,356,376,29,0.14,71.4,0.9,183,2026-10-04 12:15:00,PT5M,84.755,100.0,100.0,66.0853,49.282
726,720,350,378,29,0.14,72.1,1.0,186,2026-10-04 12:20:00,PT5M,84.342,100.0,100.0,65.5889,48.7105
720,714,344,379,29,0.14,72.9,1.0,188,2026-10-04 12:25:00,PT5M,83.899,100.0,100.0,65.0585,48.1015
714,708,337,380,29,0.14,73.6,1.0,190,2026-10-04 12:30:00,PT5M,83.427,100.0,100.0,64.4957,47.457
706,701,329,382,29,0.14,74.4,1.0,192,2026-10-04 12:35:00,PT5M,82.809,100.0,100.0,63.7727,46.6395
697,692,319,384,29,0.14,75.1,1.1,194,2026-10-04 12:40:00,PT5M,82.045,100.0,100.0,62.8898,45.6495
688,683,310,386,29,0.14,75.9,1.1,196,2026-10-04 12:45:00,PT5M,81.228,100.0,100.0,61.9444,44.5885
678,673,300,387,28,0.14,76.7,1.1,198,2026-10-04 12:50:00,PT5M,80.374,100.0,99.79,60.958,43.483
668,664,290,388,28,0.14,77.5,1.2,199,2026-10-04 12:55:00,PT5M,79.514,100.0,99.0558,59.9722,42.384
658,654,281,389,28,0.14,78.3,1.2,201,2026-10-04 13:00:00,PT5M,78.642,100.0,98.3051,58.9789,41.2815
648,643,272,389,28,0.14,79.1,1.3,202,2026-10-04 13:05:00,PT5M,77.706,100.0,97.5036,57.9084,40.09
637,633,263,389,28,0.14,79.9,1.3,203,2026-10-04 13:10:00,PT5M,76.735,100.0,96.6699,56.8001,38.858
626,622,254,388,28,0.14,80.7,1.3,205,2026-10-04 13:15:00,PT5M,75.725,100.0,95.8005,55.6495,37.581
615,611,245,387,28,0.14,81.6,1.4,206,2026-10-04 13:20:00,PT5M,74.678,100.0,94.895,54.461,36.265
604,600,236,386,27,0.14,82.4,1.4,207,2026-10-04 13:25:00,PT5M,73.597,100.0,93.9569,53.2371,34.9125
592,589,228,384,27,0.14,83.3,1.5,208,2026-10-04 13:30:00,PT5M,72.485,100.0,92.9881,51.9819,33.5285
580,576,218,383,27,0.14,84.2,1.5,209,2026-10-04 13:35:00,PT5M,71.221,100.0,91.8946,50.5474,31.9405
566,563,207,381,27,0.14,85.1,1.5,210,2026-10-04 13:40:00,PT5M,69.773,100.0,90.6429,48.9031,30.1195
552,549,196,379,27,0.14,86.0,1.6,211,2026-10-04 13:45:00,PT5M,68.322,100.0,89.3872,47.2568,28.2975
538,536,185,376,27,0.14,86.9,1.6,211,2026-10-04 13:50:00,PT5M,66.833,100.0,88.0924,45.5736,26.4395
524,522,175,373,27,0.14,87.9,1.7,212,2026-10-04 13:55:00,PT5M,65.307,100.0,86.7595,43.8545,24.5465
510,508,164,370,26,0.14,88.8,1.7,213,2026-10-04 14:00:00,PT5M,63.739,100.0,85.3842,42.0938,22.6125
496,494,154,367,26,0.14,89.8,1.8,214,2026-10-04 14:05:00,PT5M,62.134,100.0,83.9705,40.2975,20.644
482,480,144,363,26,0.14,90.8,1.8,214,2026-10-04 14:10:00,PT5M,60.486,100.0,82.5122,38.4598,18.6355
468,466,134,358,26,0.14,91.8,1.8,215,2026-10-04 14:15:00,PT5M,58.774,100.0,80.9892,36.5588,16.5645
453,452,124,353,26,0.14,92.8,1.9,215,2026-10-04 14:20:00,PT5M,57.03,99.593,79.4312,34.6288,14.467
439,438,115,348,26,0.14,93.8,1.9,216,2026-10-04 14:25:00,PT5M,55.255,98.167,77.8399,32.6701,12.343
424,423,105,343,26,0.14,94.8,2.0,217,2026-10-04 14:30:00,PT5M,53.624,96.902,76.4015,30.8465,10.346
410,409,96,337,26,0.14,95.3,2.0,217,2026-10-04 14:35:00,PT5M,51.792,95.4175,74.7524,28.8316,8.1665
396,395,87,331,26,0.14,95.3,1.9,218,2026-10-04 14:40:00,PT5M,49.922,93.8775,73.0561,26.7879,5.9665
381,381,78,325,26,0.14,95.2,1.8,219,2026-10-04 14:45:00,PT5M,48.028,92.3065,71.3321,24.7239,3.7495
367,367,69,318,25,0.14,95.2,1.8,220,2026-10-04 14:50:00,PT5M,46.11,90.506,69.4759,22.7441,1.714
353,353,61,311,25,0.14,95.1,1.7,222,2026-10-04 14:55:00,PT5M,44.232,88.58,67.5727,20.8913,0.0
340,340,53,304,25,0.14,95.1,1.6,223,2026-10-04 15:00:00,PT5M,42.337,86.6085,65.6374,19.0366,0.0
326,326,45,296,25,0.14,95.0,1.6,224,2026-10-04 15:05:00,PT5M,40.388,84.5365,63.6237,17.1523,0.0
312,312,37,289,25,0.14,95.0,1.5,226,2026-10-04 15:10:00,PT5M,38.384,82.356,61.5268,15.2412,0.0
299,299,29,281,25,0.14,94.9,1.4,228,2026-10-04 15:15:00,PT5M,36.736,80.497,59.7677,13.7043,0.0
285,286,21,273,25,0.14,94.9,1.4,230,2026-10-04 15:20:00,PT5M,34.661,78.1685,57.5593,11.7627,0.0
272,272,13,265,25,0.14,94.8,1.3,232,2026-10-04 15:25:00,PT5M,32.564,75.7695,55.3034,9.8246,0.0
258,259,5,256,25,0.14,94.8,1.2,234,2026-10-04 15:30:00,PT5M,30.448,73.296,52.9992,7.8968,0.0
245,246,0,246,25,0.14,94.8,1.2,236,2026-10-04 15:35:00,PT5M,28.561,70.9705,50.8814,6.2406,0.0
233,234,0,234,25,0.14,94.8,1.2,239,2026-10-04 15:40:00,PT5M,27.11,68.9715,49.142,5.078,0.0
221,221,0,221,25,0.14,94.8,1.1,241,2026-10-04 15:45:00,PT5M,25.676,66.8925,47.3685,3.9835,0.0
208,209,0,209,25,0.14,94.8,1.1,244,2026-10-04 15:50:00,PT5M,24.257,64.7355,45.5611,2.9529,0.0
196,197,0,197,25,0.14,94.8,1.0,247,2026-10-04 15:55:00,PT5M,22.851,62.5095,43.7236,1.9784,0.0
184,185,0,185,25,0.14,94.8,1.0,251,2026-10-04 16:00:00,PT5M,21.457,60.2205,41.8585,1.0555,0.0
173,173,0,173,25,0.14,94.8,1.0,254,2026-10-04 16:05:00,PT5M,20.085,57.918,39.9968,0.1732,0.0
161,162,0,162,25,0.14,94.8,1.0,258,2026-10-04 16:10:00,PT5M,18.738,55.613,38.1456,0.0,0.0
150,151,0,151,25,0.14,94.8,0.9,262,2026-10-04 16:15:00,PT5M,17.708,52.3485,35.9395,0.0,0.0
139,140,0,140,25,0.14,94.8,0.9,266,2026-10-04 16:20:00,PT5M,16.574,48.826,33.5485,0.0,0.0
129,129,0,129,25,0.14,94.8,0.9,270,2026-10-04 16:25:00,PT5M,15.391,45.324,31.145,0.0,0.0
118,118,0,118,25,0.14,94.8,0.9,274,2026-10-04 16:30:00,PT5M,14.191,41.8195,28.7321,0.0,0.0
108,108,0,108,25,0.14,94.8,0.9,279,2026-10-04 16:35:00,PT5M,13.017,36.4105,25.3292,0.7048,0.0
98,99,0,99,25,0.14,94.8,0.9,283,2026-10-04 16:40:00,PT5M,11.845,32.9945,22.9761,0.7139,0.0
89,89,0,89,25,0.14,94.8,0.9,288,2026-10-04 16:45:00,PT5M,10.679,29.6265,20.6512,0.7068,0.0
80,80,0,80,25,0.14,94.8,0.9,293,2026-10-04 16:50:00,PT5M,9.531,26.337,18.3761,0.6859,0.0
71,71,0,71,25,0.14,94.8,1.0,297,2026-10-04 16:55:00,PT5M,8.39,23.031,16.0957,0.6843,0.0
62,62,0,62,25,0.14,94.8,1.0,301,2026-10-04 17:00:00,PT5M,7.276,19.7615,13.8472,0.7048,0.0
53,53,0,53,25,0.14,94.8,1.0,305,2026-10-04 17:05:00,PT5M,6.155,16.635,11.6707,0.6393,0.0
45,45,0,45,25,0.14,94.8,1.1,308,2026-10-04 17:10:00,PT5M,5.084,13.6785,9.6073,0.5607,0.0
37,37,0,37,25,0.14,94.8,1.1,312,2026-10-04 17:15:00,PT5M,4.151,11.013,7.7625,0.5395,0.0
30,30,0,30,25,0.14,94.8,1.2,315,2026-10-04 17:20:00,PT5M,3.275,8.478,6.0134,0.5366,0.0
24,24,0,24,25,0.14,94.8,1.2,318,2026-10-04 17:25:00,PT5M,2.416,6.1675,4.3904,0.4416,0.0
18,18,0,18,25,0.14,94.8,1.3,320,2026-10-04 17:30:00,PT5M,1.689,4.2805,3.0529,0.3251,0.0
13,13,0,13,25,0.14,94.8,1.3,322,2026-10-04 17:35:00,PT5M,1.062,2.7435,1.947,0.177,0.0
9,9,0,9,25,0.14,94.8,1.2,322,2026-10-04 17:40:00,PT5M,0.487,1.4995,1.0199,0.0,0.0
5,5,0,5,25,0.14,94.9,1.2,322,2026-10-04 17:45:00,PT5M,0.0,0.42,0.221,0.0,0.0
2,2,0,2,25,0.14,94.9,1.2,323,2026-10-04 17:50:00,PT5M,0.0,0.0,0.0,0.0,0.0
0,0,0,0,25,0.14,95.0,1.2,323,2026-10-04 17:55:00,PT5M,0.0,0.0,0.0,0.0,0.0
0,0,0,0,25,0.14,95.0,1.1,324,2026-10-04 18:00:00,PT5M,0.0,0.0,0.0,0.0,0.0
0,0,0,0,25,0.14,95.1,1.1,324,2026-10-04 18:05:00,PT5M,0.0,0.0,0.0,0.0,0.0
0,0,0,0,25,0.14,95.1,1.1,325,2026-10-04 18:10:00,PT5M,0.0,0.0,0.0,0.0,0.0
0,0,0,0,25,0.14,95.2,1.0,326,2026-10-04 18:15:00,PT5M,0.0,0.0,0.0,0.0,0.0
0,0,0,0,25,0.14,95.2,1.0,326,2026-10-04 18:20:00,PT5M,0.0,0.0,0.0,0.0,0.0
0,0,0,0,25,0.14,95.2,1.0,327,2026-10-04 18:25:00,PT5M,0.0,0.0,0.0,0.0,0.0
0,0,0,0,25,0.14,95.3,1.0,328,2026-10-04 18:30:00,PT5M,0.0,0.0,0.0,0.0,0.0
0,0,0,0,25,0.14,95.4,0.9,328,2026-10-04 18:35:00,PT5M,0.0,0.0,0.0,0.0,0.0
0,0,0,0,25,0.14,95.5,0.9,329,2026-10-04 18:40:00,PT5M,0.0,0.0,0.0,0.0,0.0
0,0,0,0,25,0.14,95.6,0.9,330,2026-10-04 18:45:00,PT5M,0.0,0.0,0.0,0.0,0.0
0,0,0,0,25,0.14,95.7,0.9,330,2026-10-04 18:50:00,PT5M,0.0,0.0,0.0,0.0,0.0
0,0,0,0,25,0.14,95.7,0.9,331,2026-10-04 18:55:00,PT5M,0.0,0.0,0.0,0.0,0.0
0,0,0,0,25,0.14,95.8,0.9,332,2026-10-04 19:00:00,PT5M,0.0,0.0,0.0,0.0,0.0
0,0,0,0,25,0.14,95.9,0.8,332,2026-10-04 19:05:00,PT5M,0.0,0.0,0.0,0.0,0.0
0,0,0,0,25,0.14,96.0,0.8,333,2026-10-04 19:10:00,PT5M,0.0,0.0,0.0,0.0,0.0
0,0,0,0,25,0.14,96.1,0.8,334,2026-10-04 19:15:00,PT5M,0.0,0.0,0.0,0.0,0.0
0,0,0,0,25,0.14,96.2,0.8,335,2026-10-04 19:20:00,PT5M,0.0,0.0,0.0,0.0,0.0
0,0,0,0,25,0.14,96.3,0.8,335,2026-10-04 19:25:00,PT5M,0.0,0.0,0.0,0.0,0.0
0,0,0,0,25,0.14,96.4,0.8,336,2026-10-04 19:30:00,PT5M,0.0,0.0,0.0,0.0,0.0
0,0,0,0,25,0.14,96.5,0.8,338,2026-10-04 19:35:00,PT5M,0.0,0.0,0.0,0.0,0.0
0,0,0,0,25,0.14,96.7,0.7,339,2026-10-04 19:40:00,PT5M,0.0,0.0,0.0,0.0,0.0
0,0,0,0,25,0.14,96.8,0.7,341,2026-10-04 19:45:00,PT5M,0.0,0.0,0.0,0.0,0.0
0,0,0,0,25,0.14,97.0,0.7,342,2026-10-04 19:50:00,PT5M,0.0,0.0,0.0,0.0,0.0
0,0,0,0,25,0.14,97.1,0.7,344,2026-10-04 19:55:00,PT5M,0.0,0.0,0.0,0.0,0.0
0,0,0,0,25,0.14,97.3,0.7,346,2026-10-04 20:00:00,PT5M,0.0,0.0,0.0,0.0,0.0
0,0,0,0,25,0.14,97.4,0.7,348,2026-10-04 20:05:00,PT5M,0.0,0.0,0.0,0.0,0.0
0,0,0,0,25,0.14,97.6,0.6,350,2026-10-04 20:10:00,PT5M,0.0,0.0,0.0,0.0,0.0
0,0,0,0,25,0.14,97.7,0.6,352,2026-10-04 20:15:00,PT5M,0.0,0.0,0.0,0.0,0.0
0,0,0,0,24,0.14,97.9,0.6,354,2026-10-04 20:20:00,PT5M,0.0,0.0,0.0,0.0,0.0
0,0,0,0,24,0.14,98.0,0.6,356,2026-10-04 20:25:00,PT5M,0.0,0.0,0.0,0.0,0.0
0,0,0,0,24,0.14,98.1,0.6,359,2026-10-04 20:30:00,PT5M,0.0,0.0,0.0,0.0,0.0
0,0,0,0,24,0.14,98.2,0.6,0,2026-10-04 20:35:00,PT5M,0.0,0.0,0.0,0.0,0.0
0,0,0,0,24,0.14,98.2,0.6,0,2026-10-04 20:40:00,PT5M,0.0,0.0,0.0,0.0,0.0
0,0,0,0,24,0.14,98.2,0.6,0,2026-10-04 20:45:00,PT5M,0.0,0.0,0.0,0.0,0.0
0,0,0,0,24,0.14,98.2,0.6,0,2026-10-04 20:50:00,PT5M,0.0,0.0,0.0,0.0,0.0
0,0,0,0,24,0.14,98.2,0.6,0,2026-10-04 20:55:00,PT5M,0.0,0.0,0.0,0.0,0.0
0,0,0,0,24,0.14,98.2,0.6,0,2026-10-04 21:00:00,PT5M,0.0,0.0,0.0,0.0,0.0
0,0,0,0,24,0.14,98.2,0.5,0,2026-10-04 21:05:00,PT5M,0.0,0.0,0.0,0.0,0.0
0,0,0,0,24,0.14,98.2,0.5,0,2026-10-04 21:10:00,PT5M,0.0,0.0,0.0,0.0,0.0
0,0,0,0,24,0.14,98.2,0.5,0,2026-10-04 21:15:00,PT5M,0.0,0.0,0.0,0.0,0.0
0,0,0,0,24,0.14,98.2,0.5,0,2026-10-04 21:20:00,PT5M,0.0,0.0,0.0,0.0,0.0
0,0,0,0,24,0.14,98.2,0.5,0,2026-10-04 21:25:00,PT5M,0.0,0.0,0.0,0.0,0.0
0,0,0,0,24,0.14,98.2,0.5,0,2026-10-04 21:30:00,PT5M,0.0,0.0,0.0,0.0,0.0
0,0,0,0,24,0.14,98.2,0.5,0,2026-10-04 21:35:00,PT5M,0.0,0.0,0.0,0.0,0.0
0,0,0,0,24,0.14,98.3,0.5,2,2026-10-04 21:40:00,PT5M,0.0,0.0,0.0,0.0,0.0
0,0,0,0,24,0.14,98.3,0.5,3,2026-10-04 21:45:00,PT5M,0.0,0.0,0.0,0.0,0.0
0,0,0,0,24,0.14,98.4,0.4,4,2026-10-04 21:50:00,PT5M,0.0,0.0,0.0,0.0,0.0
0,0,0,0,24,0.14,98.4,0.4,5,2026-10-04 21:55:00,PT5M,0.0,0.0,0.0,0.0,0.0
0,0,0,0,24,0.14,98.5,0.4,6,2026-10-04 22:00:00,PT5M,0.0,0.0,0.0,0.0,0.0
0,0,0,0,24,0.14,98.5,0.4,8,2026-10-04 22:05:00,PT5M,0.0,0.0,0.0,0.0,0.0
0,0,0,0,24,0.14,98.6,0.4,9,2026-10-04 22:10:00,PT5M,0.0,0.0,0.0,0.0,0.0
0,0,0,0,24,0.14,98.6,0.4,11,2026-10-04 22:15:00,PT5M,0.0,0.0,0.0,0.0,0.0
0,0,0,0,24,0.14,98.7,0.4,13,2026-10-04 22:20:00,PT5M,0.0,0.0,0.0,0.0,0.0
0,0,0,0,24,0.14,98.7,0.3,15,2026-10-04 22:25:00,PT5M,0.0,0.0,0.0,0.0,0.0
0,0,0,0,24,0.14,98.8,0.3,17,2026-10-04 22:30:00,PT5M,0.0,0.0,0.0,0.0,0.0
0,0,0,0,24,0.14,98.8,0.3,19,2026-10-04 22:35:00,PT5M,0.0,0.0,0.0,0.0,0.0
0,0,0,0,24,0.14,98.9,0.3,20,2026-10-04 22:40:00,PT5M,0.0,0.0,0.0,0.0,0.0
0,0,0,0,24,0.14,98.9,0.3,21,2026-10-04 22:45:00,PT5M,0.0,0.0,0.0,0.0,0.0
0,0,0,0,24,0.14,99.0,0.3,22,2026-10-04 22:50:00,PT5M,0.0,0.0,0.0,0.0,0.0
0,0,0,0,24,0.14,99.0,0.2,24,2026-10-04 22:55:00,PT5M,0.0,0.0,0.0,0.0,0.0
0,0,0,0,24,0.14,99.1,0.2,26,2026-10-04 23:00:00,PT5M,0.0,0.0,0.0,0.0,0.0
0,0,0,0,24,0.14,99.1,0.2,28,2026-10-04 23:05:00,PT5M,0.0,0.0,0.0,0.0,0.0
0,0,0,0,24,0.14,99.2,0.2,30,2026-10-04 23:10:00,PT5M,0.0,0.0,0.0,0.0,0.0
0,0,0,0,24,0.14,99.2,0.2,32,2026-10-04 23:15:00,PT5M,0.0,0.0,0.0,0.0,0.0
0,0,0,0,24,0.14,99.3,0.2,35,2026-10-04 23:20:00,PT5M,0.0,0.0,0.0,0.0,0.0
0,0,0,0,24,0.14,99.3,0.2,39,2026-10-04 23:25:00,PT5M,0.0,0.0,0.0,0.0,0.0
0,0,0,0,24,0.14,99.4,0.1,43,2026-10-04 23:30:00,PT5M,0.0,0.0,0.0,0.0,0.0
0,0,0,0,24,0.14,99.4,0.1,41,2026-10-04 23:35:00,PT5M,0.0,0.0,0.0,0.0,0.0
0,0,0,0,24,0.14,99.3,0.1,32,2026-10-04 23:40:00,PT5M,0.0,0.0,0.0,0.0,0.0
0,0,0,0,24,0.14,99.2,0.1,21,2026-10-04 23:45:00,PT5M,0.0,0.0,0.0,0.0,0.0
0,0,0,0,24,0.14,99.1,0.1,7,2026-10-04 23:50:00,PT5M,0.0,0.0,0.0,0.0,0.0
0,0,0,0,24,0.14,99.0,0.1,353,2026-10-04 23:55:00,PT5M,0.0,0.0,0.0,0.0,0.0
0,0,0,0,24,0.14,98.9,0.1,339,2026-10-05 00:00:00,PT5M,0.0,0.0,0.0,0.0,0.0
0,0,0,0,24,0.14,98.8,0.1,328,2026-10-05 00:05:00,PT5M,0.0,0.0,0.0,0.0,0.0
0,0,0,0,24,0.14,98.7,0.1,319,2026-10-05 00:10:00,PT5M,0.0,0.0,0.0,0.0,0.0
0,0,0,0,24,0.14,98.6,0.2,312,2026-10-05 00:15:00,PT5M,0.0,0.0,0.0,0.0,0.0
0,0,0,0,24,0.14,98.5,0.2,306,2026-10-05 00:20:00,PT5M,0.0,0.0,0.0,0.0,0.0
0,0,0,0,24,0.14,98.4,0.2,302,2026-10-05 00:25:00,PT5M,0.0,0.0,0.0,0.0,0.0
0,0,0,0,24,0.14,98.3,0.2,298,2026-10-05 00:30:00,PT5M,0.0,0.0,0.0,0.0,0.0
0,0,0,0,24,0.14,98.2,0.2,297,2026-10-05 00:35:00,PT5M,0.0,0.0,0.0,0.0,0.0
0,0,0,0,24,0.14,98.3,0.2,298,2026-10-05 00:40:00,PT5M,0.0,0.0,0.0,0.0,0.0
0,0,0,0,24,0.14,98.3,0.3,299,2026-10-05 00:45:00,PT5M,0.0,0.0,0.0,0.0,0.0
0,0,0,0,24,0.14,98.4,0.3,299,2026-10-05 00:50:00,PT5M,0.0,0.0,0.0,0.0,0.0
0,0,0,0,24,0.14,98.4,0.3,300,2026-10-05 00:55:00,PT5M,0.0,0.0,0.0,0.0,0.0
0,0,0,0,24,0.14,98.5,0.3,301,2026-10-05 01:00:00,PT5M,0.0,0.0,0.0,0.0,0.0
0,0,0,0,24,0.14,98.5,0.3,301,2026-10-05 01:05:00,PT5M,0.0,0.0,0.0,0.0,0.0
0,0,0,0,24,0.14,98.6,0.3,302,2026-10-05 01:10:00,PT5M,0.0,0.0,0.0,0.0,0.0
0,0,0,0,24,0.14,98.6,0.3,302,2026-10-05 01:15:00,PT5M,0.0,0.0,0.0,0.0,0.0
0,0,0,0,24,0.14,98.7,0.3,303,2026-10-05 01:20:00,PT5M,0.0,0.0,0.0,0.0,0.0
0,0,0,0,24,0.14,98.7,0.3,303,2026-10-05 01:25:00,PT5M,0.0,0.0,0.0,0.0,0.0
0,0,0,0,24,0.14,98.8,0.4,304,2026-10-05 01:30:00,PT5M,0.0,0.0,0.0,0.0,0.0
0,0,0,0,24,0.14,98.8,0.4,304,2026-10-05 01:35:00,PT5M,0.0,0.0,0.0,0.0,0.0
0,0,0,0,24,0.14,98.8,0.4,304,2026-10-05 01:40:00,PT5M,0.0,0.0,0.0,0.0,0.0
0,0,0,0,24,0.14,98.8,0.4,304,2026-10-05 01:45:00,PT5M,0.0,0.0,0.0,0.0,0.0
0,0,0,0,24,0.14,98.8,0.4,304,2026-10-05 01:50:00,PT5M,0.0,0.0,0.0,0.0,0.0
0,0,0,0,24,0.14,98.8,0.4,304,2026-10-05 01:55:00,PT5M,0.0,0.0,0.0,0.0,0.0
0,0,0,0,24,0.14,98.8,0.4,304,2026-10-05 02:00:00,PT5M,0.0,0.0,0.0,0.0,0.0
0,0,0,0,24,0.14,98.8,0.4,304,2026-10-05 02:05:00,PT5M,0.0,0.0,0.0,0.0,0.0
0,0,0,0,24,0.14,98.8,0.4,304,2026-10-05 02:10:00,PT5M,0.0,0.0,0.0,0.0,0.0
0,0,0,0,24,0.14,98.8,0.4,304,2026-10-05 02:15:00,PT5M,0.0,0.0,0.0,0.0,0.0
0,0,0,0,24,0.14,98.8,0.4,304,2026-10-05 02:20:00,PT5M,0.0,0.0,0.0,0.0,0.0
0,0,0,0,24,0.14,98.8,0.4,304,2026-10-05 02:25:00,PT5M,0.0,0.0,0.0,0.0,0.0
0,0,0,0,24,0.14,98.8,0.4,304,2026-10-05 02:30:00,PT5M,0.0,0.0,0.0,0.0,0.0
0,0,0,0,24,0.14,98.8,0.4,304,2026-10-05 02:35:00,PT5M,0.0,0.0,0.0,0.0,0.0
0,0,0,0,24,0.14,98.8,0.4,304,2026-10-05 02:40:00,PT5M,0.0,0.0,0.0,0.0,0.0
0,0,0,0,24,0.14,98.8,0.4,305,2026-10-05 02:45:00,PT5M,0.0,0.0,0.0,0.0,0.0
0,0,0,0,24,0.14,98.8,0.4,305,2026-10-05 02:50:00,PT5M,0.0,0.0,0.0,0.0,0.0
0,0,0,0,24,0.14,98.8,0.4,305,2026-10-05 02:55:00,PT5M,0.0,0.0,0.0,0.0,0.0
0,0,0,0,24,0.14,98.8,0.4,305,2026-10-05 03:00:00,PT5M,0.0,0.0,0.0,0.0,0.0
0,0,0,0,24,0.14,98.8,0.4,306,2026-10-05 03:05:00,PT5M,0.0,0.0,0.0,0.0,0.0
0,0,0,0,24,0.14,98.8,0.4,306,2026-10-05 03:10:00,PT5M,0.0,0.0,0.0,0.0,0.0
0,0,0,0,24,0.14,98.8,0.5,306,2026-10-05 03:15:00,PT5M,0.0,0.0,0.0,0.0,0.0
0,0,0,0,24,0.14,98.8,0.5,306,2026-10-05 03:20:00,PT5M,0.0,0.0,0.0,0.0,0.0
0,0,0,0,24,0.14,98.8,0.5,307,2026-10-05 03:25:00,PT5M,0.0,0.0,0.0,0.0,0.0
0,0,0,0,24,0.14,98.8,0.5,307,2026-10-05 03:30:00,PT5M,0.0,0.0,0.0,0.0,0.0
0,0,0,0,24,0.14,98.8,0.5,307,2026-10-05 03:35:00,PT5M,0.0,0.0,0.0,0.0,0.0
0,0,0,0,24,0.14,98.8,0.5,307,2026-10-05 03:40:00,PT5M,0.0,0.0,0.0,0.0,0.0
0,0,0,0,24,0.14,98.8,0.5,307,2026-10-05 03:45:00,PT5M,0.0,0.0,0.0,0.0,0.0
0,0,0,0,24,0.14,98.8,0.5,307,2026-10-05 03:50:00,PT5M,0.0,0.0,0.0,0.0,0.0
0,0,0,0,24,0.14,98.8,0.6,308,2026-10-05 03:55:00,PT5M,0.0,0.0,0.0,0.0,0.0
0,0,0,0,24,0.14,98.8,0.6,308,2026-10-05 04:00:00,PT5M,0.0,0.0,0.0,0.0,0.0
0,0,0,0,23,0.14,98.8,0.6,308,2026-10-05 04:05:00,PT5M,0.0,0.0,0.0,0.0,0.0
0,0,0,0,23,0.14,98.8,0.6,308,2026-10-05 04:10:00,PT5M,0.0,0.0,0.0,0.0,0.0
0,0,0,0,23,0.14,98.8,0.6,308,2026-10-05 04:15:00,PT5M,0.0,0.0,0.0,0.0,0.0
0,0,0,0,23,0.14,98.8,0.6,308,2026-10-05 04:20:00,PT5M,0.0,0.0,0.0,0.0,0.0
0,0,0,0,23,0.14,98.8,0.6,308,2026-10-05 04:25:00,PT5M,0.0,0.0,0.0,0.0,0.0
0,0,0,0,23,0.14,98.8,0.6,309,2026-10-05 04:30:00,PT5M,0.0,0.0,0.0,0.0,0.0
0,0,0,0,23,0.14,98.8,0.6,309,2026-10-05 04:35:00,PT5M,0.0,0.0,0.0,0.0,0.0
0,0,0,0,23,0.14,98.8,0.6,309,2026-10-05 04:40:00,PT5M,0.0,0.0,0.0,0.0,0.0
0,0,0,0,23,0.14,98.8,0.6,309,2026-10-05 04:45:00,PT5M,0.0,0.0,0.0,0.0,0.0
0,0,0,0,23,0.14,98.8,0.6,309,2026-10-05 04:50:00,PT5M,0.0,0.0,0.0,0.0,0.0
0,0,0,0,23,0.14,98.8,0.6,309,2026-10-05 04:55:00,PT5M,0.0,0.0,0.0,0.0,0.0
0,0,0,0,23,0.14,98.8,0.6,309,2026-10-05 05:00:00,PT5M,0.0,0.0,0.0,0.0,0.0
0,0,0,0,23,0.14,98.8,0.6,309,2026-10-05 05:05:00,PT5M,0.0,0.0,0.0,0.0,0.0
0,0,0,0,23,0.14,98.8,0.6,309,2026-10-05 05:10:00,PT5M,0.0,0.0,0.0,0.0,0.0
0,0,0,0,23,0.14,98.8,0.6,309,2026-10-05 05:15:00,PT5M,0.0,0.0,0.0,0.0,0.0
0,0,0,0,23,0.14,98.8,0.6,309,2026-10-05 05:20:00,PT5M,0.0,0.0,0.0,0.0,0.0
0,0,0,0,23,0.14,98.8,0.6,309,2026-10-05 05:25:00,PT5M,0.0,0.0,0.0,0.0,0.0
0,0,0,0,23,0.14,98.8,0.6,309,2026-10-05 05:30:00,PT5M,0.0,0.0,0.0,0.0,0.0
0,0,0,0,23,0.14,98.6,0.6,309,2026-10-05 05:35:00,PT5M,0.0,0.0,0.0,0.0,0.0
0,0,0,0,23,0.14,98.1,0.6,310,2026-10-05 05:40:00,PT5M,0.0,0.0,0.0,0.0,0.0
0,0,0,0,24,0.14,97.6,0.6,311,2026-10-05 05:45:00,PT5M,0.0,0.0,0.0,0.0,0.0
0,0,0,0,24,0.14,97.1,0.6,312,2026-10-05 05:50:00,PT5M,0.0,0.0,0.0,0.0,0.0
0,0,0,0,24,0.14,96.6,0.6,313,2026-10-05 05:55:00,PT5M,0.0,0.0,0.0,0.0,0.0
2,2,0,2,24,0.14,96.1,0.6,314,2026-10-05 06:00:00,PT5M,0.0,0.0,0.0,0.0,0.0
6,6,0,6,24,0.14,95.6,0.6,316,2026-10-05 06:05:00,PT5M,0.119,0.6595,0.4035,0.0,0.0
11,11,0,11,24,0.14,95.2,0.5,317,2026-10-05 06:10:00,PT5M,0.756,2.065,1.4449,0.0671,0.0
16,16,0,16,24,0.14,94.7,0.5,318,2026-10-05 06:15:00,PT5M,1.45,3.892,2.7352,0.1648,0.0
22,22,0,22,24,0.14,94.2,0.5,319,2026-10-05 06:20:00,PT5M,2.19,6.0725,4.2334,0.1466,0.0
29,29,0,29,24,0.14,93.7,0.5,321,2026-10-05 06:25:00,PT5M,3.019,8.483,5.8947,0.1433,0.0
36,36,0,36,24,0.14,93.3,0.5,322,2026-10-05 06:30:00,PT5M,3.993,11.2675,7.8216,0.1644,0.0
44,44,0,44,25,0.14,92.8,0.5,324,2026-10-05 06:35:00,PT5M,5.025,14.1835,9.8452,0.2048,0.0
53,54,0,54,25,0.14,92.2,0.5,325,2026-10-05 06:40:00,PT5M,6.179,17.1755,11.9665,0.3915,0.0
64,64,0,64,25,0.14,91.7,0.5,326,2026-10-05 06:45:00,PT5M,7.51,20.352,14.2688,0.7512,0.0
75,75,0,75,25,0.14,91.1,0.4,327,2026-10-05 06:50:00,PT5M,8.939,23.636,16.6741,1.2039,0.0
86,87,0,87,25,0.14,90.6,0.4,328,2026-10-05 06:55:00,PT5M,10.382,26.9735,19.1142,1.6498,0.0
99,99,0,99,25,0.14,90.0,0.4,330,2026-10-05 07:00:00,PT5M,11.885,30.452,21.6569,2.1131,0.0
111,112,0,112,25,0.14,89.5,0.4,331,2026-10-05 07:05:00,PT5M,13.449,34.1045,24.3201,2.5779,0.0
125,125,0,125,25,0.14,89.0,0.4,333,2026-10-05 07:10:00,PT5M,15.094,37.924,27.1096,3.0784,0.0
139,139,0,139,25,0.14,88.4,0.4,334,2026-10-05 07:15:00,PT5M,16.783,41.796,29.9475,3.6185,0.0
154,154,3,153,26,0.14,87.9,0.4,336,2026-10-05 07:20:00,PT5M,18.637,45.8235,32.9454,4.3286,0.0
169,169,17,163,26,0.14,87.4,0.3,338,2026-10-05 07:25:00,PT5M,21.397,50.7505,36.846,5.948,0.0
185,185,33,172,26,0.14,86.9,0.3,340,2026-10-05 07:30:00,PT5M,24.13,55.7035,40.7474,7.5126,0.0
200,200,44,182,26,0.14,86.4,0.3,344,2026-10-05 07:35:00,PT5M,26.666,60.4815,44.4633,8.8687,0.0
213,213,52,191,26,0.14,85.9,0.3,348,2026-10-05 07:40:00,PT5M,28.593,64.714,47.6037,9.5823,0.0
226,226,59,199,26,0.14,85.4,0.3,353,2026-10-05 07:45:00,PT5M,30.618,67.617,50.0908,11.1452,0.0
240,239,66,208,26,0.14,84.9,0.3,358,2026-10-05 07:50:00,PT5M,32.598,70.419,52.5035,12.6925,0.0
253,252,73,217,26,0.14,84.4,0.3,2,2026-10-05 07:55:00,PT5M,34.528,73.111,54.8345,14.2215,0.0
266,265,79,225,26,0.14,83.9,0.3,7,2026-10-05 08:00:00,PT5M,36.405,75.685,57.0783,15.7317,0.0
279,279,86,233,27,0.14,83.4,0.3,12,2026-10-05 08:05:00,PT5M,38.249,78.1645,59.2568,17.2412,0.0
293,292,93,241,27,0.14,82.9,0.3,16,2026-10-05 08:10:00,PT5M,40.058,80.5365,61.3621,18.7539,0.0
306,305,100,249,27,0.14,82.4,0.3,21,2026-10-05 08:15:00,PT5M,41.807,82.7565,63.359,20.255,0.8575
319,318,106,257,27,0.14,81.9,0.3,25,2026-10-05 08:20:00,PT5M,43.517,84.8315,65.2611,21.7729,2.2025
332,331,112,264,27,0.14,81.4,0.3,28,2026-10-05 08:25:00,PT5M,45.185,86.783,67.0783,23.2917,3.587
345,344,118,272,27,0.14,81.0,0.4,32,2026-10-05 08:30:00,PT5M,46.571,88.4015,68.5867,24.5553,4.7405
358,357,124,279,27,0.14,80.5,0.4,36,2026-10-05 08:35:00,PT5M,48.077,90.121,70.2051,25.9489,6.033
370,369,129,286,27,0.14,80.0,0.4,40,2026-10-05 08:40:00,PT5M,49.472,91.727,71.7111,27.2329,7.217
382,381,133,292,27,0.14,79.5,0.4,43,2026-10-05 08:45:00,PT5M,50.811,93.253,73.1485,28.4735,8.369
394,392,138,299,28,0.14,79.1,0.4,47,2026-10-05 08:50:00,PT5M,52.108,94.7135,74.5316,29.6844,9.5025
406,404,142,306,28,0.14,78.6,0.4,50,2026-10-05 08:55:00,PT5M,53.365,96.111,75.8625,30.8675,10.619
417,415,146,312,28,0.14,78.2,0.4,53,2026-10-05 09:00:00,PT5M,54.587,97.4535,77.1479,32.0261,11.7205
429,427,151,318,28,0.14,77.7,0.4,56,2026-10-05 09:05:00,PT5M,55.836,98.7905,78.4433,33.2287,12.8815
441,439,155,324,28,0.14,77.3,0.5,58,2026-10-05 09:10:00,PT5M,57.033,100.0,79.6708,34.3952,14.0205
452,450,159,330,28,0.14,76.8,0.5,61,2026-10-05 09:15:00,PT5M,58.195,100.0,80.7125,35.6775,15.411
463,461,164,336,28,0.14,76.4,0.5,63,2026-10-05 09:20:00,PT5M,59.323,100.0,81.7211,36.9249,16.766
474,472,168,341,28,0.14,75.9,0.5,65,2026-10-05 09:25:00,PT5M,60.417,100.0,82.7043,38.1297,18.0705
485,482,172,346,28,0.14,75.5,0.5,67,2026-10-05 09:30:00,PT5M,61.478,100.0,83.6592,39.2968,19.333
495,493,176,352,28,0.14,75.1,0.5,69,2026-10-05 09:35:00,PT5M,62.506,100.0,84.5683,40.4437,20.587
505,503,180,356,29,0.14,74.7,0.6,69,2026-10-05 09:40:00,PT5M,63.502,100.0,85.4314,41.5726,21.8355
515,513,183,361,29,0.14,74.3,0.6,70,2026-10-05 09:45:00,PT5M,64.436,100.0,86.2343,42.6377,23.0185
525,522,186,366,29,0.14,73.9,0.6,70,2026-10-05 09:50:00,PT5M,65.326,100.0,86.9946,43.6574,24.155
534,531,190,370,29,0.14,73.5,0.6,71,2026-10-05 09:55:00,PT5M,66.182,100.0,87.7222,44.6418,25.255
543,540,193,374,29,0.14,73.1,0.6,71,2026-10-05 10:00:00,PT5M,67.001,100.0,88.4149,45.5871,26.314
552,549,196,378,29,0.14,72.7,0.6,72,2026-10-05 10:05:00,PT5M,67.795,100.0,89.0836,46.5064,27.346
560,557,199,382,29,0.14,72.3,0.7,72,2026-10-05 10:10:00,PT5M,68.566,100.0,89.7304,47.4016,28.353
569,566,203,385,29,0.14,72.0,0.7,73,2026-10-05 10:15:00,PT5M,69.303,100.0,90.3445,48.2615,29.3235
577,574,206,388,29,0.14,71.6,0.7,73,2026-10-05 10:20:00,PT5M,70.008,100.0,90.9279,49.0881,30.2595
584,581,209,391,29,0.14,71.2,0.7,73,2026-10-05 10:25:00,PT5M,70.683,100.0,91.4824,49.8836,31.1635
592,588,213,394,30,0.14,70.8,0.7,74,2026-10-05 10:30:00,PT5M,71.367,100.0,92.0469,50.6871,32.0745
598,595,215,397,30,0.14,70.5,0.7,75,2026-10-05 10:35:00,PT5M,71.927,100.0,92.5069,51.3471,32.8245
604,601,217,399,30,0.14,70.1,0.8,76,2026-10-05 10:40:00,PT5M,72.397,100.0,92.8975,51.8965,33.4455
610,606,218,402,30,0.14,69.7,0.8,77,2026-10-05 10:45:00,PT5M,72.832,100.0,93.2564,52.4076,34.025
615,611,220,404,30,0.14,69.4,0.8,78,2026-10-05 10:50:00,PT5M,73.228,100.0,93.5814,52.8746,34.556
620,616,221,406,30,0.14,69.0,0.8,79,2026-10-05 10:55:00,PT5M,73.555,100.0,93.8499,53.2601,34.994
624,621,223,408,30,0.14,68.6,0.9,80,2026-10-05 11:00:00,PT5M,73.87,100.0,94.1047,53.6353,35.4235
628,625,224,410,30,0.14,68.3,0.9,80,2026-10-05 11:05:00,PT5M,74.179,100.0,94.3487,54.0093,35.856
632,628,225,412,30,0.14,67.9,0.9,81,2026-10-05 11:10:00,PT5M,74.448,100.0,94.5569,54.3391,36.2405
635,632,226,413,31,0.14,67.6,0.9,82,2026-10-05 11:15:00,PT5M,74.666,100.0,94.7233,54.6087,36.5565
638,635,226,415,31,0.14,67.2,0.9,83,2026-10-05 11:20:00,PT5M,74.849,100.0,94.8589,54.8391,36.8295
641,637,227,416,31,0.14,66.9,1.0,83,2026-10-05 11:25:00,PT5M,74.999,100.0,94.9653,55.0327,37.0625
643,639,228,417,31,0.14,66.5,1.0,84,2026-10-05 11:30:00,PT5M,75.119,100.0,95.045,55.193,37.259
645,641,228,418,31,0.14,66.5,1.0,84,2026-10-05 11:35:00,PT5M,75.227,100.0,95.1343,55.3197,37.4025
646,642,228,418,31,0.14,66.8,1.0,83,2026-10-05 11:40:00,PT5M,75.323,100.0,95.234,55.412,37.4915
647,643,229,419,31,0.14,67.2,0.9,81,2026-10-05 11:45:00,PT5M,75.384,100.0,95.3026,55.4654,37.538
648,644,229,419,31,0.14,67.5,0.9,80,2026-10-05 11:50:00,PT5M,75.412,100.0,95.3427,55.4813,37.543
648,644,229,419,31,0.14,67.8,0.9,79,2026-10-05 11:55:00,PT5M,75.406,100.0,95.353,55.459,37.506
648,644,229,419,30,0.14,68.1,0.9,77,2026-10-05 12:00:00,PT5M,75.448,100.0,95.4153,55.4807,37.5095
647,643,228,419,30,0.14,68.4,0.9,76,2026-10-05 12:05:00,PT5M,75.444,100.0,95.4371,55.4509,37.4565
646,642,227,419,30,0.14,68.8,0.8,75,2026-10-05 12:10:00,PT5M,75.394,100.0,95.4179,55.3701,37.348
644,640,226,419,30,0.14,69.1,0.8,73,2026-10-05 12:15:00,PT5M,75.309,100.0,95.3679,55.2501,37.1965
642,638,225,419,30,0.14,69.4,0.8,71,2026-10-05 12:20:00,PT5M,75.191,100.0,95.2886,55.0934,37.005
639,636,223,419,30,0.14,69.8,0.8,70,2026-10-05 12:25:00,PT5M,75.039,100.0,95.1789,54.8991,36.7725
637,633,222,418,30,0.14,70.1,0.8,68,2026-10-05 12:30:00,PT5M,74.855,100.0,95.0405,54.6695,36.502
633,629,219,417,30,0.14,70.4,0.7,66,2026-10-05 12:35:00,PT5M,74.529,100.0,94.7734,54.2846,36.064
627,624,215,417,30,0.14,70.8,0.7,63,2026-10-05 12:40:00,PT5M,74.056,100.0,94.3725,53.7395,35.454
621,618,210,416,30,0.14,71.1,0.7,61,2026-10-05 12:45:00,PT5M,73.524,100.0,93.9216,53.1264,34.768
615,612,206,416,30,0.14,71.5,0.7,58,2026-10-05 12:50:00,PT5M,72.947,100.0,93.4288,52.4652,34.031
608,605,201,415,30,0.14,71.8,0.7,56,2026-10-05 12:55:00,PT5M,72.378,100.0,92.9385,51.8175,33.3125
602,599,197,413,29,0.14,72.2,0.6,53,2026-10-05 13:00:00,PT5M,71.798,100.0,92.435,51.161,32.587
595,592,192,412,29,0.14,72.5,0.6,50,2026-10-05 13:05:00,PT5M,71.147,100.0,91.8719,50.4221,31.769
587,584,188,410,29,0.14,72.9,0.6,47,2026-10-05 13:10:00,PT5M,70.46,100.0,91.2765,49.6435,30.908
580,577,184,407,29,0.14,73.2,0.6,43,2026-10-05 13:15:00,PT5M,69.735,100.0,90.646,48.824,30.0035
572,569,180,405,29,0.14,73.6,0.6,40,2026-10-05 13:20:00,PT5M,68.977,100.0,89.9843,47.9697,29.0625
564,561,175,402,29,0.14,73.9,0.6,36,2026-10-05 13:25:00,PT5M,68.188,100.0,89.2934,47.0826,28.087
555,553,171,399,29,0.14,74.3,0.6,33,2026-10-05 13:30:00,PT5M,67.371,100.0,88.5757,46.1663,27.0815
546,544,166,396,29,0.14,74.7,0.6,29,2026-10-05 13:35:00,PT5M,66.466,100.0,87.7717,45.1603,25.9845
537,534,161,393,29,0.14,75.1,0.6,27,2026-10-05 13:40:00,PT5M,65.471,100.0,86.8793,44.0627,24.7945
527,524,155,390,29,0.14,75.5,0.6,24,2026-10-05 13:45:00,PT5M,64.441,100.0,85.9538,42.9282,23.566
516,514,149,386,29,0.14,76.0,0.6,21,2026-10-05 13:50:00,PT5M,63.374,100.0,84.9931,41.7549,22.297
506,504,144,382,29,0.14,76.4,0.6,18,2026-10-05 13:55:00,PT5M,62.27,100.0,83.9973,40.5427,20.9875
495,494,138,378,28,0.14,76.9,0.6,15,2026-10-05 14:00:00,PT5M,61.125,100.0,82.9633,39.2867,19.6315
485,483,133,373,28,0.14,77.3,0.6,13,2026-10-05 14:05:00,PT5M,59.953,100.0,81.9034,38.0026,18.2465
474,472,127,368,28,0.14,77.8,0.6,10,2026-10-05 14:10:00,PT5M,58.743,100.0,80.8074,36.6786,16.82
462,461,122,363,28,0.14,78.2,0.6,8,2026-10-05 14:15:00,PT5M,57.475,99.6185,79.6554,35.2946,15.3315
451,450,116,358,28,0.14,78.7,0.7,5,2026-10-05 14:20:00,PT5M,56.174,98.54,78.4715,33.8765,13.808
440,438,111,352,28,0.14,79.1,0.7,3,2026-10-05 14:25:00,PT5M,54.84,97.43,77.2554,32.4246,12.25
428,427,105,347,28,0.14,79.6,0.7,1,2026-10-05 14:30:00,PT5M,53.646,96.4755,76.1875,31.1045,10.8165
416,415,99,341,28,0.14,80.0,0.7,359,2026-10-05 14:35:00,PT5M,52.253,95.292,74.9047,29.6013,9.214
404,403,94,334,28,0.14,80.4,0.7,357,2026-10-05 14:40:00,PT5M,50.823,93.8325,73.4592,28.1868,7.8135
392,391,88,328,28,0.14,80.8,0.7,355,2026-10-05 14:45:00,PT5M,49.36,92.3215,71.9709,26.7491,6.3985
380,379,82,321,28,0.14,81.2,0.8,353,2026-10-05 14:50:00,PT5M,47.868,90.761,70.4429,25.2931,4.975
368,368,77,314,27,0.14,81.6,0.8,352,2026-10-05 14:55:00,PT5M,46.411,89.2085,68.9356,23.8864,3.6135
356,356,72,307,27,0.14,82.0,0.8,350,2026-10-05 15:00:00,PT5M,44.92,87.5995,67.3825,22.4575,2.2405
344,344,67,300,27,0.14,82.4,0.8,349,2026-10-05 15:05:00,PT5M,43.411,85.9565,65.803,21.019,0.8655
333,332,62,292,27,0.14,82.8,0.8,347,2026-10-05 15:10:00,PT5M,41.884,84.273,64.1936,19.5744,0.0
321,320,57,284,27,0.14,83.2,0.9,346,2026-10-05 15:15:00,PT5M,40.308,82.5135,62.5211,18.0949,0.0
308,308,52,276,27,0.14,83.6,0.9,345,2026-10-05 15:20:00,PT5M,38.694,80.683,60.7931,16.5949,0.0
296,296,47,268,27,0.14,84.0,0.9,343,2026-10-05 15:25:00,PT5M,37.044,78.778,59.0089,15.0791,0.0
284,284,42,260,27,0.14,84.5,0.9,342,2026-10-05 15:30:00,PT5M,35.359,76.792,57.1655,13.5525,0.0
272,272,37,251,27,0.14,84.9,1.0,341,2026-10-05 15:35:00,PT5M,33.663,74.7205,55.2719,12.0541,0.0
260,260,32,243,27,0.14,85.2,1.0,340,2026-10-05 15:40:00,PT5M,32.311,72.893,53.6696,10.9524,0.0
248,248,26,234,27,0.14,85.6,1.0,339,2026-10-05 15:45:00,PT5M,30.57,70.5905,51.6331,9.5069,0.0
235,236,21,225,27,0.14,86.0,1.0,338,2026-10-05 15:50:00,PT5M,28.798,68.1765,49.5232,8.0728,0.0
223,224,15,216,26,0.14,86.4,1.1,337,2026-10-05 15:55:00,PT5M,26.994,65.6605,47.3445,6.6435,0.0
211,211,9,207,26,0.14,86.7,1.1,336,2026-10-05 16:00:00,PT5M,25.156,63.048,45.0988,5.2132,0.0
199,199,4,198,26,0.14,87.1,1.1,335,2026-10-05 16:05:00,PT5M,23.267,60.3135,42.7648,3.7692,0.0
187,187,0,187,26,0.14,87.5,1.1,335,2026-10-05 16:10:00,PT5M,21.563,57.694,40.579,2.547,0.0
175,175,0,175,26,0.14,87.9,1.2,334,2026-10-05 16:15:00,PT5M,20.553,54.3295,38.3298,2.7762,0.0
163,164,0,164,26,0.14,88.3,1.2,333,2026-10-05 16:20:00,PT5M,19.368,50.829,35.9261,2.8099,0.0
152,152,0,152,26,0.14,88.7,1.2,332,2026-10-05 16:25:00,PT5M,18.113,47.2375,33.4414,2.7846,0.0
140,140,0,140,26,0.14,89.1,1.2,332,2026-10-05 16:30:00,PT5M,16.823,43.6805,30.9583,2.6877,0.0
129,130,0,130,26,0.14,89.5,1.3,331,2026-10-05 16:35:00,PT5M,15.569,40.1565,28.5096,2.6284,0.0
119,119,0,119,26,0.14,90.1,1.3,330,2026-10-05 16:40:00,PT5M,14.319,36.635,26.0641,2.5739,0.0
108,109,0,109,26,0.14,90.6,1.3,330,2026-10-05 16:45:00,PT5M,13.054,33.1285,23.6194,2.4886,0.0
98,98,0,98,26,0.14,91.2,1.3,329,2026-10-05 16:50:00,PT5M,11.789,29.671,21.2004,2.3776,0.0
88,88,0,88,25,0.14,91.7,1.4,329,2026-10-05 16:55:00,PT5M,10.499,26.274,18.8015,2.1965,0.0
77,77,0,77,25,0.14,92.2,1.4,328,2026-10-05 17:00:00,PT5M,9.226,23.005,16.478,1.974,0.0
67,67,0,67,25,0.14,92.8,1.4,328,2026-10-05 17:05:00,PT5M,7.913,19.7805,14.159,1.667,0.0
57,57,0,57,25,0.14,93.4,1.5,327,2026-10-05 17:10:00,PT5M,6.658,16.668,11.9263,1.3897,0.0
48,48,0,48,25,0.14,93.9,1.5,327,2026-10-05 17:15:00,PT5M,5.54,13.734,9.8526,1.2274,0.0
39,39,0,39,25,0.14,94.5,1.5,326,2026-10-05 17:20:00,PT5M,4.452,10.8985,7.8448,1.0592,0.0
31,31,0,31,25,0.14,95.0,1.5,326,2026-10-05 17:25:00,PT5M,3.371,8.168,5.8957,0.8463,0.0
24,24,0,24,25,0.14,95.6,1.6,326,2026-10-05 17:30:00,PT5M,2.451,5.875,4.2531,0.6489,0.0
17,17,0,17,25,0.14,95.9,1.6,325,2026-10-05 17:35:00,PT5M,1.628,3.7675,2.754,0.502,0.0
11,12,0,12,25,0.14,95.9,1.6,325,2026-10-05 17:40:00,PT5M,0.856,2.0005,1.4584,0.2536,0.0
6,6,0,6,25,0.14,95.9,1.5,324,2026-10-05 17:45:00,PT5M,0.149,0.5955,0.384,0.0,0.0
2,2,0,2,25,0.14,95.9,1.5,324,2026-10-05 17:50:00,PT5M,0.0,0.0,0.0,0.0,0.0
0,0,0,0,25,0.14,95.9,1.5,324,2026-10-05 17:55:00,PT5M,0.0,0.0,0.0,0.0,0.0
0,0,0,0,25,0.14,95.9,1.5,323,2026-10-05 18:00:00,PT5M,0.0,0.0,0.0,0.0,0.0
0,0,0,0,25,0.14,95.9,1.5,323,2026-10-05 18:05:00,PT5M,0.0,0.0,0.0,0.0,0.0
0,0,0,0,25,0.14,95.9,1.5,323,2026-10-05 18:10:00,PT5M,0.0,0.0,0.0,0.0,0.0
0,0,0,0,25,0.14,95.9,1.5,322,2026-10-05 18:15:00,PT5M,0.0,0.0,0.0,0.0,0.0
0,0,0,0,25,0.14,95.9,1.5,322,2026-10-05 18:20:00,PT5M,0.0,0.0,0.0,0.0,0.0
0,0,0,0,25,0.14,95.9,1.4,321,2026-10-05 18:25:00,PT5M,0.0,0.0,0.0,0.0,0.0
0,0,0,0,25,0.14,95.9,1.4,321,2026-10-05 18:30:00,PT5M,0.0,0.0,0.0,0.0,0.0
0,0,0,0,25,0.14,95.9,1.4,321,2026-10-05 18:35:00,PT5M,0.0,0.0,0.0,0.0,0.0
0,0,0,0,25,0.14,96.0,1.4,320,2026-10-05 18:40:00,PT5M,0.0,0.0,0.0,0.0,0.0
0,0,0,0,25,0.14,96.0,1.4,320,2026-10-05 18:45:00,PT5M,0.0,0.0,0.0,0.0,0.0
0,0,0,0,25,0.14,96.1,1.4,320,2026-10-05 18:50:00,PT5M,0.0,0.0,0.0,0.0,0.0
0,0,0,0,25,0.14,96.1,1.3,320,2026-10-05 18:55:00,PT5M,0.0,0.0,0.0,0.0,0.0
0,0,0,0,25,0.14,96.2,1.3,320,2026-10-05 19:00:00,PT5M,0.0,0.0,0.0,0.0,0.0
0,0,0,0,25,0.14,96.2,1.3,320,2026-10-05 19:05:00,PT5M,0.0,0.0,0.0,0.0,0.0
0,0,0,0,25,0.14,96.2,1.3,319,2026-10-05 19:10:00,PT5M,0.0,0.0,0.0,0.0,0.0
0,0,0,0,25,0.14,96.3,1.3,319,2026-10-05 19:15:00,PT5M,0.0,0.0,0.0,0.0,0.0
0,0,0,0,24,0.14,96.3,1.2,319,2026-10-05 19:20:00,PT5M,0.0,0.0,0.0,0.0,0.0
0,0,0,0,24,0.14,96.4,1.2,319,2026-10-05 19:25:00,PT5M,0.0,0.0,0.0,0.0,0.0
0,0,0,0,24,0.14,96.4,1.2,318,2026-10-05 19:30:00,PT5M,0.0,0.0,0.0,0.0,0.0
0,0,0,0,24,0.14,96.5,1.2,318,2026-10-05 19:35:00,PT5M,0.0,0.0,0.0,0.0,0.0
0,0,0,0,24,0.14,96.6,1.2,318,2026-10-05 19:40:00,PT5M,0.0,0.0,0.0,0.0,0.0
0,0,0,0,24,0.14,96.7,1.2,317,2026-10-05 19:45:00,PT5M,0.0,0.0,0.0,0.0,0.0
0,0,0,0,24,0.14,96.8,1.2,316,2026-10-05 19:50:00,PT5M,0.0,0.0,0.0,0.0,0.0
0,0,0,0,24,0.14,96.9,1.1,316,2026-10-05 19:55:00,PT5M,0.0,0.0,0.0,0.0,0.0
0,0,0,0,24,0.14,97.0,1.1,315,2026-10-05 20:00:00,PT5M,0.0,0.0,0.0,0.0,0.0
0,0,0,0,24,0.14,97.1,1.1,315,2026-10-05 20:05:00,PT5M,0.0,0.0,0.0,0.0,0.0
0,0,0,0,24,0.14,97.2,1.1,314,2026-10-05 20:10:00,PT5M,0.0,0.0,0.0,0.0,0.0
0,0,0,0,24,0.14,97.3,1.1,313,2026-10-05 20:15:00,PT5M,0.0,0.0,0.0,0.0,0.0
0,0,0,0,24,0.14,97.4,1.1,313,2026-10-05 20:20:00,PT5M,0.0,0.0,0.0,0.0,0.0
0,0,0,0,24,0.14,97.5,1.1,312,2026-10-05 20:25:00,PT5M,0.0,0.0,0.0,0.0,0.0
0,0,0,0,24,0.14,97.6,1.1,312,2026-10-05 20:30:00,PT5M,0.0,0.0,0.0,0.0,0.0
0,0,0,0,24,0.14,97.6,1.1,311,2026-10-05 20:35:00,PT5M,0.0,0.0,0.0,0.0,0.0
0,0,0,0,24,0.14,97.6,1.0,311,2026-10-05 20:40:00,PT5M,0.0,0.0,0.0,0.0,0.0
0,0,0,0,24,0.14,97.6,1.0,310,2026-10-05 20:45:00,PT5M,0.0,0.0,0.0,0.0,0.0
0,0,0,0,24,0.14,97.6,1.0,310,2026-10-05 20:50:00,PT5M,0.0,0.0,0.0,0.0,0.0
0,0,0,0,24,0.14,97.6,1.0,309,2026-10-05 20:55:00,PT5M,0.0,0.0,0.0,0.0,0.0
0,0,0,0,24,0.14,97.6,1.0,309,2026-10-05 21:00:00,PT5M,0.0,0.0,0.0,0.0,0.0
0,0,0,0,24,0.14,97.6,1.0,308,2026-10-05 21:05:00,PT5M,0.0,0.0,0.0,0.0,0.0
0,0,0,0,24,0.14,97.6,0.9,308,2026-10-05 21:10:00,PT5M,0.0,0.0,0.0,0.0,0.0
0,0,0,0,24,0.14,97.6,0.9,307,2026-10-05 21:15:00,PT5M,0.0,0.0,0.0,0.0,0.0
0,0,0,0,24,0.14,97.6,0.9,307,2026-10-05 21:20:00,PT5M,0.0,0.0,0.0,0.0,0.0
0,0,0,0,24,0.14,97.6,0.9,306,2026-10-05 21:25:00,PT5M,0.0,0.0,0.0,0.0,0.0
0,0,0,0,24,0.14,97.6,0.9,306,2026-10-05 21:30:00,PT5M,0.0,0.0,0.0,0.0,0.0
0,0,0,0,24,0.14,97.6,0.9,305,2026-10-05 21:35:00,PT5M,0.0,0.0,0.0,0.0,0.0
0,0,0,0,24,0.14,97.7,0.8,305,2026-10-05 21:40:00,PT5M,0.0,0.0,0.0,0.0,0.0
0,0,0,0,24,0.14,97.7,0.8,304,2026-10-05 21:45:00,PT5M,0.0,0.0,0.0,0.0,0.0
0,0,0,0,24,0.14,97.8,0.8,303,2026-10-05 21:50:00,PT5M,0.0,0.0,0.0,0.0,0.0
0,0,0,0,24,0.14,97.8,0.8,303,2026-10-05 21:55:00,PT5M,0.0,0.0,0.0,0.0,0.0
0,0,0,0,24,0.14,97.9,0.8,302,2026-10-05 22:00:00,PT5M,0.0,0.0,0.0,0.0,0.0
0,0,0,0,24,0.14,97.9,0.8,301,2026-10-05 22:05:00,PT5M,0.0,0.0,0.0,0.0,0.0
0,0,0,0,24,0.14,98.0,0.7,300,2026-10-05 22:10:00,PT5M,0.0,0.0,0.0,0.0,0.0
0,0,0,0,24,0.14,98.0,0.7,300,2026-10-05 22:15:00,PT5M,0.0,0.0,0.0,0.0,0.0
0,0,0,0,24,0.14,98.1,0.7,299,2026-10-05 22:20:00,PT5M,0.0,0.0,0.0,0.0,0.0
0,0,0,0,24,0.14,98.1,0.7,298,2026-10-05 22:25:00,PT5M,0.0,0.0,0.0,0.0,0.0
0,0,0,0,24,0.14,98.2,0.7,297,2026-10-05 22:30:00,PT5M,0.0,0.0,0.0,0.0,0.0
0,0,0,0,24,0.14,98.3,0.7,296,2026-10-05 22:35:00,PT5M,0.0,0.0,0.0,0.0,0.0
0,0,0,0,24,0.14,98.4,0.7,295,2026-10-05 22:40:00,PT5M,0.0,0.0,0.0,0.0,0.0
0,0,0,0,24,0.14,98.5,0.7,293,2026-10-05 22:45:00,PT5M,0.0,0.0,0.0,0.0,0.0
0,0,0,0,24,0.14,98.6,0.6,292,2026-10-05 22:50:00,PT5M,0.0,0.0,0.0,0.0,0.0
0,0,0,0,24,0.14,98.7,0.6,291,2026-10-05 22:55:00,PT5M,0.0,0.0,0.0,0.0,0.0
0,0,0,0,24,0.14,98.8,0.6,289,2026-10-05 23:00:00,PT5M,0.0,0.0,0.0,0.0,0.0
0,0,0,0,24,0.14,98.9,0.6,288,2026-10-05 23:05:00,PT5M,0.0,0.0,0.0,0.0,0.0
0,0,0,0,24,0.14,99.0,0.6,286,2026-10-05 23:10:00,PT5M,0.0,0.0,0.0,0.0,0.0
0,0,0,0,24,0.14,99.1,0.6,285,2026-10-05 23:15:00,PT5M,0.0,0.0,0.0,0.0,0.0
0,0,0,0,24,0.14,99.2,0.6,283,2026-10-05 23:20:00,PT5M,0.0,0.0,0.0,0.0,0.0
0,0,0,0,24,0.14,99.3,0.6,282,2026-10-05 23:25:00,PT5M,0.0,0.0,0.0,0.0,0.0
0,0,0,0,24,0.14,99.3,0.6,280,2026-10-05 23:30:00,PT5M,0.0,0.0,0.0,0.0,0.0
0,0,0,0,24,0.14,99.4,0.6,280,2026-10-05 23:35:00,PT5M,0.0,0.0,0.0,0.0,0.0
0,0,0,0,24,0.14,99.3,0.6,280,2026-10-05 23:40:00,PT5M,0.0,0.0,0.0,0.0,0.0
0,0,0,0,24,0.14,99.3,0.6,280,2026-10-05 23:45:00,PT5M,0.0,0.0,0.0,0.0,0.0
0,0,0,0,24,0.14,99.2,0.6,280,2026-10-05 23:50:00,PT5M,0.0,0.0,0.0,0.0,0.0
0,0,0,0,24,0.14,99.2,0.6,280,2026-10-05 23:55:00,PT5M,0.0,0.0,0.0,0.0,0.0
0,0,0,0,24,0.14,99.1,0.6,280,2026-10-06 00:00:00,PT5M,0.0,0.0,0.0,0.0,0.0
0,0,0,0,24,0.14,99.1,0.6,280,2026-10-06 00:05:00,PT5M,0.0,0.0,0.0,0.0,0.0
0,0,0,0,24,0.14,99.0,0.5,281,2026-10-06 00:10:00,PT5M,0.0,0.0,0.0,0.0,0.0
0,0,0,0,24,0.14,99.0,0.5,281,2026-10-06 00:15:00,PT5M,0.0,0.0,0.0,0.0,0.0
0,0,0,0,24,0.14,98.9,0.5,281,2026-10-06 00:20:00,PT5M,0.0,0.0,0.0,0.0,0.0
0,0,0,0,24,0.14,98.9,0.5,281,2026-10-06 00:25:00,PT5M,0.0,0.0,0.0,0.0,0.0
0,0,0,0,24,0.14,98.8,0.5,281,2026-10-06 00:30:00,PT5M,0.0,0.0,0.0,0.0,0.0
0,0,0,0,24,0.14,98.8,0.5,281,2026-10-06 00:35:00,PT5M,0.0,0.0,0.0,0.0,0.0
0,0,0,0,24,0.14,98.8,0.5,282,2026-10-06 00:40:00,PT5M,0.0,0.0,0.0,0.0,0.0
0,0,0,0,24,0.14,98.8,0.5,282,2026-10-06 00:45:00,PT5M,0.0,0.0,0.0,0.0,0.0
0,0,0,0,24,0.14,98.8,0.5,282,2026-10-06 00:50:00,PT5M,0.0,0.0,0.0,0.0,0.0
0,0,0,0,24,0.14,98.8,0.5,282,2026-10-06 00:55:00,PT5M,0.0,0.0,0.0,0.0,0.0
0,0,0,0,24,0.14,98.8,0.5,282,2026-10-06 01:00:00,PT5M,0.0,0.0,0.0,0.0,0.0
0,0,0,0,24,0.14,98.8,0.5,283,2026-10-06 01:05:00,PT5M,0.0,0.0,0.0,0.0,0.0
0,0,0,0,24,0.14,98.8,0.4,283,2026-10-06 01:10:00,PT5M,0.0,0.0,0.0,0.0,0.0
0,0,0,0,24,0.14,98.8,0.4,283,2026-10-06 01:15:00,PT5M,0.0,0.0,0.0,0.0,0.0
0,0,0,0,24,0.14,98.8,0.4,283,2026-10-06 01:20:00,PT5M,0.0,0.0,0.0,0.0,0.0
0,0,0,0,24,0.14,98.8,0.4,284,2026-10-06 01:25:00,PT5M,0.0,0.0,0.0,0.0,0.0
0,0,0,0,24,0.14,98.8,0.4,284,2026-10-06 01:30:00,PT5M,0.0,0.0,0.0,0.0,0.0
0,0,0,0,24,0.14,98.8,0.4,284,2026-10-06 01:35:00,PT5M,0.0,0.0,0.0,0.0,0.0
0,0,0,0,24,0.14,98.7,0.4,285,2026-10-06 01:40:00,PT5M,0.0,0.0,0.0,0.0,0.0
0,0,0,0,24,0.14,98.7,0.4,286,2026-10-06 01:45:00,PT5M,0.0,0.0,0.0,0.0,0.0
0,0,0,0,24,0.14,98.6,0.4,286,2026-10-06 01:50:00,PT5M,0.0,0.0,0.0,0.0,0.0
0,0,0,0,24,0.14,98.6,0.3,287,2026-10-06 01:55:00,PT5M,0.0,0.0,0.0,0.0,0.0
0,0,0,0,24,0.14,98.5,0.3,288,2026-10-06 02:00:00,PT5M,0.0,0.0,0.0,0.0,0.0
0,0,0,0,24,0.14,98.5,0.3,289,2026-10-06 02:05:00,PT5M,0.0,0.0,0.0,0.0,0.0
0,0,0,0,24,0.14,98.4,0.3,290,2026-10-06 02:10:00,PT5M,0.0,0.0,0.0,0.0,0.0
0,0,0,0,24,0.14,98.4,0.3,291,2026-10-06 02:15:00,PT5M,0.0,0.0,0.0,0.0,0.0
0,0,0,0,24,0.14,98.3,0.3,292,2026-10-06 02:20:00,PT5M,0.0,0.0,0.0,0.0,0.0
0,0,0,0,24,0.14,98.3,0.2,294,2026-10-06 02:25:00,PT5M,0.0,0.0,0.0,0.0,0.0
0,0,0,0,24,0.14,98.2,0.2,296,2026-10-06 02:30:00,PT5M,0.0,0.0,0.0,0.0,0.0
0,0,0,0,24,0.14,98.2,0.2,296,2026-10-06 02:35:00,PT5M,0.0,0.0,0.0,0.0,0.0
0,0,0,0,24,0.14,98.2,0.2,295,2026-10-06 02:40:00,PT5M,0.0,0.0,0.0,0.0,0.0
0,0,0,0,24,0.14,98.2,0.2,294,2026-10-06 02:45:00,PT5M,0.0,0.0,0.0,0.0,0.0
0,0,0,0,24,0.14,98.2,0.2,293,2026-10-06 02:50:00,PT5M,0.0,0.0,0.0,0.0,0.0
0,0,0,0,24,0.14,98.2,0.2,291,2026-10-06 02:55:00,PT5M,0.0,0.0,0.0,0.0,0.0
0,0,0,0,24,0.14,98.2,0.2,289,2026-10-06 03:00:00,PT5M,0.0,0.0,0.0,0.0,0.0
0,0,0,0,24,0.14,98.2,0.2,287,2026-10-06 03:05:00,PT5M,0.0,0.0,0.0,0.0,0.0
0,0,0,0,24,0.14,98.2,0.1,285,2026-10-06 03:10:00,PT5M,0.0,0.0,0.0,0.0,0.0
0,0,0,0,24,0.14,98.2,0.1,283,2026-10-06 03:15:00,PT5M,0.0,0.0,0.0,0.0,0.0
0,0,0,0,24,0.14,98.2,0.1,280,2026-10-06 03:20:00,PT5M,0.0,0.0,0.0,0.0,0.0
0,0,0,0,24,0.14,98.2,0.1,276,2026-10-06 03:25:00,PT5M,0.0,0.0,0.0,0.0,0.0
0,0,0,0,24,0.14,98.2,0.1,272,2026-10-06 03:30:00,PT5M,0.0,0.0,0.0,0.0,0.0
0,0,0,0,24,0.14,98.2,0.1,270,2026-10-06 03:35:00,PT5M,0.0,0.0,0.0,0.0,0.0
0,0,0,0,24,0.14,98.1,0.1,270,2026-10-06 03:40:00,PT5M,0.0,0.0,0.0,0.0,0.0
0,0,0,0,24,0.14,98.1,0.1,270,2026-10-06 03:45:00,PT5M,0.0,0.0,0.0,0.0,0.0
0,0,0,0,24,0.14,98.0,0.1,270,2026-10-06 03:50:00,PT5M,0.0,0.0,0.0,0.0,0.0
0,0,0,0,24,0.14,98.0,0.1,270,2026-10-06 03:55:00,PT5M,0.0,0.0,0.0,0.0,0.0
0,0,0,0,24,0.14,97.9,0.1,270,2026-10-06 04:00:00,PT5M,0.0,0.0,0.0,0.0,0.0
0,0,0,0,24,0.14,97.9,0.0,270,2026-10-06 04:05:00,PT5M,0.0,0.0,0.0,0.0,0.0
0,0,0,0,24,0.14,97.8,0.0,270,2026-10-06 04:10:00,PT5M,0.0,0.0,0.0,0.0,0.0
0,0,0,0,24,0.14,97.8,0.0,270,2026-10-06 04:15:00,PT5M,0.0,0.0,0.0,0.0,0.0
0,0,0,0,24,0.14,97.7,0.0,270,2026-10-06 04:20:00,PT5M,0.0,0.0,0.0,0.0,0.0
0,0,0,0,24,0.14,97.7,0.0,270,2026-10-06 04:25:00,PT5M,0.0,0.0,0.0,0.0,0.0
0,0,0,0,24,0.14,97.6,0.0,270,2026-10-06 04:30:00,PT5M,0.0,0.0,0.0,0.0,0.0
0,0,0,0,24,0.14,97.6,0.0,90,2026-10-06 04:35:00,PT5M,0.0,0.0,0.0,0.0,0.0
0,0,0,0,24,0.14,97.5,0.0,90,2026-10-06 04:40:00,PT5M,0.0,0.0,0.0,0.0,0.0
0,0,0,0,24,0.14,97.5,0.0,90,2026-10-06 04:45:00,PT5M,0.0,0.0,0.0,0.0,0.0
0,0,0,0,24,0.14,97.4,0.0,90,2026-10-06 04:50:00,PT5M,0.0,0.0,0.0,0.0,0.0
0,0,0,0,24,0.14,97.4,0.0,90,2026-10-06 04:55:00,PT5M,0.0,0.0,0.0,0.0,0.0
0,0,0,0,24,0.14,97.3,0.0,90,2026-10-06 05:00:00,PT5M,0.0,0.0,0.0,0.0,0.0
0,0,0,0,24,0.14,97.3,0.1,90,2026-10-06 05:05:00,PT5M,0.0,0.0,0.0,0.0,0.0
0,0,0,0,24,0.14,97.2,0.1,90,2026-10-06 05:10:00,PT5M,0.0,0.0,0.0,0.0,0.0
0,0,0,0,24,0.14,97.2,0.1,90,2026-10-06 05:15:00,PT5M,0.0,0.0,0.0,0.0,0.0
0,0,0,0,24,0.14,97.1,0.1,90,2026-10-06 05:20:00,PT5M,0.0,0.0,0.0,0.0,0.0
0,0,0,0,24,0.14,97.1,0.1,90,2026-10-06 05:25:00,PT5M,0.0,0.0,0.0,0.0,0.0
0,0,0,0,24,0.14,97.0,0.1,90,2026-10-06 05:30:00,PT5M,0.0,0.0,0.0,0.0,0.0
0,0,0,0,24,0.14,96.8,0.1,92,2026-10-06 05:35:00,PT5M,0.0,0.0,0.0,0.0,0.0
0,0,0,0,24,0.14,96.4,0.1,95,2026-10-06 05:40:00,PT5M,0.0,0.0,0.0,0.0,0.0
0,0,0,0,24,0.14,95.9,0.2,97,2026-10-06 05:45:00,PT5M,0.0,0.0,0.0,0.0,0.0
0,0,0,0,24,0.14,95.5,0.2,99,2026-10-06 05:50:00,PT5M,0.0,0.0,0.0,0.0,0.0
0,0,0,0,24,0.14,95.1,0.2,100,2026-10-06 05:55:00,PT5M,0.0,0.0,0.0,0.0,0.0
4,4,0,4,24,0.14,94.6,0.2,101,2026-10-06 06:00:00,PT5M,0.0,0.0,0.0,0.0,0.0
11,11,0,11,24,0.14,94.2,0.3,102,2026-10-06 06:05:00,PT5M,0.867,1.418,1.157,0.577,0.316
20,20,0,20,24,0.14,93.8,0.3,102,2026-10-06 06:10:00,PT5M,2.064,3.259,2.6929,1.4351,0.869
30,30,1,30,24,0.14,93.4,0.3,103,2026-10-06 06:15:00,PT5M,3.394,5.5235,4.5148,2.2732,1.2645
42,42,32,39,24,0.14,93.0,0.3,103,2026-10-06 06:20:00,PT5M,5.237,8.6345,7.0251,3.4489,1.8395
55,55,62,47,25,0.14,92.5,0.4,104,2026-10-06 06:25:00,PT5M,7.56,12.394,10.1042,5.0158,2.726
70,69,95,55,25,0.14,92.1,0.4,104,2026-10-06 06:30:00,PT5M,10.441,16.9385,13.8607,7.0213,3.9435
85,84,130,62,25,0.14,91.7,0.4,104,2026-10-06 06:35:00,PT5M,13.729,22.0245,18.095,9.363,5.4335
102,100,163,69,25,0.14,91.2,0.4,105,2026-10-06 06:40:00,PT5M,17.208,27.353,22.5474,11.8686,7.063
119,117,196,76,25,0.14,90.8,0.5,105,2026-10-06 06:45:00,PT5M,20.953,32.9435,27.2637,14.6423,8.9625
137,134,228,82,25,0.14,90.3,0.5,106,2026-10-06 06:50:00,PT5M,24.89,38.747,32.183,17.597,11.033
156,152,259,88,25,0.14,89.9,0.5,106,2026-10-06 06:55:00,PT5M,29.018,44.8555,37.3534,20.6826,13.1805
174,170,284,94,25,0.14,89.5,0.5,107,2026-10-06 07:00:00,PT5M,33.16,51.0525,42.577,23.743,15.2675
192,188,303,100,25,0.14,89.0,0.5,107,2026-10-06 07:05:00,PT5M,37.185,57.1795,47.7082,26.6618,17.1905
210,205,320,106,25,0.14,88.6,0.5,107,2026-10-06 07:10:00,PT5M,41.183,63.2845,52.8152,29.5508,19.0815
228,223,335,112,25,0.14,88.1,0.6,108,2026-10-06 07:15:00,PT5M,45.214,69.443,57.9659,32.4621,20.985
245,241,349,118,26,0.14,87.7,0.6,108,2026-10-06 07:20:00,PT5M,49.237,75.6065,63.1155,35.3585,22.8675
263,258,362,124,26,0.14,87.3,0.6,108,2026-10-06 07:25:00,PT5M,53.255,81.768,68.2616,38.2484,24.742
281,276,374,129,26,0.14,86.8,0.6,108,2026-10-06 07:30:00,PT5M,57.268,87.9365,73.4091,41.1269,26.5995
299,293,385,135,26,0.14,86.4,0.6,109,2026-10-06 07:35:00,PT5M,61.285,94.138,78.5758,43.9942,28.432
317,311,396,140,26,0.14,86.0,0.6,109,2026-10-06 07:40:00,PT5M,65.205,100.0,83.6334,46.7766,30.1905
335,329,407,145,26,0.14,85.6,0.7,110,2026-10-06 07:45:00,PT5M,67.228,100.0,85.9882,48.4678,31.583
352,346,417,151,26,0.14,85.1,0.7,110,2026-10-06 07:50:00,PT5M,69.164,100.0,88.2321,50.0959,32.934
370,363,426,155,26,0.14,84.7,0.7,110,2026-10-06 07:55:00,PT5M,71.007,100.0,90.3569,51.6571,34.2415
387,381,435,160,26,0.14,84.3,0.7,111,2026-10-06 08:00:00,PT5M,72.747,100.0,92.3493,53.1447,35.502
405,398,444,165,26,0.14,83.9,0.7,111,2026-10-06 08:05:00,PT5M,74.371,100.0,94.1912,54.5508,36.712
422,415,452,170,26,0.14,83.5,0.7,112,2026-10-06 08:10:00,PT5M,75.867,100.0,95.8651,55.8689,37.87
439,432,459,174,27,0.14,83.1,0.7,112,2026-10-06 08:15:00,PT5M,77.228,100.0,97.36,57.096,38.9765
456,448,466,179,27,0.14,82.7,0.7,112,2026-10-06 08:20:00,PT5M,78.445,100.0,98.6581,58.2319,40.0395
472,465,473,183,27,0.14,82.3,0.7,113,2026-10-06 08:25:00,PT5M,79.539,100.0,99.8305,59.2475,40.9845
488,481,479,187,27,0.14,81.9,0.8,113,2026-10-06 08:30:00,PT5M,80.563,100.0,100.0,60.2475,41.963
504,496,485,192,27,0.14,81.5,0.8,113,2026-10-06 08:35:00,PT5M,81.525,100.0,100.0,61.1882,42.8845
520,512,490,196,27,0.14,81.1,0.8,113,2026-10-06 08:40:00,PT5M,82.433,100.0,100.0,62.0728,43.748
535,527,495,200,27,0.14,80.8,0.8,113,2026-10-06 08:45:00,PT5M,83.29,100.0,100.0,62.9127,44.5725
551,542,500,204,27,0.14,80.4,0.9,113,2026-10-06 08:50:00,PT5M,84.106,100.0,100.0,63.7184,45.369
565,557,505,208,27,0.14,80.1,0.9,113,2026-10-06 08:55:00,PT5M,84.883,100.0,100.0,64.6041,46.3525
580,571,509,211,27,0.14,79.7,0.9,112,2026-10-06 09:00:00,PT5M,85.627,100.0,100.0,65.5018,47.3885
595,586,515,214,28,0.14,79.4,0.9,112,2026-10-06 09:05:00,PT5M,86.457,100.0,100.0,66.4876,48.5145
610,601,521,217,28,0.14,79.0,1.0,112,2026-10-06 09:10:00,PT5M,87.249,100.0,100.0,67.4314,49.595
624,615,526,220,28,0.14,78.7,1.0,112,2026-10-06 09:15:00,PT5M,88.008,100.0,100.0,68.3383,50.635
638,629,531,223,28,0.14,78.4,1.0,112,2026-10-06 09:20:00,PT5M,88.734,100.0,100.0,69.2083,51.6345
652,642,536,225,28,0.14,78.0,1.0,112,2026-10-06 09:25:00,PT5M,89.43,100.0,100.0,70.0443,52.5965
665,656,541,228,28,0.14,77.7,1.1,112,2026-10-06 09:30:00,PT5M,90.126,100.0,100.0,70.8761,53.5505
678,669,546,230,28,0.14,77.3,1.1,112,2026-10-06 09:35:00,PT5M,90.758,100.0,100.0,71.657,54.4655
691,681,551,232,28,0.14,76.9,1.1,112,2026-10-06 09:40:00,PT5M,91.361,100.0,100.0,72.4229,55.378
703,693,555,234,28,0.14,76.5,1.1,112,2026-10-06 09:45:00,PT5M,91.9,100.0,100.0,73.1193,56.216
715,705,558,237,28,0.14,76.1,1.1,112,2026-10-06 09:50:00,PT5M,92.394,100.0,100.0,73.7659,57.0
726,716,561,239,28,0.14,75.7,1.2,112,2026-10-06 09:55:00,PT5M,92.866,100.0,100.0,74.386,57.7535
737,726,564,241,29,0.14,75.3,1.2,112,2026-10-06 10:00:00,PT5M,93.312,100.0,100.0,74.9747,58.4705
747,737,567,243,29,0.14,74.9,1.2,112,2026-10-06 10:05:00,PT5M,93.734,100.0,100.0,75.5354,59.156
757,747,570,245,29,0.14,74.5,1.2,112,2026-10-06 10:10:00,PT5M,94.131,100.0,100.0,76.0666,59.808
767,756,573,247,29,0.14,74.1,1.2,112,2026-10-06 10:15:00,PT5M,94.504,100.0,100.0,76.5698,60.4285
776,765,576,248,29,0.14,73.7,1.3,112,2026-10-06 10:20:00,PT5M,94.853,100.0,100.0,77.0451,61.0175
785,774,578,250,29,0.14,73.3,1.3,113,2026-10-06 10:25:00,PT5M,95.179,100.0,100.0,77.4938,61.5765
793,782,580,251,29,0.14,72.9,1.3,113,2026-10-06 10:30:00,PT5M,95.488,100.0,100.0,77.9225,62.113
801,790,583,253,29,0.14,72.6,1.3,113,2026-10-06 10:35:00,PT5M,95.774,100.0,100.0,78.314,62.5995
808,797,585,254,29,0.14,72.2,1.3,113,2026-10-06 10:40:00,PT5M,96.036,100.0,100.0,78.6663,63.033
815,804,587,255,29,0.14,71.9,1.3,113,2026-10-06 10:45:00,PT5M,96.273,100.0,100.0,78.9878,63.4305
822,811,589,256,30,0.14,71.5,1.4,113,2026-10-06 10:50:00,PT5M,96.483,100.0,100.0,79.2746,63.7865
828,817,591,257,30,0.14,71.2,1.4,113,2026-10-06 10:55:00,PT5M,96.66,100.0,100.0,79.509,64.0725
834,823,593,258,30,0.14,70.8,1.4,113,2026-10-06 11:00:00,PT5M,96.822,100.0,100.0,79.7315,64.3495
839,828,594,259,30,0.14,70.5,1.4,113,2026-10-06 11:05:00,PT5M,96.973,100.0,100.0,79.9499,64.6285
844,832,596,259,30,0.14,70.2,1.4,113,2026-10-06 11:10:00,PT5M,97.101,100.0,100.0,80.1381,64.871
848,837,597,260,30,0.14,69.8,1.5,113,2026-10-06 11:15:00,PT5M,97.202,100.0,100.0,80.286,65.061
852,840,598,260,30,0.14,69.5,1.5,113,2026-10-06 11:20:00,PT5M,97.28,100.0,100.0,80.4048,65.2165
855,844,599,261,30,0.14,69.2,1.5,113,2026-10-06 11:25:00,PT5M,97.335,100.0,100.0,80.4942,65.337
858,846,600,261,30,0.14,68.9,1.5,113,2026-10-06 11:30:00,PT5M,97.37,100.0,100.0,80.559,65.4285
857,846,595,264,30,0.14,68.8,1.5,113,2026-10-06 11:35:00,PT5M,97.11,100.0,100.0,80.2687,65.111
853,842,584,270,30,0.14,68.9,1.5,114,2026-10-06 11:40:00,PT5M,96.56,100.0,100.0,79.6276,64.388
848,837,573,276,30,0.14,69.1,1.5,114,2026-10-06 11:45:00,PT5M,95.987,100.0,100.0,78.9578,63.631
843,832,562,282,30,0.14,69.3,1.5,114,2026-10-06 11:50:00,PT5M,95.393,100.0,100.0,78.2612,62.842
838,827,551,287,30,0.14,69.4,1.5,114,2026-10-06 11:55:00,PT5M,94.784,100.0,100.0,77.5438,62.027
832,821,539,292,30,0.14,69.6,1.5,115,2026-10-06 12:00:00,PT5M,94.256,100.0,100.0,76.9018,61.2825
825,815,528,298,30,0.14,69.8,1.5,115,2026-10-06 12:05:00,PT5M,93.746,100.0,100.0,76.2718,60.5445
818,808,516,303,30,0.14,69.9,1.5,115,2026-10-06 12:10:00,PT5M,93.155,100.0,100.0,75.555,59.7145
810,800,504,308,30,0.14,70.1,1.6,116,2026-10-06 12:15:00,PT5M,92.536,100.0,100.0,74.8055,58.8475
802,792,492,313,30,0.14,70.3,1.6,116,2026-10-06 12:20:00,PT5M,91.891,100.0,100.0,74.0258,57.9465
794,784,480,317,30,0.14,70.4,1.6,116,2026-10-06 12:25:00,PT5M,91.218,100.0,100.0,73.2141,57.01
785,776,469,322,30,0.14,70.6,1.6,116,2026-10-06 12:30:00,PT5M,90.518,100.0,100.0,72.3722,56.0405
775,766,457,325,30,0.14,70.8,1.6,117,2026-10-06 12:35:00,PT5M,89.788,100.0,100.0,71.4967,55.034
766,757,445,329,30,0.14,71.0,1.5,117,2026-10-06 12:40:00,PT5M,89.025,100.0,100.0,70.584,53.9865
756,747,433,333,30,0.14,71.1,1.5,117,2026-10-06 12:45:00,PT5M,88.221,100.0,100.0,69.62,52.8785
745,737,422,336,30,0.14,71.3,1.5,118,2026-10-06 12:50:00,PT5M,87.385,100.0,100.0,68.6219,51.7345
734,727,410,338,30,0.14,71.5,1.5,118,2026-10-06 12:55:00,PT5M,86.536,100.0,100.0,67.6192,50.5935
723,716,399,341,30,0.14,71.6,1.5,118,2026-10-06 13:00:00,PT5M,85.663,100.0,100.0,66.5944,49.432
712,705,388,343,30,0.14,71.8,1.5,118,2026-10-06 13:05:00,PT5M,84.736,100.0,100.0,65.5029,48.1925
701,693,376,344,30,0.14,72.0,1.5,119,2026-10-06 13:10:00,PT5M,83.771,100.0,100.0,64.3697,46.908
689,682,365,346,30,0.14,72.2,1.4,119,2026-10-06 13:15:00,PT5M,82.767,100.0,100.0,63.1957,45.581
676,670,354,347,30,0.14,72.3,1.4,119,2026-10-06 13:20:00,PT5M,81.66,100.0,100.0,61.9174,44.1485
664,658,343,347,30,0.14,72.5,1.4,120,2026-10-06 13:25:00,PT5M,80.586,100.0,100.0,60.6721,42.749
652,645,332,348,29,0.14,72.7,1.4,120,2026-10-06 13:30:00,PT5M,79.482,100.0,99.5672,59.3968,41.3195
638,632,320,348,29,0.14,72.8,1.4,120,2026-10-06 13:35:00,PT5M,78.219,100.0,98.4852,57.9528,39.7125
623,617,306,349,29,0.14,72.9,1.4,121,2026-10-06 13:40:00,PT5M,76.797,100.0,97.253,56.341,37.93
608,603,292,349,29,0.14,73.0,1.4,121,2026-10-06 13:45:00,PT5M,75.334,100.0,95.9795,54.6885,36.107
593,588,279,349,29,0.14,73.1,1.4,122,2026-10-06 13:50:00,PT5M,73.832,100.0,94.6667,52.9973,34.2455
578,573,266,348,29,0.14,73.2,1.4,122,2026-10-06 13:55:00,PT5M,72.29,100.0,93.3133,51.2667,32.345
562,558,253,346,29,0.14,73.3,1.4,123,2026-10-06 14:00:00,PT5M,70.703,100.0,91.9158,49.4902,30.398
547,543,240,345,29,0.14,73.4,1.4,123,2026-10-06 14:05:00,PT5M,69.089,100.0,90.49,47.688,28.4265
531,528,228,342,29,0.14,73.5,1.4,124,2026-10-06 14:10:00,PT5M,67.424,100.0,89.0123,45.8357,26.4055
516,512,216,340,29,0.14,73.7,1.4,124,2026-10-06 14:15:00,PT5M,65.699,100.0,87.4739,43.9241,24.326
500,497,204,336,29,0.14,73.8,1.4,125,2026-10-06 14:20:00,PT5M,63.946,100.0,85.9056,41.9864,22.222
484,481,192,333,29,0.14,73.9,1.4,125,2026-10-06 14:25:00,PT5M,62.157,100.0,84.2995,40.0145,20.0855
469,466,180,329,29,0.14,74.0,1.4,126,2026-10-06 14:30:00,PT5M,60.335,100.0,82.6604,38.0096,17.916
456,453,173,324,29,0.14,74.1,1.4,126,2026-10-06 14:35:00,PT5M,58.971,100.0,81.4459,36.4961,16.268
446,443,171,318,29,0.14,74.3,1.4,126,2026-10-06 14:40:00,PT5M,58.068,100.0,80.6516,35.4844,15.1585
436,433,169,311,29,0.14,74.5,1.3,127,2026-10-06 14:45:00,PT5M,57.134,100.0,79.7857,34.4823,14.095
425,423,167,305,29,0.14,74.6,1.3,127,2026-10-06 14:50:00,PT5M,56.183,99.129,78.7858,33.5802,13.237
415,413,166,298,29,0.14,74.8,1.3,127,2026-10-06 14:55:00,PT5M,55.271,98.1045,77.8146,32.7274,12.4375
404,402,164,292,29,0.14,75.0,1.3,127,2026-10-06 15:00:00,PT5M,54.324,97.0285,76.7997,31.8483,11.6195
394,391,162,285,29,0.14,75.2,1.3,127,2026-10-06 15:05:00,PT5M,53.323,95.81,75.6842,30.9618,10.836
382,380,160,278,29,0.14,75.4,1.3,128,2026-10-06 15:10:00,PT5M,52.261,94.5555,74.5209,30.0011,9.9665
371,369,157,271,29,0.14,75.6,1.3,128,2026-10-06 15:15:00,PT5M,51.142,93.2225,73.2893,28.9947,9.0615
359,357,154,264,29,0.14,75.7,1.3,128,2026-10-06 15:20:00,PT5M,49.975,91.812,71.9941,27.9559,8.138
348,345,151,256,29,0.14,75.9,1.3,128,2026-10-06 15:25:00,PT5M,48.755,90.3115,70.6265,26.8835,7.1985
335,333,147,249,29,0.14,76.1,1.3,129,2026-10-06 15:30:00,PT5M,47.48,88.7105,69.1799,25.7801,6.2495
323,321,143,242,29,0.14,76.3,1.3,129,2026-10-06 15:35:00,PT5M,46.148,86.947,67.6208,24.6752,5.349
311,309,139,234,28,0.14,76.4,1.3,130,2026-10-06 15:40:00,PT5M,44.758,85.01,65.9429,23.5731,4.506
298,296,134,226,28,0.14,76.6,1.3,131,2026-10-06 15:45:00,PT5M,43.288,82.91,64.1413,22.4347,3.666
285,283,130,218,28,0.14,76.7,1.3,131,2026-10-06 15:50:00,PT5M,41.739,80.654,62.2202,21.2578,2.824
272,270,124,210,28,0.14,76.9,1.2,132,2026-10-06 15:55:00,PT5M,40.112,78.2525,60.1856,20.0384,1.9715
259,257,119,202,28,0.14,77.0,1.2,133,2026-10-06 16:00:00,PT5M,38.41,75.7185,58.0457,18.7743,1.1015
245,244,113,194,28,0.14,77.2,1.2,134,2026-10-06 16:05:00,PT5M,36.642,73.068,55.8133,17.4707,0.216
232,231,107,185,28,0.14,77.3,1.2,135,2026-10-06 16:10:00,PT5M,34.802,70.2185,53.442,16.162,0.0
219,218,100,177,28,0.14,77.5,1.2,135,2026-10-06 16:15:00,PT5M,32.85,65.793,50.1881,15.5119,0.0
205,204,94,168,28,0.14,77.6,1.2,136,2026-10-06 16:20:00,PT5M,30.582,61.168,46.6796,14.4844,0.0
192,191,86,159,28,0.14,77.8,1.2,137,2026-10-06 16:25:00,PT5M,28.274,56.54,43.1506,13.3974,0.008
178,177,79,150,28,0.14,77.9,1.2,138,2026-10-06 16:30:00,PT5M,25.947,51.884,39.5978,12.2962,0.01
165,164,70,141,28,0.14,78.1,1.2,139,2026-10-06 16:35:00,PT5M,23.612,47.293,36.0755,11.1485,0.0
151,151,61,132,28,0.14,78.3,1.2,139,2026-10-06 16:40:00,PT5M,21.258,42.7105,32.5486,9.9674,0.0
138,137,51,123,28,0.14,78.6,1.2,139,2026-10-06 16:45:00,PT5M,18.932,38.1875,29.0663,8.7977,0.0
124,124,41,113,28,0.14,78.8,1.2,139,2026-10-06 16:50:00,PT5M,16.658,33.7675,25.6629,7.6531,0.0
111,111,27,104,28,0.14,79.0,1.2,140,2026-10-06 16:55:00,PT5M,14.295,29.35,22.2186,6.3714,0.0
97,97,11,95,28,0.14,79.3,1.2,140,2026-10-06 17:00:00,PT5M,12.061,25.1725,18.9617,5.1603,0.0
84,84,0,84,28,0.14,79.5,1.2,140,2026-10-06 17:05:00,PT5M,9.979,21.2295,15.9002,4.0578,0.0
71,72,0,72,28,0.14,79.7,1.2,141,2026-10-06 17:10:00,PT5M,8.424,17.865,13.3929,3.4551,0.0
60,60,0,60,28,0.14,80.0,1.2,141,2026-10-06 17:15:00,PT5M,7.02,14.688,11.0557,2.9843,0.0
49,49,0,49,28,0.14,80.2,1.2,141,2026-10-06 17:20:00,PT5M,5.639,11.6105,8.7818,2.4962,0.0
39,39,0,39,28,0.14,80.4,1.1,142,2026-10-06 17:25:00,PT5M,4.286,8.676,6.5965,1.9755,0.0
29,29,0,29,28,0.14,80.7,1.1,142,2026-10-06 17:30:00,PT5M,3.143,6.235,4.7703,1.5157,0.051
21,21,0,21,28,0.14,80.9,1.1,142,2026-10-06 17:35:00,PT5M,2.11,4.068,3.1405,1.0795,0.152
14,14,0,14,28,0.14,81.0,1.1,143,2026-10-06 17:40:00,PT5M,1.152,2.2075,1.7075,0.5965,0.0965
7,7,0,7,28,0.14,81.2,1.1,143,2026-10-06 17:45:00,PT5M,0.28,0.6635,0.4818,0.0782,0.0
2,2,0,2,28,0.14,81.3,1.1,144,2026-10-06 17:50:00,PT5M,0.0,0.0,0.0,0.0,0.0
0,0,0,0,27,0.14,81.5,1.1,144,2026-10-06 17:55:00,PT5M,0.0,0.0,0.0,0.0,0.0
0,0,0,0,27,0.14,81.7,1.0,145,2026-10-06 18:00:00,PT5M,0.0,0.0,0.0,0.0,0.0
0,0,0,0,27,0.14,81.8,1.0,145,2026-10-06 18:05:00,PT5M,0.0,0.0,0.0,0.0,0.0
0,0,0,0,27,0.14,82.0,1.0,146,2026-10-06 18:10:00,PT5M,0.0,0.0,0.0,0.0,0.0
0,0,0,0,27,0.14,82.1,1.0,146,2026-10-06 18:15:00,PT5M,0.0,0.0,0.0,0.0,0.0
0,0,0,0,27,0.14,82.3,1.0,147,2026-10-06 18:20:00,PT5M,0.0,0.0,0.0,0.0,0.0
0,0,0,0,27,0.14,82.4,1.0,147,2026-10-06 18:25:00,PT5M,0.0,0.0,0.0,0.0,0.0
0,0,0,0,27,0.14,82.6,1.0,148,2026-10-06 18:30:00,PT5M,0.0,0.0,0.0,0.0,0.0
0,0,0,0,27,0.14,82.8,0.9,148,2026-10-06 18:35:00,PT5M,0.0,0.0,0.0,0.0,0.0
0,0,0,0,27,0.14,83.0,0.9,149,2026-10-06 18:40:00,PT5M,0.0,0.0,0.0,0.0,0.0
0,0,0,0,27,0.14,83.2,0.9,150,2026-10-06 18:45:00,PT5M,0.0,0.0,0.0,0.0,0.0
0,0,0,0,27,0.14,83.4,0.8,151,2026-10-06 18:50:00,PT5M,0.0,0.0,0.0,0.0,0.0
0,0,0,0,27,0.14,83.6,0.8,152,2026-10-06 18:55:00,PT5M,0.0,0.0,0.0,0.0,0.0
0,0,0,0,27,0.14,83.8,0.8,153,2026-10-06 19:00:00,PT5M,0.0,0.0,0.0,0.0,0.0
0,0,0,0,27,0.14,84.0,0.8,154,2026-10-06 19:05:00,PT5M,0.0,0.0,0.0,0.0,0.0
0,0,0,0,27,0.14,84.2,0.7,155,2026-10-06 19:10:00,PT5M,0.0,0.0,0.0,0.0,0.0
0,0,0,0,27,0.14,84.4,0.7,156,2026-10-06 19:15:00,PT5M,0.0,0.0,0.0,0.0,0.0
0,0,0,0,27,0.14,84.6,0.7,158,2026-10-06 19:20:00,PT5M,0.0,0.0,0.0,0.0,0.0
0,0,0,0,27,0.14,84.8,0.7,159,2026-10-06 19:25:00,PT5M,0.0,0.0,0.0,0.0,0.0
0,0,0,0,27,0.14,85.1,0.6,161,2026-10-06 19:30:00,PT5M,0.0,0.0,0.0,0.0,0.0
0,0,0,0,27,0.14,85.3,0.6,163,2026-10-06 19:35:00,PT5M,0.0,0.0,0.0,0.0,0.0
0,0,0,0,27,0.14,85.5,0.6,165,2026-10-06 19:40:00,PT5M,0.0,0.0,0.0,0.0,0.0
0,0,0,0,27,0.14,85.7,0.6,167,2026-10-06 19:45:00,PT5M,0.0,0.0,0.0,0.0,0.0
0,0,0,0,27,0.14,85.9,0.6,169,2026-10-06 19:50:00,PT5M,0.0,0.0,0.0,0.0,0.0
0,0,0,0,26,0.14,86.1,0.6,171,2026-10-06 19:55:00,PT5M,0.0,0.0,0.0,0.0,0.0
0,0,0,0,26,0.14,86.3,0.6,174,2026-10-06 20:00:00,PT5M,0.0,0.0,0.0,0.0,0.0
0,0,0,0,26,0.14,86.5,0.5,176,2026-10-06 20:05:00,PT5M,0.0,0.0,0.0,0.0,0.0
0,0,0,0,26,0.14,86.7,0.5,179,2026-10-06 20:10:00,PT5M,0.0,0.0,0.0,0.0,0.0
0,0,0,0,26,0.14,87.0,0.5,181,2026-10-06 20:15:00,PT5M,0.0,0.0,0.0,0.0,0.0
0,0,0,0,26,0.14,87.2,0.5,184,2026-10-06 20:20:00,PT5M,0.0,0.0,0.0,0.0,0.0
0,0,0,0,26,0.14,87.4,0.5,187,2026-10-06 20:25:00,PT5M,0.0,0.0,0.0,0.0,0.0
0,0,0,0,26,0.14,87.6,0.5,190,2026-10-06 20:30:00,PT5M,0.0,0.0,0.0,0.0,0.0
0,0,0,0,26,0.14,87.8,0.5,193,2026-10-06 20:35:00,PT5M,0.0,0.0,0.0,0.0,0.0
0,0,0,0,26,0.14,88.0,0.5,196,2026-10-06 20:40:00,PT5M,0.0,0.0,0.0,0.0,0.0
0,0,0,0,26,0.14,88.2,0.5,200,2026-10-06 20:45:00,PT5M,0.0,0.0,0.0,0.0,0.0
0,0,0,0,26,0.14,88.5,0.5,203,2026-10-06 20:50:00,PT5M,0.0,0.0,0.0,0.0,0.0
0,0,0,0,26,0.14,88.7,0.5,207,2026-10-06 20:55:00,PT5M,0.0,0.0,0.0,0.0,0.0
0,0,0,0,26,0.14,88.9,0.5,210,2026-10-06 21:00:00,PT5M,0.0,0.0,0.0,0.0,0.0
0,0,0,0,26,0.14,89.1,0.5,214,2026-10-06 21:05:00,PT5M,0.0,0.0,0.0,0.0,0.0
0,0,0,0,26,0.14,89.3,0.5,217,2026-10-06 21:10:00,PT5M,0.0,0.0,0.0,0.0,0.0
0,0,0,0,26,0.14,89.6,0.5,221,2026-10-06 21:15:00,PT5M,0.0,0.0,0.0,0.0,0.0
0,0,0,0,26,0.14,89.8,0.5,225,2026-10-06 21:20:00,PT5M,0.0,0.0,0.0,0.0,0.0
0,0,0,0,26,0.14,90.0,0.5,228,2026-10-06 21:25:00,PT5M,0.0,0.0,0.0,0.0,0.0
0,0,0,0,26,0.14,90.2,0.5,231,2026-10-06 21:30:00,PT5M,0.0,0.0,0.0,0.0,0.0
0,0,0,0,26,0.14,90.5,0.5,234,2026-10-06 21:35:00,PT5M,0.0,0.0,0.0,0.0,0.0
0,0,0,0,26,0.14,90.7,0.5,237,2026-10-06 21:40:00,PT5M,0.0,0.0,0.0,0.0,0.0
0,0,0,0,26,0.14,90.9,0.5,240,2026-10-06 21:45:00,PT5M,0.0,0.0,0.0,0.0,0.0
0,0,0,0,26,0.14,91.1,0.5,242,2026-10-06 21:50:00,PT5M,0.0,0.0,0.0,0.0,0.0
0,0,0,0,25,0.14,91.4,0.5,245,2026-10-06 21:55:00,PT5M,0.0,0.0,0.0,0.0,0.0
0,0,0,0,25,0.14,91.6,0.5,247,2026-10-06 22:00:00,PT5M,0.0,0.0,0.0,0.0,0.0
0,0,0,0,25,0.14,91.8,0.5,249,2026-10-06 22:05:00,PT5M,0.0,0.0,0.0,0.0,0.0
0,0,0,0,25,0.14,92.0,0.6,252,2026-10-06 22:10:00,PT5M,0.0,0.0,0.0,0.0,0.0
0,0,0,0,25,0.14,92.3,0.6,254,2026-10-06 22:15:00,PT5M,0.0,0.0,0.0,0.0,0.0
0,0,0,0,25,0.14,92.5,0.6,256,2026-10-06 22:20:00,PT5M,0.0,0.0,0.0,0.0,0.0
0,0,0,0,25,0.14,92.7,0.6,258,2026-10-06 22:25:00,PT5M,0.0,0.0,0.0,0.0,0.0
0,0,0,0,25,0.14,93.0,0.6,260,2026-10-06 22:30:00,PT5M,0.0,0.0,0.0,0.0,0.0
0,0,0,0,25,0.14,93.2,0.6,261,2026-10-06 22:35:00,PT5M,0.0,0.0,0.0,0.0,0.0
0,0,0,0,25,0.14,93.4,0.6,263,2026-10-06 22:40:00,PT5M,0.0,0.0,0.0,0.0,0.0
0,0,0,0,25,0.14,93.6,0.7,265,2026-10-06 22:45:00,PT5M,0.0,0.0,0.0,0.0,0.0
0,0,0,0,25,0.14,93.9,0.7,267,2026-10-06 22:50:00,PT5M,0.0,0.0,0.0,0.0,0.0
0,0,0,0,25,0.14,94.1,0.7,268,2026-10-06 22:55:00,PT5M,0.0,0.0,0.0,0.0,0.0
0,0,0,0,25,0.14,94.4,0.7,269,2026-10-06 23:00:00,PT5M,0.0,0.0,0.0,0.0,0.0
0,0,0,0,25,0.14,94.6,0.8,271,2026-10-06 23:05:00,PT5M,0.0,0.0,0.0,0.0,0.0
0,0,0,0,25,0.14,94.8,0.8,272,2026-10-06 23:10:00,PT5M,0.0,0.0,0.0,0.0,0.0
0,0,0,0,25,0.14,95.1,0.8,273,2026-10-06 23:15:00,PT5M,0.0,0.0,0.0,0.0,0.0
0,0,0,0,25,0.14,95.3,0.8,274,2026-10-06 23:20:00,PT5M,0.0,0.0,0.0,0.0,0.0
0,0,0,0,25,0.14,95.5,0.9,275,2026-10-06 23:25:00,PT5M,0.0,0.0,0.0,0.0,0.0
0,0,0,0,25,0.14,95.8,0.9,276,2026-10-06 23:30:00,PT5M,0.0,0.0,0.0,0.0,0.0
0,0,0,0,25,0.14,95.9,0.9,276,2026-10-06 23:35:00,PT5M,0.0,0.0,0.0,0.0,0.0
0,0,0,0,25,0.14,95.9,0.9,276,2026-10-06 23:40:00,PT5M,0.0,0.0,0.0,0.0,0.0
0,0,0,0,25,0.14,95.9,0.9,276,2026-10-06 23:45:00,PT5M,0.0,0.0,0.0,0.0,0.0
0,0,0,0,25,0.14,95.9,0.9,276,2026-10-06 23:50:00,PT5M,0.0,0.0,0.0,0.0,0.0
0,0,0,0,25,0.14,95.9,0.9,276,2026-10-06 23:55:00,PT5M,0.0,0.0,0.0,0.0,0.0
0,0,0,0,25,0.14,95.9,0.9,276,2026-10-07 00:00:00,PT5M,0.0,0.0,0.0,0.0,0.0
0,0,0,0,25,0.14,95.9,0.9,276,2026-10-07 00:05:00,PT5M,0.0,0.0,0.0,0.0,0.0
0,0,0,0,25,0.14,95.9,0.9,276,2026-10-07 00:10:00,PT5M,0.0,0.0,0.0,0.0,0.0
0,0,0,0,25,0.14,95.9,0.9,276,2026-10-07 00:15:00,PT5M,0.0,0.0,0.0,0.0,0.0
0,0,0,0,25,0.14,95.9,0.9,276,2026-10-07 00:20:00,PT5M,0.0,0.0,0.0,0.0,0.0
0,0,0,0,25,0.14,95.9,0.9,276,2026-10-07 00:25:00,PT5M,0.0,0.0,0.0,0.0,0.0
0,0,0,0,25,0.14,95.9,0.9,276,2026-10-07 00:30:00,PT5M,0.0,0.0,0.0,0.0,0.0
0,0,0,0,25,0.14,95.9,0.9,277,2026-10-07 00:35:00,PT5M,0.0,0.0,0.0,0.0,0.0
0,0,0,0,25,0.14,95.9,0.9,277,2026-10-07 00:40:00,PT5M,0.0,0.0,0.0,0.0,0.0
0,0,0,0,25,0.14,95.9,0.9,278,2026-10-07 00:45:00,PT5M,0.0,0.0,0.0,0.0,0.0
0,0,0,0,25,0.14,95.9,0.9,278,2026-10-07 00:50:00,PT5M,0.0,0.0,0.0,0.0,0.0
0,0,0,0,25,0.14,95.9,0.9,279,2026-10-07 00:55:00,PT5M,0.0,0.0,0.0,0.0,0.0
0,0,0,0,25,0.14,95.9,0.9,279,2026-10-07 01:00:00,PT5M,0.0,0.0,0.0,0.0,0.0
0,0,0,0,24,0.14,95.9,0.9,280,2026-10-07 01:05:00,PT5M,0.0,0.0,0.0,0.0,0.0
0,0,0,0,24,0.14,95.9,0.9,280,2026-10-07 01:10:00,PT5M,0.0,0.0,0.0,0.0,0.0
0,0,0,0,24,0.14,95.9,0.9,281,2026-10-07 01:15:00,PT5M,0.0,0.0,0.0,0.0,0.0
0,0,0,0,24,0.14,95.9,0.9,281,2026-10-07 01:20:00,PT5M,0.0,0.0,0.0,0.0,0.0
0,0,0,0,24,0.14,95.9,0.9,282,2026-10-07 01:25:00,PT5M,0.0,0.0,0.0,0.0,0.0
0,0,0,0,24,0.14,95.9,0.9,282,2026-10-07 01:30:00,PT5M,0.0,0.0,0.0,0.0,0.0
0,0,0,0,24,0.14,95.9,0.9,283,2026-10-07 01:35:00,PT5M,0.0,0.0,0.0,0.0,0.0
0,0,0,0,24,0.14,95.8,0.9,283,2026-10-07 01:40:00,PT5M,0.0,0.0,0.0,0.0,0.0
0,0,0,0,24,0.14,95.8,0.9,284,2026-10-07 01:45:00,PT5M,0.0,0.0,0.0,0.0,0.0
0,0,0,0,24,0.14,95.7,0.9,284,2026-10-07 01:50:00,PT5M,0.0,0.0,0.0,0.0,0.0
0,0,0,0,24,0.14,95.7,0.9,285,2026-10-07 01:55:00,PT5M,0.0,0.0,0.0,0.0,0.0
0,0,0,0,24,0.14,95.6,0.9,285,2026-10-07 02:00:00,PT5M,0.0,0.0,0.0,0.0,0.0
0,0,0,0,24,0.14,95.6,0.9,286,2026-10-07 02:05:00,PT5M,0.0,0.0,0.0,0.0,0.0
0,0,0,0,24,0.14,95.5,0.9,286,2026-10-07 02:10:00,PT5M,0.0,0.0,0.0,0.0,0.0
0,0,0,0,24,0.14,95.5,0.9,287,2026-10-07 02:15:00,PT5M,0.0,0.0,0.0,0.0,0.0
0,0,0,0,24,0.14,95.4,0.9,287,2026-10-07 02:20:00,PT5M,0.0,0.0,0.0,0.0,0.0
0,0,0,0,24,0.14,95.4,0.9,288,2026-10-07 02:25:00,PT5M,0.0,0.0,0.0,0.0,0.0
0,0,0,0,24,0.14,95.3,0.9,288,2026-10-07 02:30:00,PT5M,0.0,0.0,0.0,0.0,0.0
0,0,0,0,24,0.14,95.3,1.0,289,2026-10-07 02:35:00,PT5M,0.0,0.0,0.0,0.0,0.0
0,0,0,0,24,0.14,95.3,1.0,289,2026-10-07 02:40:00,PT5M,0.0,0.0,0.0,0.0,0.0
0,0,0,0,24,0.14,95.3,1.0,290,2026-10-07 02:45:00,PT5M,0.0,0.0,0.0,0.0,0.0
0,0,0,0,24,0.14,95.3,1.0,290,2026-10-07 02:50:00,PT5M,0.0,0.0,0.0,0.0,0.0
0,0,0,0,24,0.14,95.3,1.0,291,2026-10-07 02:55:00,PT5M,0.0,0.0,0.0,0.0,0.0
0,0,0,0,24,0.14,95.3,1.0,291,2026-10-07 03:00:00,PT5M,0.0,0.0,0.0,0.0,0.0
0,0,0,0,24,0.14,95.3,1.0,291,2026-10-07 03:05:00,PT5M,0.0,0.0,0.0,0.0,0.0
0,0,0,0,24,0.14,95.3,1.0,292,2026-10-07 03:10:00,PT5M,0.0,0.0,0.0,0.0,0.0
0,0,0,0,24,0.14,95.3,1.0,292,2026-10-07 03:15:00,PT5M,0.0,0.0,0.0,0.0,0.0
0,0,0,0,24,0.14,95.3,1.0,293,2026-10-07 03:20:00,PT5M,0.0,0.0,0.0,0.0,0.0
0,0,0,0,24,0.14,95.3,1.0,293,2026-10-07 03:25:00,PT5M,0.0,0.0,0.0,0.0,0.0
0,0,0,0,24,0.14,95.3,1.0,294,2026-10-07 03:30:00,PT5M,0.0,0.0,0.0,0.0,0.0
0,0,0,0,24,0.14,95.3,1.0,294,2026-10-07 03:35:00,PT5M,0.0,0.0,0.0,0.0,0.0
0,0,0,0,24,0.14,95.3,1.0,295,2026-10-07 03:40:00,PT5M,0.0,0.0,0.0,0.0,0.0
0,0,0,0,24,0.14,95.3,1.0,295,2026-10-07 03:45:00,PT5M,0.0,0.0,0.0,0.0,0.0
0,0,0,0,24,0.14,95.3,1.0,295,2026-10-07 03:50:00,PT5M,0.0,0.0,0.0,0.0,0.0
0,0,0,0,24,0.14,95.3,1.0,296,2026-10-07 03:55:00,PT5M,0.0,0.0,0.0,0.0,0.0
0,0,0,0,24,0.14,95.3,1.0,296,2026-10-07 04:00:00,PT5M,0.0,0.0,0.0,0.0,0.0
0,0,0,0,24,0.14,95.3,1.0,297,2026-10-07 04:05:00,PT5M,0.0,0.0,0.0,0.0,0.0
0,0,0,0,24,0.14,95.3,1.0,297,2026-10-07 04:10:00,PT5M,0.0,0.0,0.0,0.0,0.0
0,0,0,0,24,0.14,95.3,1.0,298,2026-10-07 04:15:00,PT5M,0.0,0.0,0.0,0.0,0.0
0,0,0,0,24,0.14,95.3,1.0,298,2026-10-07 04:20:00,PT5M,0.0,0.0,0.0,0.0,0.0
0,0,0,0,24,0.14,95.3,1.0,298,2026-10-07 04:25:00,PT5M,0.0,0.0,0.0,0.0,0.0
0,0,0,0,24,0.14,95.3,1.0,299,2026-10-07 04:30:00,PT5M,0.0,0.0,0.0,0.0,0.0
0,0,0,0,24,0.14,95.3,1.0,299,2026-10-07 04:35:00,PT5M,0.0,0.0,0.0,0.0,0.0
0,0,0,0,24,0.14,95.3,1.0,299,2026-10-07 04:40:00,PT5M,0.0,0.0,0.0,0.0,0.0
0,0,0,0,24,0.14,95.3,1.0,299,2026-10-07 04:45:00,PT5M,0.0,0.0,0.0,0.0,0.0
0,0,0,0,24,0.14,95.3,1.0,299,2026-10-07 04:50:00,PT5M,0.0,0.0,0.0,0.0,0.0
0,0,0,0,24,0.14,95.3,1.0,299,2026-10-07 04:55:00,PT5M,0.0,0.0,0.0,0.0,0.0
0,0,0,0,24,0.14,95.3,1.0,299,2026-10-07 05:00:00,PT5M,0.0,0.0,0.0,0.0,0.0
0,0,0,0,24,0.14,95.3,1.0,299,2026-10-07 05:05:00,PT5M,0.0,0.0,0.0,0.0,0.0
0,0,0,0,24,0.14,95.3,1.0,299,2026-10-07 05:10:00,PT5M,0.0,0.0,0.0,0.0,0.0
0,0,0,0,24,0.14,95.3,1.0,299,2026-10-07 05:15:00,PT5M,0.0,0.0,0.0,0.0,0.0
0,0,0,0,24,0.14,95.3,1.0,299,2026-10-07 05:20:00,PT5M,0.0,0.0,0.0,0.0,0.0
0,0,0,0,24,0.14,95.3,1.0,299,2026-10-07 05:25:00,PT5M,0.0,0.0,0.0,0.0,0.0
0,0,0,0,24,0.14,95.3,1.0,299,2026-10-07 05:30:00,PT5M,0.0,0.0,0.0,0.0,0.0
0,0,0,0,24,0.14,95.1,1.0,300,2026-10-07 05:35:00,PT5M,0.0,0.0,0.0,0.0,0.0
0,0,0,0,24,0.14,94.7,1.0,301,2026-10-07 05:40:00,PT5M,0.0,0.0,0.0,0.0,0.0
0,0,0,0,24,0.14,94.2,0.9,302,2026-10-07 05:45:00,PT5M,0.0,0.0,0.0,0.0,0.0
0,0,0,0,24,0.14,93.8,0.9,304,2026-10-07 05:50:00,PT5M,0.0,0.0,0.0,0.0,0.0
0,0,0,0,24,0.14,93.4,0.9,305,2026-10-07 05:55:00,PT5M,0.0,0.0,0.0,0.0,0.0
4,4,0,4,25,0.14,93.0,0.8,307,2026-10-07 06:00:00,PT5M,0.0,0.0,0.0,0.0,0.0
11,12,0,12,25,0.14,92.6,0.8,308,2026-10-07 06:05:00,PT5M,0.879,1.4185,1.1629,0.5951,0.3395
20,20,0,20,25,0.14,92.1,0.8,310,2026-10-07 06:10:00,PT5M,2.065,3.262,2.695,1.435,0.868
30,30,0,30,25,0.14,91.7,0.7,312,2026-10-07 06:15:00,PT5M,3.368,5.42,4.448,2.288,1.316
42,42,28,39,25,0.14,91.3,0.7,315,2026-10-07 06:20:00,PT5M,5.159,8.342,6.8342,3.4838,1.976
55,54,58,47,25,0.14,90.9,0.7,317,2026-10-07 06:25:00,PT5M,7.447,11.9915,9.8388,5.0552,2.9025
69,68,91,55,25,0.14,90.5,0.7,320,2026-10-07 06:30:00,PT5M,10.316,16.43,13.5338,7.0982,4.202
85,84,126,63,25,0.14,90.1,0.6,322,2026-10-07 06:35:00,PT5M,13.601,21.43,17.7215,9.4805,5.772
102,100,160,70,25,0.14,89.6,0.6,325,2026-10-07 06:40:00,PT5M,17.078,26.698,22.1411,12.0149,7.458
119,117,193,77,25,0.14,89.2,0.5,327,2026-10-07 06:45:00,PT5M,20.839,32.2725,26.8565,14.8215,9.4055
138,135,225,83,25,0.14,88.8,0.5,330,2026-10-07 06:50:00,PT5M,24.802,38.0885,31.7948,17.8092,11.5155
157,153,257,89,26,0.14,88.3,0.5,333,2026-10-07 06:55:00,PT5M,28.965,44.191,36.9786,20.9514,13.739
175,171,282,95,26,0.14,87.9,0.4,337,2026-10-07 07:00:00,PT5M,33.132,50.4115,42.2263,24.0377,15.8525
193,189,301,101,26,0.14,87.5,0.4,342,2026-10-07 07:05:00,PT5M,37.141,56.519,47.3398,26.9422,17.763
211,206,317,107,26,0.14,87.0,0.4,347,2026-10-07 07:10:00,PT5M,41.152,62.6745,52.4794,29.8246,19.6295
229,224,332,114,26,0.14,86.6,0.4,353,2026-10-07 07:15:00,PT5M,45.158,68.807,57.6046,32.7114,21.509
247,241,345,120,26,0.14,86.2,0.3,359,2026-10-07 07:20:00,PT5M,49.141,74.93,62.7139,35.5681,23.352
264,259,358,126,26,0.14,85.7,0.3,7,2026-10-07 07:25:00,PT5M,53.106,81.0405,67.8081,38.4039,25.1715
282,277,369,132,26,0.14,85.3,0.3,14,2026-10-07 07:30:00,PT5M,57.051,87.1435,72.8889,41.2131,26.9585
300,294,380,138,26,0.14,84.9,0.3,22,2026-10-07 07:35:00,PT5M,60.984,93.2695,77.9761,43.9919,28.6985
317,311,390,143,26,0.14,84.6,0.3,28,2026-10-07 07:40:00,PT5M,64.753,99.215,82.8906,46.6154,30.291
335,329,399,149,26,0.14,84.2,0.3,33,2026-10-07 07:45:00,PT5M,66.698,100.0,85.2061,48.1899,31.532
353,346,408,155,27,0.14,83.8,0.3,39,2026-10-07 07:50:00,PT5M,68.55,100.0,87.4047,49.6953,32.7255
370,363,416,160,27,0.14,83.4,0.4,44,2026-10-07 07:55:00,PT5M,70.302,100.0,89.4772,51.1268,33.8685
387,380,424,165,27,0.14,83.1,0.4,48,2026-10-07 08:00:00,PT5M,71.946,100.0,91.4128,52.4792,34.9585
404,397,431,170,27,0.14,82.7,0.4,52,2026-10-07 08:05:00,PT5M,73.499,100.0,93.2295,53.7685,36.0105
421,414,439,175,27,0.14,82.4,0.4,56,2026-10-07 08:10:00,PT5M,74.945,100.0,94.9047,54.9853,37.021
437,430,446,180,27,0.14,82.0,0.4,59,2026-10-07 08:15:00,PT5M,76.251,100.0,96.3949,56.1071,37.977
454,446,452,185,27,0.14,81.6,0.5,62,2026-10-07 08:20:00,PT5M,77.41,100.0,97.682,57.138,38.8925
470,462,457,190,27,0.14,81.3,0.5,65,2026-10-07 08:25:00,PT5M,78.445,100.0,98.8115,58.0785,39.748
486,478,462,194,27,0.14,80.9,0.5,67,2026-10-07 08:30:00,PT5M,79.405,100.0,99.847,58.963,40.5645
501,493,468,199,27,0.14,80.6,0.6,70,2026-10-07 08:35:00,PT5M,80.377,100.0,100.0,59.8826,41.437
517,509,474,203,27,0.14,80.2,0.6,73,2026-10-07 08:40:00,PT5M,81.367,100.0,100.0,60.8402,42.3655
533,524,481,207,28,0.14,79.9,0.6,75,2026-10-07 08:45:00,PT5M,82.299,100.0,100.0,61.7191,43.1965
548,539,486,210,28,0.14,79.5,0.7,78,2026-10-07 08:50:00,PT5M,83.185,100.0,100.0,62.5948,44.063
563,554,492,214,28,0.14,79.2,0.7,80,2026-10-07 08:55:00,PT5M,84.026,100.0,100.0,63.4345,44.9015
578,569,497,217,28,0.14,78.8,0.7,82,2026-10-07 09:00:00,PT5M,84.828,100.0,100.0,64.3007,45.8255
593,584,504,220,28,0.14,78.5,0.8,83,2026-10-07 09:05:00,PT5M,85.712,100.0,100.0,65.3613,47.045
608,598,510,223,28,0.14,78.2,0.8,85,2026-10-07 09:10:00,PT5M,86.556,100.0,100.0,66.38,48.221
622,613,516,225,28,0.14,77.8,0.9,86,2026-10-07 09:15:00,PT5M,87.362,100.0,100.0,67.3586,49.355
636,627,522,227,28,0.14,77.5,0.9,87,2026-10-07 09:20:00,PT5M,88.132,100.0,100.0,68.2989,50.4485
650,640,528,230,28,0.14,77.1,0.9,88,2026-10-07 09:25:00,PT5M,88.868,100.0,100.0,69.2025,51.503
664,654,534,232,28,0.14,76.8,1.0,90,2026-10-07 09:30:00,PT5M,89.571,100.0,100.0,70.0708,52.52
677,667,541,233,28,0.14,76.5,1.0,90,2026-10-07 09:35:00,PT5M,90.335,100.0,100.0,71.0058,53.609
691,681,548,234,29,0.14,76.1,1.1,91,2026-10-07 09:40:00,PT5M,91.107,100.0,100.0,71.9552,54.718
704,694,555,235,29,0.14,75.8,1.1,91,2026-10-07 09:45:00,PT5M,91.812,100.0,100.0,72.8328,55.751
717,706,561,236,29,0.14,75.5,1.1,91,2026-10-07 09:50:00,PT5M,92.465,100.0,100.0,73.6545,56.7245
729,718,568,237,29,0.14,75.2,1.2,92,2026-10-07 09:55:00,PT5M,93.091,100.0,100.0,74.4455,57.664
741,730,574,237,29,0.14,74.8,1.2,92,2026-10-07 10:00:00,PT5M,93.688,100.0,100.0,75.2028,58.5655
753,742,579,238,29,0.14,74.5,1.3,92,2026-10-07 10:05:00,PT5M,94.246,100.0,100.0,75.9171,59.4205
764,752,584,239,29,0.14,74.2,1.3,93,2026-10-07 10:10:00,PT5M,94.766,100.0,100.0,76.5889,60.229
774,763,590,239,29,0.14,73.9,1.4,93,2026-10-07 10:15:00,PT5M,95.261,100.0,100.0,77.2323,61.006
785,773,595,240,29,0.14,73.6,1.4,93,2026-10-07 10:20:00,PT5M,95.73,100.0,100.0,77.8466,61.751
795,783,599,240,29,0.14,73.3,1.4,93,2026-10-07 10:25:00,PT5M,96.174,100.0,100.0,78.4324,62.4645
804,792,604,240,30,0.14,72.9,1.5,94,2026-10-07 10:30:00,PT5M,96.599,100.0,100.0,78.9969,63.1545
812,800,607,241,30,0.14,72.6,1.5,94,2026-10-07 10:35:00,PT5M,96.876,100.0,100.0,79.4,63.671
819,807,607,244,30,0.14,72.3,1.6,95,2026-10-07 10:40:00,PT5M,97.007,100.0,100.0,79.6423,64.0135
825,813,606,246,30,0.14,71.9,1.6,95,2026-10-07 10:45:00,PT5M,97.114,100.0,100.0,79.8548,64.321
830,818,606,248,30,0.14,71.6,1.7,95,2026-10-07 10:50:00,PT5M,97.197,100.0,100.0,80.0362,64.591
835,823,606,250,30,0.14,71.2,1.7,96,2026-10-07 10:55:00,PT5M,97.248,100.0,100.0,80.1659,64.7915
840,828,605,252,30,0.14,70.9,1.7,96,2026-10-07 11:00:00,PT5M,97.288,100.0,100.0,80.2896,64.9905
844,832,604,254,30,0.14,70.6,1.8,97,2026-10-07 11:05:00,PT5M,97.315,100.0,100.0,80.4066,65.1885
847,835,604,255,30,0.14,70.2,1.8,97,2026-10-07 11:10:00,PT5M,97.321,100.0,100.0,80.4952,65.3515
851,838,603,257,30,0.14,69.9,1.9,97,2026-10-07 11:15:00,PT5M,97.302,100.0,100.0,80.5457,65.4645
853,841,601,259,30,0.14,69.6,1.9,98,2026-10-07 11:20:00,PT5M,97.261,100.0,100.0,80.5681,65.544
855,843,600,260,31,0.14,69.2,2.0,98,2026-10-07 11:25:00,PT5M,97.198,100.0,100.0,80.5627,65.5905
857,845,599,262,31,0.14,68.9,2.0,98,2026-10-07 11:30:00,PT5M,97.115,100.0,100.0,80.5326,65.608
858,846,597,263,31,0.14,68.9,2.0,98,2026-10-07 11:35:00,PT5M,97.033,100.0,100.0,80.4543,65.533
858,846,595,264,31,0.14,69.1,2.0,98,2026-10-07 11:40:00,PT5M,96.953,100.0,100.0,80.3288,65.3665
858,846,593,266,31,0.14,69.4,2.0,97,2026-10-07 11:45:00,PT5M,96.85,100.0,100.0,80.1742,65.1655
858,846,591,267,30,0.14,69.7,2.0,97,2026-10-07 11:50:00,PT5M,96.723,100.0,100.0,79.9893,64.9285
857,845,589,268,30,0.14,69.9,2.0,96,2026-10-07 11:55:00,PT5M,96.587,100.0,100.0,79.7889,64.67
855,843,586,269,30,0.14,70.2,2.0,96,2026-10-07 12:00:00,PT5M,96.528,100.0,100.0,79.6596,64.4775
853,841,583,271,30,0.14,70.5,2.0,95,2026-10-07 12:05:00,PT5M,96.417,100.0,100.0,79.4691,64.2155
850,838,577,274,30,0.14,70.7,2.0,95,2026-10-07 12:10:00,PT5M,96.253,100.0,100.0,79.2172,63.8845
846,834,572,277,30,0.14,71.0,2.0,95,2026-10-07 12:15:00,PT5M,96.063,100.0,100.0,78.9335,63.5165
842,830,567,279,30,0.14,71.3,2.0,94,2026-10-07 12:20:00,PT5M,95.847,100.0,100.0,78.6189,63.113
837,826,561,282,30,0.14,71.6,2.0,94,2026-10-07 12:25:00,PT5M,95.606,100.0,100.0,78.2742,62.675
832,821,555,284,30,0.14,71.8,2.0,93,2026-10-07 12:30:00,PT5M,95.34,100.0,100.0,77.9005,62.2045
825,814,547,287,30,0.14,72.1,2.0,93,2026-10-07 12:35:00,PT5M,94.928,100.0,100.0,77.3867,61.599
817,806,537,291,30,0.14,72.4,2.0,92,2026-10-07 12:40:00,PT5M,94.431,100.0,100.0,76.7929,60.918
808,798,526,295,30,0.14,72.7,2.0,92,2026-10-07 12:45:00,PT5M,93.836,100.0,100.0,76.0884,60.115
799,789,516,299,30,0.14,73.0,2.0,91,2026-10-07 12:50:00,PT5M,93.213,100.0,100.0,75.353,59.2785
790,779,505,302,30,0.14,73.2,2.0,91,2026-10-07 12:55:00,PT5M,92.576,100.0,100.0,74.6118,58.4435
780,770,495,305,30,0.14,73.5,2.0,90,2026-10-07 13:00:00,PT5M,91.912,100.0,100.0,73.8423,57.579
770,760,485,307,30,0.14,73.8,2.0,90,2026-10-07 13:05:00,PT5M,91.233,100.0,100.0,73.0454,56.676
760,750,477,308,30,0.14,74.1,2.0,89,2026-10-07 13:10:00,PT5M,90.554,100.0,100.0,72.2459,55.768
749,740,469,309,29,0.14,74.4,2.0,89,2026-10-07 13:15:00,PT5M,89.84,100.0,100.0,71.4071,54.817
738,729,460,310,29,0.14,74.7,2.0,88,2026-10-07 13:20:00,PT5M,89.094,100.0,100.0,70.533,53.8275
727,718,452,310,29,0.14,75.0,2.0,88,2026-10-07 13:25:00,PT5M,88.318,100.0,100.0,69.6267,52.804
716,707,444,310,29,0.14,75.3,2.0,87,2026-10-07 13:30:00,PT5M,87.513,100.0,100.0,68.6888,51.7465
702,694,431,312,29,0.14,75.5,2.0,87,2026-10-07 13:35:00,PT5M,86.424,100.0,100.0,67.4075,50.292
686,678,415,314,29,0.14,75.8,2.0,87,2026-10-07 13:40:00,PT5M,85.043,100.0,100.0,65.7775,48.438
670,662,400,316,29,0.14,76.0,2.0,87,2026-10-07 13:45:00,PT5M,83.621,100.0,100.0,64.1076,46.545
654,646,384,318,29,0.14,76.3,2.0,86,2026-10-07 13:50:00,PT5M,82.157,100.0,100.0,62.3971,44.6125
637,630,369,319,29,0.14,76.6,2.0,86,2026-10-07 13:55:00,PT5M,80.65,100.0,100.0,60.6451,42.64
621,614,353,319,29,0.14,76.8,2.0,86,2026-10-07 14:00:00,PT5M,79.047,100.0,99.2969,58.7971,40.5715
604,598,339,320,29,0.14,77.1,2.0,86,2026-10-07 14:05:00,PT5M,77.459,100.0,97.9518,56.9662,38.522
587,581,323,319,29,0.14,77.3,2.0,85,2026-10-07 14:10:00,PT5M,75.792,100.0,96.5272,55.0568,36.3945
570,565,308,319,29,0.14,77.6,2.0,85,2026-10-07 14:15:00,PT5M,74.068,100.0,95.0429,53.0931,34.215
553,548,293,317,29,0.14,77.9,2.0,85,2026-10-07 14:20:00,PT5M,72.301,100.0,93.5125,51.0895,31.9985
536,531,279,316,29,0.14,78.1,2.0,85,2026-10-07 14:25:00,PT5M,70.492,100.0,91.9366,49.0474,29.7465
519,514,264,314,29,0.14,78.4,2.0,84,2026-10-07 14:30:00,PT5M,68.64,100.0,90.3139,46.9661,27.459
505,500,255,310,29,0.14,78.7,2.0,84,2026-10-07 14:35:00,PT5M,67.207,100.0,89.0437,45.3703,25.7165
493,488,251,304,29,0.14,78.9,2.0,84,2026-10-07 14:40:00,PT5M,66.199,100.0,87.9986,44.3994,24.779
480,476,247,299,29,0.14,79.2,2.0,83,2026-10-07 14:45:00,PT5M,65.155,100.0,86.9075,43.4025,23.8245
468,464,243,293,28,0.14,79.5,2.0,83,2026-10-07 14:50:00,PT5M,64.106,100.0,85.803,42.409,22.881
456,452,240,287,28,0.14,79.7,2.0,82,2026-10-07 14:55:00,PT5M,63.087,100.0,84.7185,41.4555,21.9865
444,440,236,281,28,0.14,80.0,2.0,82,2026-10-07 15:00:00,PT5M,62.029,100.0,83.5863,40.4717,21.0695
431,427,232,275,28,0.14,80.3,2.0,81,2026-10-07 15:05:00,PT5M,60.871,100.0,82.3306,39.4114,20.097
417,414,226,269,28,0.14,80.6,2.0,81,2026-10-07 15:10:00,PT5M,59.647,100.0,80.9827,38.3113,19.1085
404,400,220,263,28,0.14,80.8,2.0,80,2026-10-07 15:15:00,PT5M,58.314,98.593,79.5131,37.1149,18.035
390,387,214,257,28,0.14,81.1,2.0,80,2026-10-07 15:20:00,PT5M,56.919,96.9045,77.9637,35.8743,16.9335
376,373,208,251,28,0.14,81.4,2.0,79,2026-10-07 15:25:00,PT5M,55.455,95.106,76.3236,34.5864,15.804
362,359,201,244,28,0.14,81.7,2.0,79,2026-10-07 15:30:00,PT5M,53.917,93.1845,74.5838,33.2502,14.6495
348,345,194,237,28,0.14,82.0,2.0,78,2026-10-07 15:35:00,PT5M,52.295,91.097,72.7168,31.8732,13.493
333,330,186,230,28,0.14,82.3,2.0,78,2026-10-07 15:40:00,PT5M,50.587,88.832,70.7156,30.4584,12.342
319,316,179,223,28,0.14,82.6,2.0,78,2026-10-07 15:45:00,PT5M,48.781,86.379,68.5691,28.9929,11.183
304,301,170,216,28,0.14,82.9,2.1,77,2026-10-07 15:50:00,PT5M,46.879,83.747,66.2829,27.4751,10.011
289,287,162,209,28,0.14,83.2,2.1,77,2026-10-07 15:55:00,PT5M,44.885,80.95,63.8663,25.9037,8.82
274,272,153,201,28,0.14,83.6,2.1,76,2026-10-07 16:00:00,PT5M,42.804,77.9965,61.3261,24.2819,7.6115
259,257,144,193,28,0.14,83.9,2.1,76,2026-10-07 16:05:00,PT5M,40.695,74.975,58.7368,22.6532,6.415
244,242,136,185,28,0.14,84.2,2.1,75,2026-10-07 16:10:00,PT5M,38.508,71.593,55.9209,21.0951,5.423
229,228,127,176,27,0.14,84.6,2.1,75,2026-10-07 16:15:00,PT5M,35.883,66.583,52.0406,19.7254,5.183
214,213,118,168,27,0.14,84.9,2.1,74,2026-10-07 16:20:00,PT5M,33.199,61.6195,48.1569,18.2411,4.7785
200,198,108,159,27,0.14,85.2,2.1,74,2026-10-07 16:25:00,PT5M,30.501,56.681,44.2797,16.7223,4.321
185,184,98,150,27,0.14,85.6,2.1,74,2026-10-07 16:30:00,PT5M,27.935,51.9205,40.5587,15.3113,3.9495
170,169,86,141,27,0.14,85.9,2.1,73,2026-10-07 16:35:00,PT5M,25.159,46.9835,36.6454,13.6726,3.3345
155,154,73,132,27,0.14,86.2,2.1,73,2026-10-07 16:40:00,PT5M,22.336,42.036,32.7043,11.9677,2.636
140,139,59,123,27,0.14,86.5,2.1,72,2026-10-07 16:45:00,PT5M,19.604,37.2155,28.8731,10.3349,1.9925
125,125,45,113,27,0.14,86.8,2.1,72,2026-10-07 16:50:00,PT5M,16.989,32.569,25.1889,8.7891,1.409
110,110,27,104,27,0.14,87.1,2.1,71,2026-10-07 16:55:00,PT5M,14.317,27.9655,21.5003,7.1337,0.6685
96,96,8,94,27,0.14,87.4,2.1,71,2026-10-07 17:00:00,PT5M,11.868,23.696,18.0932,5.6428,0.04
82,82,0,82,27,0.14,87.7,2.1,70,2026-10-07 17:05:00,PT5M,9.809,19.895,15.1173,4.5007,0.0
69,70,0,70,27,0.14,88.0,2.1,70,2026-10-07 17:10:00,PT5M,8.211,16.5765,12.6138,3.8082,0.0
58,58,0,58,27,0.14,88.3,2.1,70,2026-10-07 17:15:00,PT5M,6.778,13.523,10.3279,3.2281,0.033
46,47,0,47,27,0.14,88.6,2.1,69,2026-10-07 17:20:00,PT5M,5.377,10.596,8.1238,2.6302,0.158
37,37,0,37,27,0.14,88.9,2.1,69,2026-10-07 17:25:00,PT5M,4.044,7.888,6.0671,2.0209,0.2
28,28,0,28,27,0.14,89.2,2.2,68,2026-10-07 17:30:00,PT5M,2.935,5.65,4.3639,1.5061,0.22
20,20,0,20,27,0.14,89.4,2.1,68,2026-10-07 17:35:00,PT5M,1.947,3.678,2.858,1.036,0.216
13,13,0,13,27,0.14,89.5,2.1,68,2026-10-07 17:40:00,PT5M,1.037,1.9665,1.5262,0.5478,0.1075
7,7,0,7,26,0.14,89.7,2.1,68,2026-10-07 17:45:00,PT5M,0.19,0.4915,0.3487,0.0313,0.0
1,1,0,1,26,0.14,89.8,2.0,68,2026-10-07 17:50:00,PT5M,0.0,0.0,0.0,0.0,0.0
0,0,0,0,26,0.14,89.9,2.0,68,2026-10-07 17:55:00,PT5M,0.0,0.0,0.0,0.0,0.0
0,0,0,0,26,0.14,90.1,2.0,67,2026-10-07 18:00:00,PT5M,0.0,0.0,0.0,0.0,0.0
0,0,0,0,26,0.14,90.2,1.9,67,2026-10-07 18:05:00,PT5M,0.0,0.0,0.0,0.0,0.0
0,0,0,0,26,0.14,90.3,1.9,67,2026-10-07 18:10:00,PT5M,0.0,0.0,0.0,0.0,0.0
0,0,0,0,26,0.14,90.5,1.9,67,2026-10-07 18:15:00,PT5M,0.0,0.0,0.0,0.0,0.0
0,0,0,0,26,0.14,90.6,1.8,67,2026-10-07 18:20:00,PT5M,0.0,0.0,0.0,0.0,0.0
0,0,0,0,26,0.14,90.7,1.8,67,2026-10-07 18:25:00,PT5M,0.0,0.0,0.0,0.0,0.0
0,0,0,0,26,0.14,90.9,1.8,66,2026-10-07 18:30:00,PT5M,0.0,0.0,0.0,0.0,0.0
0,0,0,0,26,0.14,90.9,1.7,66,2026-10-07 18:35:00,PT5M,0.0,0.0,0.0,0.0,0.0
0,0,0,0,26,0.14,91.0,1.7,66,2026-10-07 18:40:00,PT5M,0.0,0.0,0.0,0.0,0.0
0,0,0,0,26,0.14,91.0,1.7,65,2026-10-07 18:45:00,PT5M,0.0,0.0,0.0,0.0,0.0
0,0,0,0,26,0.14,91.1,1.6,64,2026-10-07 18:50:00,PT5M,0.0,0.0,0.0,0.0,0.0
0,0,0,0,26,0.14,91.1,1.6,64,2026-10-07 18:55:00,PT5M,0.0,0.0,0.0,0.0,0.0
0,0,0,0,26,0.14,91.2,1.5,63,2026-10-07 19:00:00,PT5M,0.0,0.0,0.0,0.0,0.0
0,0,0,0,26,0.14,91.2,1.5,62,2026-10-07 19:05:00,PT5M,0.0,0.0,0.0,0.0,0.0
0,0,0,0,26,0.14,91.3,1.5,61,2026-10-07 19:10:00,PT5M,0.0,0.0,0.0,0.0,0.0
0,0,0,0,26,0.14,91.3,1.4,61,2026-10-07 19:15:00,PT5M,0.0,0.0,0.0,0.0,0.0
0,0,0,0,26,0.14,91.3,1.4,60,2026-10-07 19:20:00,PT5M,0.0,0.0,0.0,0.0,0.0
0,0,0,0,26,0.14,91.4,1.4,59,2026-10-07 19:25:00,PT5M,0.0,0.0,0.0,0.0,0.0
0,0,0,0,26,0.14,91.4,1.3,58,2026-10-07 19:30:00,PT5M,0.0,0.0,0.0,0.0,0.0
0,0,0,0,26,0.14,91.5,1.3,57,2026-10-07 19:35:00,PT5M,0.0,0.0,0.0,0.0,0.0
0,0,0,0,26,0.14,91.5,1.3,56,2026-10-07 19:40:00,PT5M,0.0,0.0,0.0,0.0,0.0
0,0,0,0,26,0.14,91.6,1.2,55,2026-10-07 19:45:00,PT5M,0.0,0.0,0.0,0.0,0.0
0,0,0,0,26,0.14,91.6,1.2,55,2026-10-07 19:50:00,PT5M,0.0,0.0,0.0,0.0,0.0
0,0,0,0,26,0.14,91.7,1.2,54,2026-10-07 19:55:00,PT5M,0.0,0.0,0.0,0.0,0.0
0,0,0,0,26,0.14,91.7,1.2,53,2026-10-07 20:00:00,PT5M,0.0,0.0,0.0,0.0,0.0
0,0,0,0,26,0.14,91.7,1.1,52,2026-10-07 20:05:00,PT5M,0.0,0.0,0.0,0.0,0.0
0,0,0,0,26,0.14,91.8,1.1,51,2026-10-07 20:10:00,PT5M,0.0,0.0,0.0,0.0,0.0
0,0,0,0,26,0.14,91.8,1.1,49,2026-10-07 20:15:00,PT5M,0.0,0.0,0.0,0.0,0.0
0,0,0,0,26,0.14,91.9,1.1,48,2026-10-07 20:20:00,PT5M,0.0,0.0,0.0,0.0,0.0
0,0,0,0,26,0.14,91.9,1.0,47,2026-10-07 20:25:00,PT5M,0.0,0.0,0.0,0.0,0.0
0,0,0,0,26,0.14,92.0,1.0,46,2026-10-07 20:30:00,PT5M,0.0,0.0,0.0,0.0,0.0
0,0,0,0,26,0.14,92.0,1.0,44,2026-10-07 20:35:00,PT5M,0.0,0.0,0.0,0.0,0.0
0,0,0,0,26,0.14,92.1,0.9,43,2026-10-07 20:40:00,PT5M,0.0,0.0,0.0,0.0,0.0
0,0,0,0,26,0.14,92.2,0.9,42,2026-10-07 20:45:00,PT5M,0.0,0.0,0.0,0.0,0.0
0,0,0,0,26,0.14,92.3,0.9,41,2026-10-07 20:50:00,PT5M,0.0,0.0,0.0,0.0,0.0
0,0,0,0,26,0.14,92.4,0.9,40,2026-10-07 20:55:00,PT5M,0.0,0.0,0.0,0.0,0.0
0,0,0,0,26,0.14,92.5,0.8,38,2026-10-07 21:00:00,PT5M,0.0,0.0,0.0,0.0,0.0
0,0,0,0,26,0.14,92.6,0.8,37,2026-10-07 21:05:00,PT5M,0.0,0.0,0.0,0.0,0.0
0,0,0,0,26,0.14,92.7,0.8,35,2026-10-07 21:10:00,PT5M,0.0,0.0,0.0,0.0,0.0
0,0,0,0,26,0.14,92.8,0.8,34,2026-10-07 21:15:00,PT5M,0.0,0.0,0.0,0.0,0.0
0,0,0,0,26,0.14,92.9,0.7,32,2026-10-07 21:20:00,PT5M,0.0,0.0,0.0,0.0,0.0
0,0,0,0,26,0.14,93.0,0.7,30,2026-10-07 21:25:00,PT5M,0.0,0.0,0.0,0.0,0.0
0,0,0,0,26,0.14,93.0,0.7,28,2026-10-07 21:30:00,PT5M,0.0,0.0,0.0,0.0,0.0
0,0,0,0,26,0.14,93.1,0.7,25,2026-10-07 21:35:00,PT5M,0.0,0.0,0.0,0.0,0.0
0,0,0,0,26,0.14,93.2,0.6,23,2026-10-07 21:40:00,PT5M,0.0,0.0,0.0,0.0,0.0
0,0,0,0,25,0.14,93.3,0.6,20,2026-10-07 21:45:00,PT5M,0.0,0.0,0.0,0.0,0.0
0,0,0,0,25,0.14,93.4,0.6,17,2026-10-07 21:50:00,PT5M,0.0,0.0,0.0,0.0,0.0
0,0,0,0,25,0.14,93.5,0.6,14,2026-10-07 21:55:00,PT5M,0.0,0.0,0.0,0.0,0.0
0,0,0,0,25,0.14,93.6,0.6,11,2026-10-07 22:00:00,PT5M,0.0,0.0,0.0,0.0,0.0
0,0,0,0,25,0.14,93.7,0.6,8,2026-10-07 22:05:00,PT5M,0.0,0.0,0.0,0.0,0.0
0,0,0,0,25,0.14,93.8,0.6,5,2026-10-07 22:10:00,PT5M,0.0,0.0,0.0,0.0,0.0
0,0,0,0,25,0.14,93.9,0.6,2,2026-10-07 22:15:00,PT5M,0.0,0.0,0.0,0.0,0.0
0,0,0,0,25,0.14,94.0,0.6,358,2026-10-07 22:20:00,PT5M,0.0,0.0,0.0,0.0,0.0
0,0,0,0,25,0.14,94.1,0.6,355,2026-10-07 22:25:00,PT5M,0.0,0.0,0.0,0.0,0.0
0,0,0,0,25,0.14,94.2,0.6,352,2026-10-07 22:30:00,PT5M,0.0,0.0,0.0,0.0,0.0
0,0,0,0,25,0.14,94.2,0.6,349,2026-10-07 22:35:00,PT5M,0.0,0.0,0.0,0.0,0.0
0,0,0,0,25,0.14,94.3,0.6,345,2026-10-07 22:40:00,PT5M,0.0,0.0,0.0,0.0,0.0
0,0,0,0,25,0.14,94.4,0.6,341,2026-10-07 22:45:00,PT5M,0.0,0.0,0.0,0.0,0.0
0,0,0,0,25,0.14,94.5,0.6,337,2026-10-07 22:50:00,PT5M,0.0,0.0,0.0,0.0,0.0
0,0,0,0,25,0.14,94.6,0.6,333,2026-10-07 22:55:00,PT5M,0.0,0.0,0.0,0.0,0.0
0,0,0,0,25,0.14,94.7,0.6,329,2026-10-07 23:00:00,PT5M,0.0,0.0,0.0,0.0,0.0
0,0,0,0,25,0.14,94.8,0.7,326,2026-10-07 23:05:00,PT5M,0.0,0.0,0.0,0.0,0.0
0,0,0,0,25,0.14,94.9,0.7,322,2026-10-07 23:10:00,PT5M,0.0,0.0,0.0,0.0,0.0
0,0,0,0,25,0.14,95.0,0.7,319,2026-10-07 23:15:00,PT5M,0.0,0.0,0.0,0.0,0.0
0,0,0,0,25,0.14,95.1,0.7,316,2026-10-07 23:20:00,PT5M,0.0,0.0,0.0,0.0,0.0
0,0,0,0,25,0.14,95.2,0.7,314,2026-10-07 23:25:00,PT5M,0.0,0.0,0.0,0.0,0.0
0,0,0,0,25,0.14,95.3,0.8,311,2026-10-07 23:30:00,PT5M,0.0,0.0,0.0,0.0,0.0
0,0,0,0,25,0.14,95.3,0.8,311,2026-10-07 23:35:00,PT5M,0.0,0.0,0.0,0.0,0.0
0,0,0,0,25,0.14,95.3,0.8,312,2026-10-07 23:40:00,PT5M,0.0,0.0,0.0,0.0,0.0
0,0,0,0,25,0.14,95.3,0.8,314,2026-10-07 23:45:00,PT5M,0.0,0.0,0.0,0.0,0.0
0,0,0,0,25,0.14,95.3,0.8,316,2026-10-07 23:50:00,PT5M,0.0,0.0,0.0,0.0,0.0
0,0,0,0,25,0.14,95.3,0.8,318,2026-10-07 23:55:00,PT5M,0.0,0.0,0.0,0.0,0.0
0,0,0,0,25,0.14,95.3,0.8,319,2026-10-08 00:00:00,PT5M,0.0,0.0,0.0,0.0,0.0
0,0,0,0,25,0.14,95.3,0.8,321,2026-10-08 00:05:00,PT5M,0.0,0.0,0.0,0.0,0.0
0,0,0,0,25,0.14,95.3,0.8,323,2026-10-08 00:10:00,PT5M,0.0,0.0,0.0,0.0,0.0
0,0,0,0,25,0.14,95.3,0.8,324,2026-10-08 00:15:00,PT5M,0.0,0.0,0.0,0.0,0.0
0,0,0,0,25,0.14,95.3,0.8,326,2026-10-08 00:20:00,PT5M,0.0,0.0,0.0,0.0,0.0
0,0,0,0,25,0.14,95.3,0.8,328,2026-10-08 00:25:00,PT5M,0.0,0.0,0.0,0.0,0.0
0,0,0,0,25,0.14,95.3,0.8,329,2026-10-08 00:30:00,PT5M,0.0,0.0,0.0,0.0,0.0
0,0,0,0,25,0.14,95.3,0.8,331,2026-10-08 00:35:00,PT5M,0.0,0.0,0.0,0.0,0.0
0,0,0,0,25,0.14,95.3,0.8,331,2026-10-08 00:40:00,PT5M,0.0,0.0,0.0,0.0,0.0
0,0,0,0,25,0.14,95.3,0.8,332,2026-10-08 00:45:00,PT5M,0.0,0.0,0.0,0.0,0.0
0,0,0,0,25,0.14,95.3,0.8,333,2026-10-08 00:50:00,PT5M,0.0,0.0,0.0,0.0,0.0
0,0,0,0,25,0.14,95.3,0.8,334,2026-10-08 00:55:00,PT5M,0.0,0.0,0.0,0.0,0.0
0,0,0,0,25,0.14,95.3,0.8,335,2026-10-08 01:00:00,PT5M,0.0,0.0,0.0,0.0,0.0
0,0,0,0,25,0.14,95.3,0.8,335,2026-10-08 01:05:00,PT5M,0.0,0.0,0.0,0.0,0.0
0,0,0,0,25,0.14,95.3,0.8,336,2026-10-08 01:10:00,PT5M,0.0,0.0,0.0,0.0,0.0
0,0,0,0,25,0.14,95.3,0.8,337,2026-10-08 01:15:00,PT5M,0.0,0.0,0.0,0.0,0.0
0,0,0,0,25,0.14,95.3,0.8,338,2026-10-08 01:20:00,PT5M,0.0,0.0,0.0,0.0,0.0
0,0,0,0,25,0.14,95.3,0.8,338,2026-10-08 01:25:00,PT5M,0.0,0.0,0.0,0.0,0.0
0,0,0,0,25,0.14,95.3,0.9,339,2026-10-08 01:30:00,PT5M,0.0,0.0,0.0,0.0,0.0
0,0,0,0,25,0.14,95.3,0.9,340,2026-10-08 01:35:00,PT5M,0.0,0.0,0.0,0.0,0.0
0,0,0,0,25,0.14,95.4,0.9,340,2026-10-08 01:40:00,PT5M,0.0,0.0,0.0,0.0,0.0
0,0,0,0,25,0.14,95.4,0.8,341,2026-10-08 01:45:00,PT5M,0.0,0.0,0.0,0.0,0.0
0,0,0,0,25,0.14,95.5,0.8,341,2026-10-08 01:50:00,PT5M,0.0,0.0,0.0,0.0,0.0
0,0,0,0,25,0.14,95.5,0.8,342,2026-10-08 01:55:00,PT5M,0.0,0.0,0.0,0.0,0.0
0,0,0,0,25,0.14,95.6,0.8,342,2026-10-08 02:00:00,PT5M,0.0,0.0,0.0,0.0,0.0
0,0,0,0,25,0.14,95.6,0.8,343,2026-10-08 02:05:00,PT5M,0.0,0.0,0.0,0.0,0.0
0,0,0,0,25,0.14,95.7,0.8,343,2026-10-08 02:10:00,PT5M,0.0,0.0,0.0,0.0,0.0
0,0,0,0,25,0.14,95.7,0.8,344,2026-10-08 02:15:00,PT5M,0.0,0.0,0.0,0.0,0.0
0,0,0,0,25,0.14,95.8,0.8,345,2026-10-08 02:20:00,PT5M,0.0,0.0,0.0,0.0,0.0
0,0,0,0,25,0.14,95.8,0.8,345,2026-10-08 02:25:00,PT5M,0.0,0.0,0.0,0.0,0.0
0,0,0,0,25,0.14,95.9,0.8,346,2026-10-08 02:30:00,PT5M,0.0,0.0,0.0,0.0,0.0
0,0,0,0,25,0.14,95.9,0.8,347,2026-10-08 02:35:00,PT5M,0.0,0.0,0.0,0.0,0.0
0,0,0,0,25,0.14,95.9,0.8,348,2026-10-08 02:40:00,PT5M,0.0,0.0,0.0,0.0,0.0
0,0,0,0,25,0.14,95.9,0.9,349,2026-10-08 02:45:00,PT5M,0.0,0.0,0.0,0.0,0.0
0,0,0,0,25,0.14,95.9,0.9,351,2026-10-08 02:50:00,PT5M,0.0,0.0,0.0,0.0,0.0
0,0,0,0,25,0.14,95.9,0.9,352,2026-10-08 02:55:00,PT5M,0.0,0.0,0.0,0.0,0.0
0,0,0,0,25,0.14,95.9,0.9,353,2026-10-08 03:00:00,PT5M,0.0,0.0,0.0,0.0,0.0
0,0,0,0,24,0.14,95.9,0.9,354,2026-10-08 03:05:00,PT5M,0.0,0.0,0.0,0.0,0.0
0,0,0,0,24,0.14,95.9,0.9,355,2026-10-08 03:10:00,PT5M,0.0,0.0,0.0,0.0,0.0
0,0,0,0,24,0.14,95.9,0.9,356,2026-10-08 03:15:00,PT5M,0.0,0.0,0.0,0.0,0.0
0,0,0,0,24,0.14,95.9,1.0,358,2026-10-08 03:20:00,PT5M,0.0,0.0,0.0,0.0,0.0
0,0,0,0,24,0.14,95.9,1.0,359,2026-10-08 03:25:00,PT5M,0.0,0.0,0.0,0.0,0.0
0,0,0,0,24,0.14,95.9,1.0,360,2026-10-08 03:30:00,PT5M,0.0,0.0,0.0,0.0,0.0
0,0,0,0,24,0.14,95.9,1.0,0,2026-10-08 03:35:00,PT5M,0.0,0.0,0.0,0.0,0.0
0,0,0,0,24,0.14,95.9,1.0,1,2026-10-08 03:40:00,PT5M,0.0,0.0,0.0,0.0,0.0
0,0,0,0,24,0.14,95.9,1.0,1,2026-10-08 03:45:00,PT5M,0.0,0.0,0.0,0.0,0.0
0,0,0,0,24,0.14,95.9,1.0,2,2026-10-08 03:50:00,PT5M,0.0,0.0,0.0,0.0,0.0
0,0,0,0,24,0.14,95.9,1.0,2,2026-10-08 03:55:00,PT5M,0.0,0.0,0.0,0.0,0.0
0,0,0,0,24,0.14,95.9,1.0,3,2026-10-08 04:00:00,PT5M,0.0,0.0,0.0,0.0,0.0
0,0,0,0,24,0.14,95.9,1.0,3,2026-10-08 04:05:00,PT5M,0.0,0.0,0.0,0.0,0.0
0,0,0,0,24,0.14,95.9,1.0,4,2026-10-08 04:10:00,PT5M,0.0,0.0,0.0,0.0,0.0
0,0,0,0,24,0.14,95.9,1.0,4,2026-10-08 04:15:00,PT5M,0.0,0.0,0.0,0.0,0.0
0,0,0,0,24,0.14,95.9,1.0,5,2026-10-08 04:20:00,PT5M,0.0,0.0,0.0,0.0,0.0
0,0,0,0,24,0.14,95.9,1.0,5,2026-10-08 04:25:00,PT5M,0.0,0.0,0.0,0.0,0.0
0,0,0,0,24,0.14,95.9,1.0,5,2026-10-08 04:30:00,PT5M,0.0,0.0,0.0,0.0,0.0
0,0,0,0,24,0.14,95.9,1.0,6,2026-10-08 04:35:00,PT5M,0.0,0.0,0.0,0.0,0.0
0,0,0,0,24,0.14,96.0,1.0,7,2026-10-08 04:40:00,PT5M,0.0,0.0,0.0,0.0,0.0
0,0,0,0,24,0.14,96.0,1.0,8,2026-10-08 04:45:00,PT5M,0.0,0.0,0.0,0.0,0.0
0,0,0,0,24,0.14,96.0,1.0,9,2026-10-08 04:50:00,PT5M,0.0,0.0,0.0,0.0,0.0
0,0,0,0,24,0.14,96.1,1.1,10,2026-10-08 04:55:00,PT5M,0.0,0.0,0.0,0.0,0.0
0,0,0,0,24,0.14,96.1,1.1,10,2026-10-08 05:00:00,PT5M,0.0,0.0,0.0,0.0,0.0
0,0,0,0,24,0.14,96.2,1.1,11,2026-10-08 05:05:00,PT5M,0.0,0.0,0.0,0.0,0.0
0,0,0,0,24,0.14,96.2,1.1,12,2026-10-08 05:10:00,PT5M,0.0,0.0,0.0,0.0,0.0
0,0,0,0,24,0.14,96.3,1.1,13,2026-10-08 05:15:00,PT5M,0.0,0.0,0.0,0.0,0.0
0,0,0,0,24,0.14,96.3,1.1,13,2026-10-08 05:20:00,PT5M,0.0,0.0,0.0,0.0,0.0
0,0,0,0,24,0.14,96.4,1.1,14,2026-10-08 05:25:00,PT5M,0.0,0.0,0.0,0.0,0.0
0,0,0,0,24,0.14,96.4,1.1,15,2026-10-08 05:30:00,PT5M,0.0,0.0,0.0,0.0,0.0
0,0,0,0,24,0.14,96.2,1.1,16,2026-10-08 05:35:00,PT5M,0.0,0.0,0.0,0.0,0.0
0,0,0,0,24,0.14,95.8,1.1,16,2026-10-08 05:40:00,PT5M,0.0,0.0,0.0,0.0,0.0
0,0,0,0,24,0.14,95.4,1.2,17,2026-10-08 05:45:00,PT5M,0.0,0.0,0.0,0.0,0.0
0,0,0,0,25,0.14,95.0,1.2,18,2026-10-08 05:50:00,PT5M,0.0,0.0,0.0,0.0,0.0
0,0,0,0,25,0.14,94.5,1.2,19,2026-10-08 05:55:00,PT5M,0.0,0.0,0.0,0.0,0.0
4,4,0,4,25,0.14,94.1,1.2,20,2026-10-08 06:00:00,PT5M,0.0,0.0,0.0,0.0,0.0
12,12,0,12,25,0.14,93.7,1.2,20,2026-10-08 06:05:00,PT5M,0.911,1.455,1.1973,0.6247,0.367
21,21,0,21,25,0.14,93.3,1.2,21,2026-10-08 06:10:00,PT5M,2.1,3.324,2.7442,1.4558,0.876
31,31,3,30,25,0.14,92.9,1.2,22,2026-10-08 06:15:00,PT5M,3.42,5.491,4.51,2.33,1.349
42,42,30,39,25,0.14,92.4,1.2,23,2026-10-08 06:20:00,PT5M,5.199,8.364,6.8648,3.5332,2.034
55,54,58,47,25,0.14,92.0,1.2,23,2026-10-08 06:25:00,PT5M,7.442,11.893,9.7846,5.0994,2.991
69,68,89,55,25,0.14,91.6,1.2,24,2026-10-08 06:30:00,PT5M,10.243,16.238,13.3982,7.0878,4.248
85,83,122,63,25,0.14,91.2,1.2,25,2026-10-08 06:35:00,PT5M,13.371,21.0105,17.3917,9.3503,5.7315
101,99,154,70,25,0.14,90.8,1.2,26,2026-10-08 06:40:00,PT5M,16.815,26.1675,21.7373,11.8927,7.4625
119,116,185,77,26,0.14,90.4,1.2,28,2026-10-08 06:45:00,PT5M,20.472,31.569,26.3124,14.6316,9.375
137,133,216,84,26,0.14,90.0,1.2,29,2026-10-08 06:50:00,PT5M,24.325,37.2085,31.1057,17.5443,11.4415
155,152,246,90,26,0.14,89.6,1.2,30,2026-10-08 06:55:00,PT5M,28.38,43.1345,36.1454,20.6146,13.6255
174,170,270,97,26,0.14,89.2,1.2,31,2026-10-08 07:00:00,PT5M,32.431,49.17,41.2409,23.6211,15.692
192,187,289,103,26,0.14,88.8,1.2,32,2026-10-08 07:05:00,PT5M,36.419,55.2305,46.3196,26.5184,17.6075
210,205,307,110,26,0.14,88.4,1.2,34,2026-10-08 07:10:00,PT5M,40.488,61.4235,51.5065,29.4695,19.5525
228,223,323,116,26,0.14,88.0,1.3,35,2026-10-08 07:15:00,PT5M,44.591,67.682,56.744,32.438,21.5
246,241,338,122,26,0.14,87.6,1.3,36,2026-10-08 07:20:00,PT5M,48.711,73.975,62.0076,35.4144,23.447
265,259,352,128,26,0.14,87.3,1.3,37,2026-10-08 07:25:00,PT5M,52.795,80.293,67.2674,38.3226,25.297
283,277,365,134,26,0.14,86.9,1.3,38,2026-10-08 07:30:00,PT5M,56.868,86.59,72.5109,41.2251,27.146
301,295,376,140,26,0.14,86.5,1.3,39,2026-10-08 07:35:00,PT5M,60.86,92.862,77.7029,44.0171,28.858
318,312,386,146,27,0.14,86.1,1.3,40,2026-10-08 07:40:00,PT5M,64.555,98.7635,82.5592,46.5508,30.3465
336,329,395,151,27,0.14,85.7,1.3,41,2026-10-08 07:45:00,PT5M,66.482,100.0,84.9188,48.0452,31.4515
353,347,404,157,27,0.14,85.4,1.4,43,2026-10-08 07:50:00,PT5M,68.304,100.0,87.1474,49.4606,32.501
371,364,411,163,27,0.14,85.0,1.4,44,2026-10-08 07:55:00,PT5M,70.019,100.0,89.2411,50.7969,33.4965
388,380,418,168,27,0.14,84.6,1.4,45,2026-10-08 08:00:00,PT5M,71.616,100.0,91.1859,52.0461,34.4325
404,397,424,174,27,0.14,84.2,1.4,45,2026-10-08 08:05:00,PT5M,73.056,100.0,92.9309,53.1811,35.293
421,413,430,180,27,0.14,83.9,1.4,46,2026-10-08 08:10:00,PT5M,74.333,100.0,94.4658,54.2002,36.08
437,429,434,186,27,0.14,83.5,1.5,47,2026-10-08 08:15:00,PT5M,75.472,100.0,95.8193,55.1247,36.8115
452,444,438,191,27,0.14,83.2,1.5,48,2026-10-08 08:20:00,PT5M,76.471,100.0,96.9788,55.9632,37.5055
468,460,441,197,27,0.14,82.8,1.5,49,2026-10-08 08:25:00,PT5M,77.353,100.0,97.9856,56.7204,38.1505
483,474,444,203,28,0.14,82.4,1.5,50,2026-10-08 08:30:00,PT5M,78.165,100.0,98.902,57.428,38.764
498,489,447,208,28,0.14,82.1,1.6,50,2026-10-08 08:35:00,PT5M,78.995,100.0,99.8204,58.1696,39.426
513,504,451,213,28,0.14,81.7,1.6,51,2026-10-08 08:40:00,PT5M,79.846,100.0,100.0,58.945,40.1335
527,519,455,218,28,0.14,81.4,1.6,51,2026-10-08 08:45:00,PT5M,80.644,100.0,100.0,59.6757,40.8035
542,533,458,223,28,0.14,81.0,1.6,52,2026-10-08 08:50:00,PT5M,81.399,100.0,100.0,60.3733,41.4495
556,547,461,228,28,0.14,80.7,1.6,52,2026-10-08 08:55:00,PT5M,82.115,100.0,100.0,61.0369,42.066
569,561,464,233,28,0.14,80.3,1.6,52,2026-10-08 09:00:00,PT5M,82.793,100.0,100.0,61.6657,42.6505
583,574,468,237,28,0.14,80.0,1.6,53,2026-10-08 09:05:00,PT5M,83.555,100.0,100.0,62.3893,43.3395
597,588,472,241,28,0.14,79.6,1.7,53,2026-10-08 09:10:00,PT5M,84.282,100.0,100.0,63.1234,44.08
610,601,475,245,28,0.14,79.3,1.7,53,2026-10-08 09:15:00,PT5M,84.974,100.0,100.0,63.933,44.9955
624,614,479,249,29,0.14,78.9,1.7,54,2026-10-08 09:20:00,PT5M,85.633,100.0,100.0,64.7062,45.8715
636,627,482,252,29,0.14,78.6,1.7,54,2026-10-08 09:25:00,PT5M,86.261,100.0,100.0,65.445,46.71
648,639,485,256,29,0.14,78.2,1.7,54,2026-10-08 09:30:00,PT5M,86.859,100.0,100.0,66.1501,47.5115
660,651,488,259,29,0.14,77.9,1.7,55,2026-10-08 09:35:00,PT5M,87.426,100.0,100.0,66.8208,48.2755
672,662,490,263,29,0.14,77.6,1.7,56,2026-10-08 09:40:00,PT5M,87.965,100.0,100.0,67.4598,49.0045
683,673,492,266,29,0.14,77.2,1.8,56,2026-10-08 09:45:00,PT5M,88.444,100.0,100.0,68.0335,49.6635
693,683,494,270,29,0.14,76.9,1.8,57,2026-10-08 09:50:00,PT5M,88.874,100.0,100.0,68.553,50.2635
703,693,495,273,29,0.14,76.6,1.8,58,2026-10-08 09:55:00,PT5M,89.28,100.0,100.0,69.044,50.831
713,703,496,277,29,0.14,76.3,1.8,58,2026-10-08 10:00:00,PT5M,89.659,100.0,100.0,69.5025,51.361
722,712,497,280,29,0.14,75.9,1.8,59,2026-10-08 10:05:00,PT5M,90.023,100.0,100.0,69.9425,51.8695
731,721,499,283,29,0.14,75.6,1.8,59,2026-10-08 10:10:00,PT5M,90.373,100.0,100.0,70.3649,52.357
739,729,500,285,30,0.14,75.3,1.9,60,2026-10-08 10:15:00,PT5M,90.696,100.0,100.0,70.7561,52.8095
747,737,501,288,30,0.14,75.0,1.9,61,2026-10-08 10:20:00,PT5M,90.994,100.0,100.0,71.1185,53.23
755,745,502,291,30,0.14,74.6,1.9,61,2026-10-08 10:25:00,PT5M,91.267,100.0,100.0,71.4523,53.6185
762,752,503,293,30,0.14,74.3,1.9,62,2026-10-08 10:30:00,PT5M,91.519,100.0,100.0,71.762,53.98
770,759,505,295,30,0.14,74.0,1.9,62,2026-10-08 10:35:00,PT5M,91.811,100.0,100.0,72.1176,54.393
777,766,507,296,30,0.14,73.7,2.0,63,2026-10-08 10:40:00,PT5M,92.137,100.0,100.0,72.5131,54.851
784,773,510,297,30,0.14,73.4,2.0,63,2026-10-08 10:45:00,PT5M,92.433,100.0,100.0,72.8741,55.2705
790,780,512,298,30,0.14,73.1,2.0,63,2026-10-08 10:50:00,PT5M,92.698,100.0,100.0,73.1981,55.6475
796,786,515,299,30,0.14,72.8,2.0,64,2026-10-08 10:55:00,PT5M,92.918,100.0,100.0,73.4612,55.9495
802,791,517,299,30,0.14,72.4,2.0,64,2026-10-08 11:00:00,PT5M,93.127,100.0,100.0,73.7181,56.2495
807,796,519,300,31,0.14,72.1,2.1,64,2026-10-08 11:05:00,PT5M,93.318,100.0,100.0,73.9609,56.539
812,801,520,301,31,0.14,71.8,2.1,65,2026-10-08 11:10:00,PT5M,93.473,100.0,100.0,74.1607,56.779
816,805,522,302,31,0.14,71.5,2.1,65,2026-10-08 11:15:00,PT5M,93.595,100.0,100.0,74.3177,56.9675
819,808,523,302,31,0.14,71.2,2.1,65,2026-10-08 11:20:00,PT5M,93.692,100.0,100.0,74.4452,57.1225
822,811,524,303,31,0.14,70.9,2.2,65,2026-10-08 11:25:00,PT5M,93.763,100.0,100.0,74.542,57.2425
825,814,525,303,31,0.14,70.6,2.2,66,2026-10-08 11:30:00,PT5M,93.811,100.0,100.0,74.6124,57.333
825,814,521,306,31,0.14,70.6,2.2,66,2026-10-08 11:35:00,PT5M,93.628,100.0,100.0,74.4183,57.129
822,811,513,310,31,0.14,70.9,2.1,66,2026-10-08 11:40:00,PT5M,93.215,100.0,100.0,73.9608,56.6315
818,808,505,314,31,0.14,71.1,2.1,65,2026-10-08 11:45:00,PT5M,92.778,100.0,100.0,73.4749,56.1015
814,804,496,318,31,0.14,71.4,2.1,65,2026-10-08 11:50:00,PT5M,92.315,100.0,100.0,72.9582,55.5365
810,800,488,322,31,0.14,71.7,2.0,65,2026-10-08 11:55:00,PT5M,91.848,100.0,100.0,72.4331,54.959
805,795,480,326,31,0.14,72.0,2.0,65,2026-10-08 12:00:00,PT5M,91.452,100.0,100.0,71.9747,54.4445
800,789,470,330,31,0.14,72.2,2.0,65,2026-10-08 12:05:00,PT5M,91.008,100.0,100.0,71.4623,53.8705
793,783,460,334,30,0.14,72.5,1.9,64,2026-10-08 12:10:00,PT5M,90.516,100.0,100.0,70.8961,53.2375
787,777,450,339,30,0.14,72.8,1.9,64,2026-10-08 12:15:00,PT5M,89.995,100.0,100.0,70.2969,52.568
779,770,440,343,30,0.14,73.1,1.9,64,2026-10-08 12:20:00,PT5M,89.444,100.0,100.0,69.6641,51.8615
772,763,430,346,30,0.14,73.3,1.8,64,2026-10-08 12:25:00,PT5M,88.862,100.0,100.0,68.9971,51.118
764,755,419,350,30,0.14,73.6,1.8,64,2026-10-08 12:30:00,PT5M,88.251,100.0,100.0,68.2982,50.34
756,747,410,353,30,0.14,73.9,1.8,63,2026-10-08 12:35:00,PT5M,87.663,100.0,100.0,67.6186,49.578
748,740,402,355,30,0.14,74.1,1.7,63,2026-10-08 12:40:00,PT5M,87.098,100.0,100.0,66.9583,48.832
740,732,393,357,30,0.14,74.4,1.7,62,2026-10-08 12:45:00,PT5M,86.487,100.0,100.0,66.2429,48.0225
732,724,385,359,30,0.14,74.6,1.6,62,2026-10-08 12:50:00,PT5M,85.846,100.0,100.0,65.4966,47.1815
723,715,376,360,30,0.14,74.9,1.6,62,2026-10-08 12:55:00,PT5M,85.194,100.0,100.0,64.7467,46.3435
714,706,368,361,30,0.14,75.1,1.6,61,2026-10-08 13:00:00,PT5M,84.51,100.0,100.0,63.9624,45.469
705,697,361,362,30,0.14,75.4,1.5,61,2026-10-08 13:05:00,PT5M,83.755,100.0,100.0,63.0998,44.5095
695,688,354,361,30,0.14,75.6,1.5,60,2026-10-08 13:10:00,PT5M,83.037,100.0,100.0,62.2723,43.5835
686,679,347,360,30,0.14,75.9,1.4,60,2026-10-08 13:15:00,PT5M,82.285,100.0,100.0,61.4085,42.619
676,669,341,359,29,0.14,76.1,1.4,59,2026-10-08 13:20:00,PT5M,81.5,100.0,100.0,60.5103,41.619
666,659,334,358,29,0.14,76.4,1.4,58,2026-10-08 13:25:00,PT5M,80.688,100.0,100.0,59.5841,40.59
655,648,327,356,29,0.14,76.6,1.3,58,2026-10-08 13:30:00,PT5M,79.846,100.0,100.0,58.6271,39.5295
641,635,316,356,29,0.14,76.9,1.3,57,2026-10-08 13:35:00,PT5M,78.608,100.0,99.9848,57.2312,37.9915
625,619,299,357,29,0.14,77.2,1.3,56,2026-10-08 13:40:00,PT5M,76.968,100.0,98.5434,55.3926,35.974
608,602,284,357,29,0.14,77.5,1.2,55,2026-10-08 13:45:00,PT5M,75.286,100.0,97.058,53.514,33.9185
591,586,268,357,29,0.14,77.8,1.2,55,2026-10-08 13:50:00,PT5M,73.564,100.0,95.5307,51.5973,31.8265
574,570,253,356,29,0.14,78.1,1.2,54,2026-10-08 13:55:00,PT5M,71.801,100.0,93.9601,49.6419,29.698
558,553,238,355,29,0.14,78.4,1.2,53,2026-10-08 14:00:00,PT5M,69.993,100.0,92.3434,47.6426,27.5265
541,537,223,353,29,0.14,78.7,1.1,52,2026-10-08 14:05:00,PT5M,68.135,100.0,90.6741,45.5959,25.31
523,520,208,351,29,0.14,79.0,1.1,51,2026-10-08 14:10:00,PT5M,66.178,100.0,88.9047,43.4513,22.9965
506,503,193,349,29,0.14,79.3,1.1,49,2026-10-08 14:15:00,PT5M,64.192,100.0,87.1029,41.2811,20.6605
489,486,179,346,28,0.14,79.6,1.1,48,2026-10-08 14:20:00,PT5M,62.17,100.0,85.2665,39.0735,18.286
472,469,165,342,28,0.14,79.9,1.0,47,2026-10-08 14:25:00,PT5M,60.114,100.0,83.3986,36.8294,15.8725
455,453,152,338,28,0.14,80.2,1.0,46,2026-10-08 14:30:00,PT5M,58.025,100.0,81.4928,34.5572,13.4355
441,439,143,333,28,0.14,80.5,1.0,44,2026-10-08 14:35:00,PT5M,56.384,100.0,79.9939,32.7741,11.5245
430,428,139,327,28,0.14,80.8,0.9,43,2026-10-08 14:40:00,PT5M,55.19,99.9725,78.7593,31.6207,10.4075
419,416,134,320,28,0.14,81.2,0.9,42,2026-10-08 14:45:00,PT5M,53.96,98.645,77.478,30.442,9.275
407,405,130,314,28,0.14,81.5,0.9,41,2026-10-08 14:50:00,PT5M,52.734,97.2995,76.1891,29.2789,8.1685
396,394,127,307,28,0.14,81.8,0.9,40,2026-10-08 14:55:00,PT5M,51.514,95.9365,74.8939,28.1341,7.0915
384,383,123,300,28,0.14,82.1,0.8,38,2026-10-08 15:00:00,PT5M,50.258,94.5135,73.55,26.966,6.0025
372,371,118,294,28,0.14,82.4,0.8,37,2026-10-08 15:05:00,PT5M,48.877,92.893,72.0429,25.7111,4.861
360,358,111,287,28,0.14,82.8,0.8,35,2026-10-08 15:10:00,PT5M,47.585,91.2805,70.5823,24.5877,3.8895
347,346,105,281,28,0.14,83.1,0.8,34,2026-10-08 15:15:00,PT5M,45.999,89.335,68.807,23.191,2.663
335,333,98,274,28,0.14,83.4,0.7,32,2026-10-08 15:20:00,PT5M,44.354,87.2835,66.9481,21.7599,1.4245
322,321,92,267,27,0.14,83.7,0.7,30,2026-10-08 15:25:00,PT5M,42.648,85.117,64.9997,20.2963,0.179
309,308,85,260,27,0.14,84.0,0.7,28,2026-10-08 15:30:00,PT5M,40.875,82.822,62.952,18.798,0.0
295,295,77,252,27,0.14,84.4,0.7,25,2026-10-08 15:35:00,PT5M,39.011,80.321,60.7527,17.2693,0.0
282,281,69,244,27,0.14,84.7,0.6,23,2026-10-08 15:40:00,PT5M,37.037,77.593,58.3819,15.6921,0.0
268,267,60,236,27,0.14,85.0,0.6,21,2026-10-08 15:45:00,PT5M,35.002,74.7085,55.8998,14.1042,0.0
254,254,52,228,27,0.14,85.4,0.6,18,2026-10-08 15:50:00,PT5M,32.907,71.675,53.3109,12.5031,0.0
241,240,43,220,27,0.14,85.7,0.6,15,2026-10-08 15:55:00,PT5M,30.755,68.4685,50.6039,10.9061,0.0
227,227,34,211,27,0.14,86.0,0.6,12,2026-10-08 16:00:00,PT5M,28.55,65.1685,47.8226,9.2774,0.0
213,213,26,202,27,0.14,86.4,0.6,9,2026-10-08 16:05:00,PT5M,26.731,62.264,45.4323,8.0297,0.0
200,200,19,192,27,0.14,86.7,0.5,5,2026-10-08 16:10:00,PT5M,24.748,58.8925,42.7185,6.7775,0.0
187,188,12,183,27,0.14,87.1,0.5,2,2026-10-08 16:15:00,PT5M,22.929,54.694,39.6471,6.2109,0.0
174,175,5,173,27,0.14,87.4,0.5,358,2026-10-08 16:20:00,PT5M,21.028,50.4805,36.5291,5.5269,0.0
162,162,0,162,27,0.14,87.7,0.5,354,2026-10-08 16:25:00,PT5M,19.311,46.476,33.6081,5.0139,0.0
149,150,0,150,26,0.14,88.1,0.5,351,2026-10-08 16:30:00,PT5M,17.909,42.815,31.0172,4.8008,0.0
137,137,0,137,26,0.14,88.4,0.5,347,2026-10-08 16:35:00,PT5M,16.479,39.143,28.4072,4.5508,0.0
125,125,0,125,26,0.14,88.8,0.5,343,2026-10-08 16:40:00,PT5M,15.016,35.4645,25.7782,4.2538,0.0
113,113,0,113,26,0.14,89.1,0.5,340,2026-10-08 16:45:00,PT5M,13.557,31.831,23.1747,3.9393,0.0
101,101,0,101,26,0.14,89.5,0.5,337,2026-10-08 16:50:00,PT5M,12.122,28.2855,20.629,3.615,0.0
89,89,0,89,26,0.14,89.8,0.6,333,2026-10-08 16:55:00,PT5M,10.661,24.8175,18.1117,3.2103,0.0
77,78,0,78,26,0.14,90.2,0.6,330,2026-10-08 17:00:00,PT5M,9.264,21.53,15.7197,2.8083,0.0
66,67,0,67,26,0.14,90.5,0.6,328,2026-10-08 17:05:00,PT5M,7.813,18.2205,13.2905,2.3355,0.0
56,56,0,56,26,0.14,90.9,0.6,325,2026-10-08 17:10:00,PT5M,6.507,15.1665,11.0646,1.9494,0.0
46,46,0,46,26,0.14,91.3,0.6,323,2026-10-08 17:15:00,PT5M,5.338,12.331,9.0185,1.6575,0.0
37,37,0,37,26,0.14,91.6,0.7,320,2026-10-08 17:20:00,PT5M,4.189,9.6105,7.0424,1.3356,0.0
29,29,0,29,26,0.14,92.0,0.7,318,2026-10-08 17:25:00,PT5M,3.111,7.0745,5.197,1.025,0.0
22,22,0,22,25,0.14,92.3,0.7,316,2026-10-08 17:30:00,PT5M,2.217,4.9485,3.6546,0.7794,0.0
16,16,0,16,25,0.14,92.4,0.7,316,2026-10-08 17:35:00,PT5M,1.395,3.039,2.2602,0.5298,0.0
10,10,0,10,25,0.14,92.1,0.7,317,2026-10-08 17:40:00,PT5M,0.631,1.4925,1.0844,0.1776,0.0
5,5,0,5,25,0.14,91.9,0.6,319,2026-10-08 17:45:00,PT5M,0.0,0.2435,0.1282,0.0,0.0
1,1,0,1,25,0.14,91.6,0.6,321,2026-10-08 17:50:00,PT5M,0.0,0.0,0.0,0.0,0.0
0,0,0,0,25,0.14,91.4,0.6,323,2026-10-08 17:55:00,PT5M,0.0,0.0,0.0,0.0,0.0
0,0,0,0,25,0.14,91.1,0.6,325,2026-10-08 18:00:00,PT5M,0.0,0.0,0.0,0.0,0.0
0,0,0,0,25,0.14,90.8,0.6,327,2026-10-08 18:05:00,PT5M,0.0,0.0,0.0,0.0,0.0
0,0,0,0,25,0.14,90.6,0.5,329,2026-10-08 18:10:00,PT5M,0.0,0.0,0.0,0.0,0.0
0,0,0,0,25,0.14,90.3,0.5,332,2026-10-08 18:15:00,PT5M,0.0,0.0,0.0,0.0,0.0
0,0,0,0,25,0.14,90.1,0.5,335,2026-10-08 18:20:00,PT5M,0.0,0.0,0.0,0.0,0.0
0,0,0,0,25,0.14,89.8,0.5,338,2026-10-08 18:25:00,PT5M,0.0,0.0,0.0,0.0,0.0
0,0,0,0,25,0.14,89.6,0.5,341,2026-10-08 18:30:00,PT5M,0.0,0.0,0.0,0.0,0.0
0,0,0,0,25,0.14,89.3,0.4,345,2026-10-08 18:35:00,PT5M,0.0,0.0,0.0,0.0,0.0
0,0,0,0,25,0.14,89.0,0.4,348,2026-10-08 18:40:00,PT5M,0.0,0.0,0.0,0.0,0.0
0,0,0,0,25,0.14,88.8,0.4,352,2026-10-08 18:45:00,PT5M,0.0,0.0,0.0,0.0,0.0
0,0,0,0,25,0.14,88.5,0.4,356,2026-10-08 18:50:00,PT5M,0.0,0.0,0.0,0.0,0.0
0,0,0,0,25,0.14,88.3,0.4,1,2026-10-08 18:55:00,PT5M,0.0,0.0,0.0,0.0,0.0
0,0,0,0,25,0.14,88.0,0.4,5,2026-10-08 19:00:00,PT5M,0.0,0.0,0.0,0.0,0.0
0,0,0,0,25,0.14,87.8,0.4,9,2026-10-08 19:05:00,PT5M,0.0,0.0,0.0,0.0,0.0
0,0,0,0,25,0.14,87.5,0.4,14,2026-10-08 19:10:00,PT5M,0.0,0.0,0.0,0.0,0.0
0,0,0,0,25,0.14,87.3,0.4,18,2026-10-08 19:15:00,PT5M,0.0,0.0,0.0,0.0,0.0
0,0,0,0,25,0.14,87.0,0.4,22,2026-10-08 19:20:00,PT5M,0.0,0.0,0.0,0.0,0.0
0,0,0,0,25,0.14,86.8,0.4,27,2026-10-08 19:25:00,PT5M,0.0,0.0,0.0,0.0,0.0
0,0,0,0,25,0.14,86.5,0.4,31,2026-10-08 19:30:00,PT5M,0.0,0.0,0.0,0.0,0.0
0,0,0,0,25,0.14,86.3,0.4,34,2026-10-08 19:35:00,PT5M,0.0,0.0,0.0,0.0,0.0
0,0,0,0,25,0.14,86.0,0.5,38,2026-10-08 19:40:00,PT5M,0.0,0.0,0.0,0.0,0.0
0,0,0,0,25,0.14,85.8,0.5,41,2026-10-08 19:45:00,PT5M,0.0,0.0,0.0,0.0,0.0
0,0,0,0,25,0.14,85.5,0.5,44,2026-10-08 19:50:00,PT5M,0.0,0.0,0.0,0.0,0.0
0,0,0,0,25,0.14,85.3,0.5,47,2026-10-08 19:55:00,PT5M,0.0,0.0,0.0,0.0,0.0
0,0,0,0,25,0.14,85.1,0.5,50,2026-10-08 20:00:00,PT5M,0.0,0.0,0.0,0.0,0.0
0,0,0,0,25,0.14,84.8,0.5,53,2026-10-08 20:05:00,PT5M,0.0,0.0,0.0,0.0,0.0
0,0,0,0,25,0.14,84.6,0.6,55,2026-10-08 20:10:00,PT5M,0.0,0.0,0.0,0.0,0.0
0,0,0,0,25,0.14,84.3,0.6,57,2026-10-08 20:15:00,PT5M,0.0,0.0,0.0,0.0,0.0
0,0,0,0,25,0.14,84.1,0.6,59,2026-10-08 20:20:00,PT5M,0.0,0.0,0.0,0.0,0.0
0,0,0,0,25,0.14,83.8,0.6,61,2026-10-08 20:25:00,PT5M,0.0,0.0,0.0,0.0,0.0
0,0,0,0,25,0.14,83.6,0.7,63,2026-10-08 20:30:00,PT5M,0.0,0.0,0.0,0.0,0.0
0,0,0,0,25,0.14,83.5,0.7,63,2026-10-08 20:35:00,PT5M,0.0,0.0,0.0,0.0,0.0
0,0,0,0,25,0.14,83.6,0.6,63,2026-10-08 20:40:00,PT5M,0.0,0.0,0.0,0.0,0.0
0,0,0,0,25,0.14,83.7,0.6,62,2026-10-08 20:45:00,PT5M,0.0,0.0,0.0,0.0,0.0
0,0,0,0,25,0.14,83.8,0.6,61,2026-10-08 20:50:00,PT5M,0.0,0.0,0.0,0.0,0.0
0,0,0,0,25,0.14,83.9,0.6,61,2026-10-08 20:55:00,PT5M,0.0,0.0,0.0,0.0,0.0
0,0,0,0,25,0.14,84.0,0.5,60,2026-10-08 21:00:00,PT5M,0.0,0.0,0.0,0.0,0.0
0,0,0,0,25,0.14,84.1,0.5,59,2026-10-08 21:05:00,PT5M,0.0,0.0,0.0,0.0,0.0
0,0,0,0,25,0.14,84.2,0.5,58,2026-10-08 21:10:00,PT5M,0.0,0.0,0.0,0.0,0.0
0,0,0,0,25,0.14,84.3,0.5,57,2026-10-08 21:15:00,PT5M,0.0,0.0,0.0,0.0,0.0
0,0,0,0,25,0.14,84.4,0.4,56,2026-10-08 21:20:00,PT5M,0.0,0.0,0.0,0.0,0.0
0,0,0,0,25,0.14,84.5,0.4,54,2026-10-08 21:25:00,PT5M,0.0,0.0,0.0,0.0,0.0
0,0,0,0,25,0.14,84.6,0.4,53,2026-10-08 21:30:00,PT5M,0.0,0.0,0.0,0.0,0.0
0,0,0,0,25,0.14,84.7,0.4,51,2026-10-08 21:35:00,PT5M,0.0,0.0,0.0,0.0,0.0
0,0,0,0,25,0.14,84.8,0.3,49,2026-10-08 21:40:00,PT5M,0.0,0.0,0.0,0.0,0.0
0,0,0,0,25,0.14,84.9,0.3,47,2026-10-08 21:45:00,PT5M,0.0,0.0,0.0,0.0,0.0
0,0,0,0,25,0.14,85.0,0.3,45,2026-10-08 21:50:00,PT5M,0.0,0.0,0.0,0.0,0.0
0,0,0,0,25,0.14,85.1,0.3,42,2026-10-08 21:55:00,PT5M,0.0,0.0,0.0,0.0,0.0
0,0,0,0,25,0.14,85.2,0.3,39,2026-10-08 22:00:00,PT5M,0.0,0.0,0.0,0.0,0.0
0,0,0,0,25,0.14,85.3,0.2,35,2026-10-08 22:05:00,PT5M,0.0,0.0,0.0,0.0,0.0
0,0,0,0,25,0.14,85.4,0.2,30,2026-10-08 22:10:00,PT5M,0.0,0.0,0.0,0.0,0.0
0,0,0,0,25,0.14,85.5,0.2,25,2026-10-08 22:15:00,PT5M,0.0,0.0,0.0,0.0,0.0
0,0,0,0,25,0.14,85.6,0.2,19,2026-10-08 22:20:00,PT5M,0.0,0.0,0.0,0.0,0.0
0,0,0,0,25,0.14,85.7,0.2,12,2026-10-08 22:25:00,PT5M,0.0,0.0,0.0,0.0,0.0
0,0,0,0,25,0.14,85.8,0.2,4,2026-10-08 22:30:00,PT5M,0.0,0.0,0.0,0.0,0.0
0,0,0,0,25,0.14,85.9,0.2,356,2026-10-08 22:35:00,PT5M,0.0,0.0,0.0,0.0,0.0
0,0,0,0,25,0.14,86.0,0.2,347,2026-10-08 22:40:00,PT5M,0.0,0.0,0.0,0.0,0.0
0,0,0,0,25,0.14,86.1,0.2,338,2026-10-08 22:45:00,PT5M,0.0,0.0,0.0,0.0,0.0
0,0,0,0,25,0.14,86.2,0.2,329,2026-10-08 22:50:00,PT5M,0.0,0.0,0.0,0.0,0.0
0,0,0,0,25,0.14,86.3,0.2,322,2026-10-08 22:55:00,PT5M,0.0,0.0,0.0,0.0,0.0
0,0,0,0,25,0.14,86.4,0.2,315,2026-10-08 23:00:00,PT5M,0.0,0.0,0.0,0.0,0.0
0,0,0,0,25,0.14,86.5,0.2,309,2026-10-08 23:05:00,PT5M,0.0,0.0,0.0,0.0,0.0
0,0,0,0,25,0.14,86.6,0.2,304,2026-10-08 23:10:00,PT5M,0.0,0.0,0.0,0.0,0.0
0,0,0,0,25,0.14,86.7,0.2,299,2026-10-08 23:15:00,PT5M,0.0,0.0,0.0,0.0,0.0
0,0,0,0,25,0.14,86.8,0.3,296,2026-10-08 23:20:00,PT5M,0.0,0.0,0.0,0.0,0.0
0,0,0,0,25,0.14,86.9,0.3,292,2026-10-08 23:25:00,PT5M,0.0,0.0,0.0,0.0,0.0
0,0,0,0,25,0.14,87.0,0.3,290,2026-10-08 23:30:00,PT5M,0.0,0.0,0.0,0.0,0.0
0,0,0,0,25,0.14,87.1,0.3,288,2026-10-08 23:35:00,PT5M,0.0,0.0,0.0,0.0,0.0
0,0,0,0,25,0.14,87.2,0.3,286,2026-10-08 23:40:00,PT5M,0.0,0.0,0.0,0.0,0.0
0,0,0,0,25,0.14,87.3,0.3,284,2026-10-08 23:45:00,PT5M,0.0,0.0,0.0,0.0,0.0
0,0,0,0,24,0.14,87.4,0.3,283,2026-10-08 23:50:00,PT5M,0.0,0.0,0.0,0.0,0.0
0,0,0,0,24,0.14,87.5,0.3,281,2026-10-08 23:55:00,PT5M,0.0,0.0,0.0,0.0,0.0
0,0,0,0,24,0.14,87.6,0.3,280,2026-10-09 00:00:00,PT5M,0.0,0.0,0.0,0.0,0.0
0,0,0,0,24,0.14,87.7,0.3,278,2026-10-09 00:05:00,PT5M,0.0,0.0,0.0,0.0,0.0
0,0,0,0,24,0.14,87.8,0.3,277,2026-10-09 00:10:00,PT5M,0.0,0.0,0.0,0.0,0.0
0,0,0,0,24,0.14,87.9,0.3,275,2026-10-09 00:15:00,PT5M,0.0,0.0,0.0,0.0,0.0
0,0,0,0,24,0.14,88.0,0.3,274,2026-10-09 00:20:00,PT5M,0.0,0.0,0.0,0.0,0.0
0,0,0,0,24,0.14,88.1,0.3,272,2026-10-09 00:25:00,PT5M,0.0,0.0,0.0,0.0,0.0
0,0,0,0,24,0.14,88.2,0.3,271,2026-10-09 00:30:00,PT5M,0.0,0.0,0.0,0.0,0.0
0,0,0,0,24,0.14,88.3,0.3,269,2026-10-09 00:35:00,PT5M,0.0,0.0,0.0,0.0,0.0
0,0,0,0,24,0.14,88.4,0.3,268,2026-10-09 00:40:00,PT5M,0.0,0.0,0.0,0.0,0.0
0,0,0,0,24,0.14,88.5,0.3,266,2026-10-09 00:45:00,PT5M,0.0,0.0,0.0,0.0,0.0
0,0,0,0,24,0.14,88.6,0.3,265,2026-10-09 00:50:00,PT5M,0.0,0.0,0.0,0.0,0.0
0,0,0,0,24,0.14,88.7,0.3,264,2026-10-09 00:55:00,PT5M,0.0,0.0,0.0,0.0,0.0
0,0,0,0,24,0.14,88.8,0.4,263,2026-10-09 01:00:00,PT5M,0.0,0.0,0.0,0.0,0.0
0,0,0,0,24,0.14,88.9,0.4,261,2026-10-09 01:05:00,PT5M,0.0,0.0,0.0,0.0,0.0
0,0,0,0,24,0.14,89.0,0.4,260,2026-10-09 01:10:00,PT5M,0.0,0.0,0.0,0.0,0.0
0,0,0,0,24,0.14,89.1,0.4,259,2026-10-09 01:15:00,PT5M,0.0,0.0,0.0,0.0,0.0
0,0,0,0,24,0.14,89.2,0.4,258,2026-10-09 01:20:00,PT5M,0.0,0.0,0.0,0.0,0.0
0,0,0,0,24,0.14,89.3,0.4,256,2026-10-09 01:25:00,PT5M,0.0,0.0,0.0,0.0,0.0
0,0,0,0,24,0.14,89.5,0.4,255,2026-10-09 01:30:00,PT5M,0.0,0.0,0.0,0.0,0.0
0,0,0,0,24,0.14,89.6,0.4,254,2026-10-09 01:35:00,PT5M,0.0,0.0,0.0,0.0,0.0
0,0,0,0,24,0.14,89.7,0.4,253,2026-10-09 01:40:00,PT5M,0.0,0.0,0.0,0.0,0.0
0,0,0,0,24,0.14,89.8,0.4,252,2026-10-09 01:45:00,PT5M,0.0,0.0,0.0,0.0,0.0
0,0,0,0,24,0.14,89.9,0.4,251,2026-10-09 01:50:00,PT5M,0.0,0.0,0.0,0.0,0.0
0,0,0,0,24,0.14,90.0,0.4,250,2026-10-09 01:55:00,PT5M,0.0,0.0,0.0,0.0,0.0
0,0,0,0,24,0.14,90.1,0.4,249,2026-10-09 02:00:00,PT5M,0.0,0.0,0.0,0.0,0.0
0,0,0,0,24,0.14,90.2,0.4,248,2026-10-09 02:05:00,PT5M,0.0,0.0,0.0,0.0,0.0
0,0,0,0,24,0.14,90.3,0.4,247,2026-10-09 02:10:00,PT5M,0.0,0.0,0.0,0.0,0.0
0,0,0,0,24,0.14,90.4,0.4,246,2026-10-09 02:15:00,PT5M,0.0,0.0,0.0,0.0,0.0
0,0,0,0,24,0.14,90.5,0.4,245,2026-10-09 02:20:00,PT5M,0.0,0.0,0.0,0.0,0.0
0,0,0,0,24,0.14,90.6,0.4,245,2026-10-09 02:25:00,PT5M,0.0,0.0,0.0,0.0,0.0
0,0,0,0,24,0.14,90.7,0.4,244,2026-10-09 02:30:00,PT5M,0.0,0.0,0.0,0.0,0.0
0,0,0,0,24,0.14,90.8,0.4,244,2026-10-09 02:35:00,PT5M,0.0,0.0,0.0,0.0,0.0
0,0,0,0,24,0.14,90.8,0.4,246,2026-10-09 02:40:00,PT5M,0.0,0.0,0.0,0.0,0.0
0,0,0,0,24,0.14,90.9,0.4,247,2026-10-09 02:45:00,PT5M,0.0,0.0,0.0,0.0,0.0
0,0,0,0,24,0.14,90.9,0.4,249,2026-10-09 02:50:00,PT5M,0.0,0.0,0.0,0.0,0.0
0,0,0,0,24,0.14,91.0,0.5,251,2026-10-09 02:55:00,PT5M,0.0,0.0,0.0,0.0,0.0
0,0,0,0,24,0.14,91.0,0.5,252,2026-10-09 03:00:00,PT5M,0.0,0.0,0.0,0.0,0.0
0,0,0,0,24,0.14,91.1,0.5,254,2026-10-09 03:05:00,PT5M,0.0,0.0,0.0,0.0,0.0
0,0,0,0,24,0.14,91.1,0.5,255,2026-10-09 03:10:00,PT5M,0.0,0.0,0.0,0.0,0.0
0,0,0,0,24,0.14,91.2,0.5,257,2026-10-09 03:15:00,PT5M,0.0,0.0,0.0,0.0,0.0
0,0,0,0,24,0.14,91.2,0.5,258,2026-10-09 03:20:00,PT5M,0.0,0.0,0.0,0.0,0.0
0,0,0,0,24,0.14,91.2,0.5,260,2026-10-09 03:25:00,PT5M,0.0,0.0,0.0,0.0,0.0
0,0,0,0,24,0.14,91.3,0.5,261,2026-10-09 03:30:00,PT5M,0.0,0.0,0.0,0.0,0.0
0,0,0,0,24,0.14,91.3,0.5,263,2026-10-09 03:35:00,PT5M,0.0,0.0,0.0,0.0,0.0
0,0,0,0,24,0.14,91.4,0.5,264,2026-10-09 03:40:00,PT5M,0.0,0.0,0.0,0.0,0.0
0,0,0,0,24,0.14,91.4,0.5,265,2026-10-09 03:45:00,PT5M,0.0,0.0,0.0,0.0,0.0
0,0,0,0,24,0.14,91.5,0.5,267,2026-10-09 03:50:00,PT5M,0.0,0.0,0.0,0.0,0.0
0,0,0,0,24,0.14,91.5,0.5,268,2026-10-09 03:55:00,PT5M,0.0,0.0,0.0,0.0,0.0
0,0,0,0,24,0.14,91.6,0.5,269,2026-10-09 04:00:00,PT5M,0.0,0.0,0.0,0.0,0.0
0,0,0,0,24,0.14,91.6,0.5,271,2026-10-09 04:05:00,PT5M,0.0,0.0,0.0,0.0,0.0
0,0,0,0,24,0.14,91.7,0.5,272,2026-10-09 04:10:00,PT5M,0.0,0.0,0.0,0.0,0.0
0,0,0,0,24,0.14,91.7,0.5,273,2026-10-09 04:15:00,PT5M,0.0,0.0,0.0,0.0,0.0
0,0,0,0,24,0.14,91.8,0.5,274,2026-10-09 04:20:00,PT5M,0.0,0.0,0.0,0.0,0.0
0,0,0,0,24,0.14,91.8,0.5,275,2026-10-09 04:25:00,PT5M,0.0,0.0,0.0,0.0,0.0
0,0,0,0,24,0.14,91.8,0.5,277,2026-10-09 04:30:00,PT5M,0.0,0.0,0.0,0.0,0.0
0,0,0,0,24,0.14,91.9,0.5,278,2026-10-09 04:35:00,PT5M,0.0,0.0,0.0,0.0,0.0
0,0,0,0,24,0.14,91.9,0.5,279,2026-10-09 04:40:00,PT5M,0.0,0.0,0.0,0.0,0.0
0,0,0,0,24,0.14,92.0,0.6,280,2026-10-09 04:45:00,PT5M,0.0,0.0,0.0,0.0,0.0
0,0,0,0,24,0.14,92.0,0.6,281,2026-10-09 04:50:00,PT5M,0.0,0.0,0.0,0.0,0.0
0,0,0,0,24,0.14,92.1,0.6,282,2026-10-09 04:55:00,PT5M,0.0,0.0,0.0,0.0,0.0
0,0,0,0,24,0.14,92.1,0.6,283,2026-10-09 05:00:00,PT5M,0.0,0.0,0.0,0.0,0.0
0,0,0,0,24,0.14,92.2,0.6,284,2026-10-09 05:05:00,PT5M,0.0,0.0,0.0,0.0,0.0
0,0,0,0,24,0.14,92.2,0.6,285,2026-10-09 05:10:00,PT5M,0.0,0.0,0.0,0.0,0.0
0,0,0,0,23,0.14,92.3,0.6,286,2026-10-09 05:15:00,PT5M,0.0,0.0,0.0,0.0,0.0
0,0,0,0,23,0.14,92.3,0.6,286,2026-10-09 05:20:00,PT5M,0.0,0.0,0.0,0.0,0.0
0,0,0,0,23,0.14,92.4,0.6,287,2026-10-09 05:25:00,PT5M,0.0,0.0,0.0,0.0,0.0
0,0,0,0,23,0.14,92.4,0.6,288,2026-10-09 05:30:00,PT5M,0.0,0.0,0.0,0.0,0.0
0,0,0,0,24,0.14,92.0,0.6,288,2026-10-09 05:35:00,PT5M,0.0,0.0,0.0,0.0,0.0
0,0,0,0,24,0.14,91.2,0.6,287,2026-10-09 05:40:00,PT5M,0.0,0.0,0.0,0.0,0.0
0,0,0,0,24,0.14,90.4,0.6,286,2026-10-09 05:45:00,PT5M,0.0,0.0,0.0,0.0,0.0
0,0,0,0,24,0.14,89.6,0.6,285,2026-10-09 05:50:00,PT5M,0.0,0.0,0.0,0.0,0.0
0,0,0,0,24,0.14,88.8,0.5,283,2026-10-09 05:55:00,PT5M,0.0,0.0,0.0,0.0,0.0
4,4,0,4,24,0.14,88.0,0.5,282,2026-10-09 06:00:00,PT5M,0.0,0.0,0.0,0.0,0.0
13,13,0,13,24,0.14,87.3,0.5,281,2026-10-09 06:05:00,PT5M,1.036,1.612,1.3392,0.7328,0.46
22,22,2,22,25,0.14,86.5,0.5,279,2026-10-09 06:10:00,PT5M,2.299,3.4965,2.9293,1.6687,1.1015
33,33,29,30,25,0.14,85.7,0.5,277,2026-10-09 06:15:00,PT5M,3.901,5.9775,4.9939,2.8081,1.8245
45,44,62,38,25,0.14,85.0,0.4,275,2026-10-09 06:20:00,PT5M,5.978,9.172,7.659,4.297,2.784
59,58,92,46,25,0.14,84.2,0.4,273,2026-10-09 06:25:00,PT5M,8.469,12.9845,10.8455,6.0925,3.9535
74,72,126,54,25,0.14,83.5,0.4,271,2026-10-09 06:30:00,PT5M,11.598,17.6075,14.7608,8.4352,5.5885
90,88,161,61,25,0.14,82.8,0.4,269,2026-10-09 06:35:00,PT5M,15.016,22.6365,19.0267,11.0053,7.3955
107,104,196,67,25,0.14,82.0,0.4,266,2026-10-09 06:40:00,PT5M,18.681,27.962,23.5657,13.7963,9.4
125,122,230,74,26,0.14,81.3,0.4,263,2026-10-09 06:45:00,PT5M,22.609,33.557,28.371,16.847,11.661
144,140,263,80,26,0.14,80.6,0.3,260,2026-10-09 06:50:00,PT5M,26.728,39.3735,33.3834,20.0726,14.0825
163,159,295,85,26,0.14,79.9,0.3,257,2026-10-09 06:55:00,PT5M,31.099,45.521,38.6894,23.5086,16.677
183,177,321,90,26,0.14,79.2,0.3,253,2026-10-09 07:00:00,PT5M,35.417,51.7225,43.9987,26.8353,19.1115
201,196,342,96,26,0.14,78.5,0.3,250,2026-10-09 07:05:00,PT5M,39.728,58.0245,49.3576,30.0984,21.4315
221,215,363,102,26,0.14,77.9,0.3,246,2026-10-09 07:10:00,PT5M,44.187,64.548,54.9031,33.4709,23.826
240,234,382,107,26,0.14,77.2,0.3,241,2026-10-09 07:15:00,PT5M,48.695,71.1505,60.5135,36.8765,26.2395
260,253,401,112,27,0.14,76.5,0.3,237,2026-10-09 07:20:00,PT5M,53.21,77.7795,66.1411,40.2789,28.6405
279,272,418,117,27,0.14,75.9,0.3,232,2026-10-09 07:25:00,PT5M,57.731,84.474,71.806,43.656,30.988
299,291,434,121,27,0.14,75.2,0.3,227,2026-10-09 07:30:00,PT5M,62.259,91.1435,77.4611,47.0569,33.3745
318,310,449,126,27,0.14,74.5,0.3,223,2026-10-09 07:35:00,PT5M,66.814,97.8735,83.1608,50.4672,35.7545
338,329,463,130,27,0.14,73.9,0.3,218,2026-10-09 07:40:00,PT5M,71.117,100.0,88.5396,53.6944,38.0135
357,349,477,134,27,0.14,73.3,0.3,213,2026-10-09 07:45:00,PT5M,73.362,100.0,91.1646,55.5594,39.5365
376,368,491,137,27,0.14,72.6,0.3,209,2026-10-09 07:50:00,PT5M,75.499,100.0,93.6532,57.3448,41.0055
396,387,504,141,28,0.14,72.0,0.3,204,2026-10-09 07:55:00,PT5M,77.523,100.0,95.9993,59.0467,42.4175
415,406,516,144,28,0.14,71.4,0.3,200,2026-10-09 08:00:00,PT5M,79.422,100.0,98.187,60.657,43.768
434,424,527,148,28,0.14,70.8,0.3,197,2026-10-09 08:05:00,PT5M,81.183,100.0,100.0,62.167,45.052
453,443,538,151,28,0.14,70.2,0.3,193,2026-10-09 08:10:00,PT5M,82.79,100.0,100.0,63.5661,46.264
471,461,548,154,28,0.14,69.6,0.3,190,2026-10-09 08:15:00,PT5M,84.307,100.0,100.0,64.9205,47.472
490,479,558,157,28,0.14,69.0,0.4,187,2026-10-09 08:20:00,PT5M,85.576,100.0,100.0,66.0821,48.537
508,497,567,160,28,0.14,68.4,0.4,184,2026-10-09 08:25:00,PT5M,86.703,100.0,100.0,67.137,49.527
525,515,575,163,29,0.14,67.8,0.4,181,2026-10-09 08:30:00,PT5M,87.746,100.0,100.0,68.13,50.475
543,531,582,166,29,0.14,67.2,0.4,179,2026-10-09 08:35:00,PT5M,88.639,100.0,100.0,68.9843,51.2945
559,548,587,169,29,0.14,66.5,0.4,178,2026-10-09 08:40:00,PT5M,89.393,100.0,100.0,69.7065,51.988
575,564,592,172,29,0.14,65.9,0.4,177,2026-10-09 08:45:00,PT5M,90.093,100.0,100.0,70.3841,52.6455
591,579,597,176,29,0.14,65.2,0.4,176,2026-10-09 08:50:00,PT5M,90.748,100.0,100.0,71.0262,53.276
606,595,601,179,29,0.14,64.6,0.4,175,2026-10-09 08:55:00,PT5M,91.361,100.0,100.0,71.6353,53.8815
621,609,605,182,29,0.14,63.9,0.4,173,2026-10-09 09:00:00,PT5M,91.935,100.0,100.0,72.1866,54.4125
637,625,610,185,30,0.14,63.3,0.4,172,2026-10-09 09:05:00,PT5M,92.579,100.0,100.0,72.8522,55.0975
652,639,614,188,30,0.14,62.7,0.4,171,2026-10-09 09:10:00,PT5M,93.176,100.0,100.0,73.5866,55.9555
666,654,619,190,30,0.14,62.1,0.4,170,2026-10-09 09:15:00,PT5M,93.741,100.0,100.0,74.3211,56.8425
680,668,623,193,30,0.14,61.5,0.4,169,2026-10-09 09:20:00,PT5M,94.274,100.0,100.0,75.0204,57.6915
694,681,626,195,30,0.14,60.9,0.4,168,2026-10-09 09:25:00,PT5M,94.778,100.0,100.0,75.687,58.5045
707,695,630,198,30,0.14,60.3,0.4,167,2026-10-09 09:30:00,PT5M,95.255,100.0,100.0,76.3229,59.2835
721,708,634,199,30,0.14,59.7,0.4,165,2026-10-09 09:35:00,PT5M,95.772,100.0,100.0,76.986,60.078
734,721,640,201,31,0.14,59.1,0.4,164,2026-10-09 09:40:00,PT5M,96.331,100.0,100.0,77.6781,60.89
747,734,645,202,31,0.14,58.5,0.4,163,2026-10-09 09:45:00,PT5M,96.832,100.0,100.0,78.3055,61.631
760,746,649,203,31,0.14,57.9,0.4,162,2026-10-09 09:50:00,PT5M,97.281,100.0,100.0,78.8739,62.307
772,758,653,205,31,0.14,57.4,0.4,161,2026-10-09 09:55:00,PT5M,97.706,100.0,100.0,79.4124,62.9475
783,769,657,206,31,0.14,56.8,0.4,160,2026-10-09 10:00:00,PT5M,98.107,100.0,100.0,79.9202,63.5515
794,780,661,207,31,0.14,56.3,0.4,159,2026-10-09 10:05:00,PT5M,98.494,100.0,100.0,80.4093,64.1325
805,791,665,208,31,0.14,55.7,0.4,158,2026-10-09 10:10:00,PT5M,98.867,100.0,100.0,80.8797,64.6905
815,801,669,209,31,0.14,55.2,0.4,157,2026-10-09 10:15:00,PT5M,99.215,100.0,100.0,81.3198,65.2135
825,811,672,209,32,0.14,54.6,0.4,156,2026-10-09 10:20:00,PT5M,99.539,100.0,100.0,81.7311,65.7035
835,821,676,210,32,0.14,54.1,0.4,155,2026-10-09 10:25:00,PT5M,99.838,100.0,100.0,82.1125,66.159
844,829,679,210,32,0.14,53.6,0.4,154,2026-10-09 10:30:00,PT5M,100.0,100.0,100.0,82.3527,66.4695
852,838,683,210,32,0.14,53.1,0.4,153,2026-10-09 10:35:00,PT5M,100.0,100.0,100.0,82.4474,66.6495
861,846,686,210,32,0.14,52.6,0.5,152,2026-10-09 10:40:00,PT5M,100.0,100.0,100.0,82.5582,66.86
868,854,689,211,32,0.14,52.0,0.5,151,2026-10-09 10:45:00,PT5M,100.0,100.0,100.0,82.6629,67.059
875,861,692,211,32,0.14,51.5,0.5,150,2026-10-09 10:50:00,PT5M,100.0,100.0,100.0,82.7603,67.244
882,867,695,211,33,0.14,51.0,0.5,149,2026-10-09 10:55:00,PT5M,100.0,100.0,100.0,82.8377,67.391
888,873,698,211,33,0.14,50.6,0.5,148,2026-10-09 11:00:00,PT5M,100.0,100.0,100.0,82.9221,67.5515
894,879,700,210,33,0.14,50.1,0.5,148,2026-10-09 11:05:00,PT5M,100.0,100.0,100.0,83.0119,67.722
899,884,703,210,33,0.14,49.6,0.5,147,2026-10-09 11:10:00,PT5M,100.0,100.0,100.0,83.0926,67.8755
904,888,705,210,33,0.14,49.1,0.5,146,2026-10-09 11:15:00,PT5M,100.0,100.0,100.0,83.1616,68.0065
908,892,707,210,33,0.14,48.6,0.5,145,2026-10-09 11:20:00,PT5M,100.0,100.0,100.0,83.2245,68.126
911,896,709,209,33,0.14,48.2,0.5,144,2026-10-09 11:25:00,PT5M,100.0,100.0,100.0,83.2813,68.234
914,899,710,209,34,0.14,47.7,0.5,144,2026-10-09 11:30:00,PT5M,100.0,100.0,100.0,83.3334,68.333
910,895,698,216,34,0.14,47.7,0.5,143,2026-10-09 11:35:00,PT5M,100.0,100.0,100.0,83.2487,68.172
899,884,671,230,33,0.14,48.1,0.6,143,2026-10-09 11:40:00,PT5M,99.923,100.0,100.0,82.9504,67.6745
887,873,644,244,33,0.14,48.6,0.6,143,2026-10-09 11:45:00,PT5M,98.687,100.0,100.0,81.4883,66.009
875,861,618,257,33,0.14,49.0,0.6,143,2026-10-09 11:50:00,PT5M,97.434,100.0,100.0,80.0048,64.318
862,849,593,270,33,0.14,49.5,0.7,144,2026-10-09 11:55:00,PT5M,96.189,100.0,100.0,78.5248,62.6265
849,836,568,282,33,0.14,49.9,0.7,144,2026-10-09 12:00:00,PT5M,95.011,100.0,100.0,77.1084,60.9955
835,823,543,293,33,0.14,50.4,0.7,144,2026-10-09 12:05:00,PT5M,93.802,100.0,100.0,75.657,59.326
821,810,519,304,33,0.14,50.9,0.8,144,2026-10-09 12:10:00,PT5M,92.613,100.0,100.0,74.2225,57.6705
807,796,495,315,33,0.14,51.4,0.8,144,2026-10-09 12:15:00,PT5M,91.35,100.0,100.0,72.7121,55.9375
792,781,471,325,32,0.14,51.8,0.8,144,2026-10-09 12:20:00,PT5M,90.06,100.0,100.0,71.1729,54.174
777,767,448,333,32,0.14,52.3,0.9,144,2026-10-09 12:25:00,PT5M,88.741,100.0,100.0,69.6042,52.3805
762,752,426,342,32,0.14,52.8,0.9,144,2026-10-09 12:30:00,PT5M,87.392,100.0,100.0,68.0055,50.557
746,737,404,349,32,0.14,53.3,0.9,144,2026-10-09 12:35:00,PT5M,86.009,100.0,100.0,66.362,48.679
730,722,382,356,32,0.14,53.8,1.0,144,2026-10-09 12:40:00,PT5M,84.591,100.0,100.0,64.6734,46.747
714,706,362,362,32,0.14,54.3,1.0,144,2026-10-09 12:45:00,PT5M,83.125,100.0,100.0,62.9324,44.7585
698,691,341,367,32,0.14,54.8,1.0,144,2026-10-09 12:50:00,PT5M,81.586,100.0,100.0,61.1229,42.7055
682,675,322,372,32,0.14,55.3,1.1,144,2026-10-09 12:55:00,PT5M,80.08,100.0,100.0,59.3585,40.7085
665,659,303,376,32,0.14,55.8,1.1,144,2026-10-09 13:00:00,PT5M,78.538,100.0,99.5169,57.5591,38.6775
649,643,284,379,31,0.14,56.4,1.1,144,2026-10-09 13:05:00,PT5M,76.933,100.0,98.1724,55.6936,36.5775
632,626,266,381,31,0.14,56.9,1.2,144,2026-10-09 13:10:00,PT5M,75.285,100.0,96.7828,53.7872,34.4385
615,610,249,383,31,0.14,57.4,1.2,144,2026-10-09 13:15:00,PT5M,73.597,100.0,95.3493,51.8447,32.267
598,594,232,384,31,0.14,58.0,1.2,144,2026-10-09 13:20:00,PT5M,71.874,100.0,93.8763,49.8717,30.069
582,577,215,384,31,0.14,58.5,1.3,144,2026-10-09 13:25:00,PT5M,70.12,100.0,92.3673,47.8727,27.8495
565,561,199,383,31,0.14,59.1,1.3,144,2026-10-09 13:30:00,PT5M,68.296,100.0,90.7827,45.8093,25.5705
548,545,184,382,31,0.14,59.6,1.3,144,2026-10-09 13:35:00,PT5M,66.477,100.0,89.1829,43.7711,23.335
531,528,169,381,31,0.14,60.2,1.4,144,2026-10-09 13:40:00,PT5M,64.626,100.0,87.5317,41.7203,21.1045
515,512,155,378,30,0.14,60.7,1.4,144,2026-10-09 13:45:00,PT5M,62.743,100.0,85.8445,39.6415,18.8495
498,496,141,376,30,0.14,61.3,1.4,144,2026-10-09 13:50:00,PT5M,60.83,100.0,84.1233,37.5367,16.572
482,480,128,372,30,0.14,61.9,1.5,144,2026-10-09 13:55:00,PT5M,58.887,100.0,82.3682,35.4058,14.272
465,463,115,368,30,0.14,62.5,1.5,144,2026-10-09 14:00:00,PT5M,56.909,100.0,80.5747,33.2433,11.9435
449,447,102,364,30,0.14,63.1,1.5,144,2026-10-09 14:05:00,PT5M,55.028,100.0,78.8742,31.1818,9.7195
432,431,90,359,30,0.14,63.7,1.6,144,2026-10-09 14:10:00,PT5M,52.982,98.625,77.0042,28.9598,7.339
416,415,78,353,30,0.14,64.3,1.6,144,2026-10-09 14:15:00,PT5M,50.918,96.8925,75.1147,26.7213,4.9435
400,399,67,347,30,0.14,64.9,1.6,144,2026-10-09 14:20:00,PT5M,48.839,95.138,73.2065,24.4715,2.54
384,384,56,340,29,0.14,65.5,1.7,144,2026-10-09 14:25:00,PT5M,46.747,93.359,71.2792,22.2148,0.135
368,368,46,334,29,0.14,66.1,1.7,144,2026-10-09 14:30:00,PT5M,44.646,91.558,69.3361,19.9559,0.0
359,359,43,327,29,0.14,66.5,1.7,145,2026-10-09 14:35:00,PT5M,43.542,90.5535,68.2845,18.7995,0.0
357,356,48,321,29,0.14,66.7,1.7,146,2026-10-09 14:40:00,PT5M,43.429,90.3555,68.1268,18.7312,0.0
353,353,53,315,29,0.14,66.9,1.7,146,2026-10-09 14:45:00,PT5M,43.297,90.1465,67.9542,18.6398,0.0
350,350,59,309,29,0.14,67.1,1.7,147,2026-10-09 14:50:00,PT5M,43.186,89.7775,67.7074,18.6646,0.0
346,346,64,302,29,0.14,67.4,1.6,148,2026-10-09 14:55:00,PT5M,43.085,89.301,67.4088,18.7612,0.0
342,342,70,295,29,0.14,67.6,1.6,149,2026-10-09 15:00:00,PT5M,42.968,88.7995,67.0894,18.8466,0.0
337,337,74,288,29,0.14,67.8,1.6,149,2026-10-09 15:05:00,PT5M,42.719,88.0895,66.5978,18.8402,0.0
332,331,76,282,29,0.14,68.0,1.6,150,2026-10-09 15:10:00,PT5M,42.314,87.0735,65.8712,18.7568,0.0
325,325,79,276,29,0.14,68.2,1.6,151,2026-10-09 15:15:00,PT5M,41.849,86.028,65.1007,18.5973,0.0
319,318,81,269,29,0.14,68.4,1.6,152,2026-10-09 15:20:00,PT5M,41.333,84.896,64.2605,18.4055,0.0
312,311,83,262,29,0.14,68.6,1.5,153,2026-10-09 15:25:00,PT5M,40.763,83.667,63.3437,18.1823,0.0
304,303,85,255,29,0.14,68.8,1.5,154,2026-10-09 15:30:00,PT5M,40.126,82.3195,62.3327,17.9193,0.0
296,295,86,247,29,0.14,69.0,1.5,154,2026-10-09 15:35:00,PT5M,39.46,80.8445,61.241,17.679,0.0
287,286,87,240,29,0.14,69.3,1.5,155,2026-10-09 15:40:00,PT5M,38.721,79.201,60.0259,17.4161,0.0
278,277,87,232,29,0.14,69.5,1.5,156,2026-10-09 15:45:00,PT5M,37.894,77.379,58.6752,17.1128,0.0
268,267,88,224,29,0.14,69.7,1.5,157,2026-10-09 15:50:00,PT5M,36.975,75.384,57.1899,16.7601,0.0
258,257,87,215,29,0.14,69.9,1.5,158,2026-10-09 15:55:00,PT5M,35.958,73.2185,55.5685,16.3475,0.0
247,246,86,207,29,0.14,70.1,1.4,159,2026-10-09 16:00:00,PT5M,34.84,70.887,53.8118,15.8682,0.0
237,236,87,198,29,0.14,70.3,1.4,160,2026-10-09 16:05:00,PT5M,33.811,68.6635,52.1541,15.4679,0.0
226,225,89,188,29,0.14,70.6,1.4,161,2026-10-09 16:10:00,PT5M,32.86,66.1515,50.3816,15.3384,0.0
216,214,90,178,29,0.14,70.8,1.4,162,2026-10-09 16:15:00,PT5M,31.616,62.4585,47.8486,15.3834,0.7735
204,203,91,169,28,0.14,71.0,1.4,163,2026-10-09 16:20:00,PT5M,30.172,58.6475,45.1589,15.1851,1.6965
193,192,91,159,28,0.14,71.2,1.4,164,2026-10-09 16:25:00,PT5M,28.581,54.7305,42.3437,14.8183,2.4315
181,180,90,149,28,0.14,71.4,1.4,165,2026-10-09 16:30:00,PT5M,26.864,50.739,39.4296,14.2984,2.989
169,168,89,139,28,0.14,71.7,1.4,167,2026-10-09 16:35:00,PT5M,25.066,46.6925,36.4482,13.6838,3.4395
157,156,88,129,28,0.14,71.9,1.4,168,2026-10-09 16:40:00,PT5M,23.185,42.602,33.4043,12.9657,3.768
144,143,85,119,28,0.14,72.1,1.4,169,2026-10-09 16:45:00,PT5M,21.215,38.4775,30.3004,12.1296,3.9525
132,130,81,110,28,0.14,72.3,1.3,170,2026-10-09 16:50:00,PT5M,19.191,34.3765,27.1832,11.1988,4.0055
118,117,70,100,28,0.14,72.6,1.3,171,2026-10-09 16:55:00,PT5M,16.85,30.0815,23.8138,9.8862,3.6185
104,103,59,91,28,0.14,72.8,1.3,172,2026-10-09 17:00:00,PT5M,14.585,25.985,20.5849,8.5851,3.185
91,90,45,81,28,0.14,73.0,1.3,173,2026-10-09 17:05:00,PT5M,12.245,21.887,17.3197,7.1703,2.603
77,77,31,72,28,0.14,73.3,1.3,175,2026-10-09 17:10:00,PT5M,10.072,18.0225,14.2564,5.8876,2.1215
65,65,15,62,28,0.14,73.5,1.3,176,2026-10-09 17:15:00,PT5M,8.05,14.342,11.3615,4.7385,1.758
53,53,0,53,28,0.14,73.7,1.3,177,2026-10-09 17:20:00,PT5M,6.164,10.952,8.684,3.644,1.376
42,42,0,42,28,0.14,73.9,1.3,178,2026-10-09 17:25:00,PT5M,4.732,8.195,6.5546,2.9094,1.269
32,32,0,32,28,0.14,74.2,1.3,179,2026-10-09 17:30:00,PT5M,3.505,5.898,4.7645,2.2455,1.112
23,23,0,23,28,0.14,74.5,1.3,180,2026-10-09 17:35:00,PT5M,2.334,3.8005,3.1058,1.5622,0.8675
14,14,0,14,28,0.14,74.9,1.3,180,2026-10-09 17:40:00,PT5M,1.223,2.0285,1.6469,0.7991,0.4175
7,7,0,7,28,0.14,75.3,1.3,179,2026-10-09 17:45:00,PT5M,0.181,0.37,0.2805,0.0815,0.0
1,1,0,1,28,0.14,75.7,1.3,179,2026-10-09 17:50:00,PT5M,0.0,0.0,0.0,0.0,0.0
0,0,0,0,27,0.14,76.1,1.3,179,2026-10-09 17:55:00,PT5M,0.0,0.0,0.0,0.0,0.0
0,0,0,0,27,0.14,76.5,1.3,179,2026-10-09 18:00:00,PT5M,0.0,0.0,0.0,0.0,0.0
0,0,0,0,27,0.14,76.9,1.2,178,2026-10-09 18:05:00,PT5M,0.0,0.0,0.0,0.0,0.0
0,0,0,0,27,0.14,77.3,1.2,178,2026-10-09 18:10:00,PT5M,0.0,0.0,0.0,0.0,0.0
0,0,0,0,27,0.14,77.7,1.2,178,2026-10-09 18:15:00,PT5M,0.0,0.0,0.0,0.0,0.0
0,0,0,0,27,0.14,78.2,1.2,178,2026-10-09 18:20:00,PT5M,0.0,0.0,0.0,0.0,0.0
0,0,0,0,27,0.14,78.6,1.2,177,2026-10-09 18:25:00,PT5M,0.0,0.0,0.0,0.0,0.0
0,0,0,0,27,0.14,79.0,1.2,177,2026-10-09 18:30:00,PT5M,0.0,0.0,0.0,0.0,0.0
0,0,0,0,27,0.14,79.4,1.2,177,2026-10-09 18:35:00,PT5M,0.0,0.0,0.0,0.0,0.0
0,0,0,0,27,0.14,79.9,1.2,176,2026-10-09 18:40:00,PT5M,0.0,0.0,0.0,0.0,0.0
0,0,0,0,26,0.14,80.3,1.2,176,2026-10-09 18:45:00,PT5M,0.0,0.0,0.0,0.0,0.0
0,0,0,0,26,0.14,80.7,1.2,176,2026-10-09 18:50:00,PT5M,0.0,0.0,0.0,0.0,0.0
0,0,0,0,26,0.14,81.2,1.2,175,2026-10-09 18:55:00,PT5M,0.0,0.0,0.0,0.0,0.0
0,0,0,0,26,0.14,81.6,1.2,175,2026-10-09 19:00:00,PT5M,0.0,0.0,0.0,0.0,0.0
0,0,0,0,26,0.14,82.0,1.2,175,2026-10-09 19:05:00,PT5M,0.0,0.0,0.0,0.0,0.0
0,0,0,0,26,0.14,82.5,1.1,175,2026-10-09 19:10:00,PT5M,0.0,0.0,0.0,0.0,0.0
0,0,0,0,26,0.14,82.9,1.1,174,2026-10-09 19:15:00,PT5M,0.0,0.0,0.0,0.0,0.0
0,0,0,0,26,0.14,83.4,1.1,174,2026-10-09 19:20:00,PT5M,0.0,0.0,0.0,0.0,0.0
0,0,0,0,26,0.14,83.8,1.1,174,2026-10-09 19:25:00,PT5M,0.0,0.0,0.0,0.0,0.0
0,0,0,0,26,0.14,84.3,1.1,173,2026-10-09 19:30:00,PT5M,0.0,0.0,0.0,0.0,0.0
0,0,0,0,26,0.14,84.8,1.1,173,2026-10-09 19:35:00,PT5M,0.0,0.0,0.0,0.0,0.0
0,0,0,0,25,0.14,85.2,1.1,173,2026-10-09 19:40:00,PT5M,0.0,0.0,0.0,0.0,0.0
0,0,0,0,25,0.14,85.7,1.1,172,2026-10-09 19:45:00,PT5M,0.0,0.0,0.0,0.0,0.0
0,0,0,0,25,0.14,86.2,1.1,172,2026-10-09 19:50:00,PT5M,0.0,0.0,0.0,0.0,0.0
0,0,0,0,25,0.14,86.6,1.1,172,2026-10-09 19:55:00,PT5M,0.0,0.0,0.0,0.0,0.0
0,0,0,0,25,0.14,87.1,1.1,171,2026-10-09 20:00:00,PT5M,0.0,0.0,0.0,0.0,0.0
0,0,0,0,25,0.14,87.6,1.1,171,2026-10-09 20:05:00,PT5M,0.0,0.0,0.0,0.0,0.0
0,0,0,0,25,0.14,88.1,1.1,170,2026-10-09 20:10:00,PT5M,0.0,0.0,0.0,0.0,0.0
0,0,0,0,25,0.14,88.5,1.0,170,2026-10-09 20:15:00,PT5M,0.0,0.0,0.0,0.0,0.0
0,0,0,0,25,0.14,89.0,1.0,170,2026-10-09 20:20:00,PT5M,0.0,0.0,0.0,0.0,0.0
0,0,0,0,24,0.14,89.5,1.0,169,2026-10-09 20:25:00,PT5M,0.0,0.0,0.0,0.0,0.0
0,0,0,0,24,0.14,90.0,1.0,169,2026-10-09 20:30:00,PT5M,0.0,0.0,0.0,0.0,0.0
0,0,0,0,24,0.14,90.3,1.0,169,2026-10-09 20:35:00,PT5M,0.0,0.0,0.0,0.0,0.0
0,0,0,0,24,0.14,90.3,1.0,170,2026-10-09 20:40:00,PT5M,0.0,0.0,0.0,0.0,0.0
0,0,0,0,24,0.14,90.4,0.9,172,2026-10-09 20:45:00,PT5M,0.0,0.0,0.0,0.0,0.0
0,0,0,0,24,0.14,90.4,0.9,173,2026-10-09 20:50:00,PT5M,0.0,0.0,0.0,0.0,0.0
0,0,0,0,24,0.14,90.5,0.9,174,2026-10-09 20:55:00,PT5M,0.0,0.0,0.0,0.0,0.0
0,0,0,0,24,0.14,90.5,0.9,176,2026-10-09 21:00:00,PT5M,0.0,0.0,0.0,0.0,0.0
0,0,0,0,24,0.14,90.5,0.8,177,2026-10-09 21:05:00,PT5M,0.0,0.0,0.0,0.0,0.0
0,0,0,0,24,0.14,90.6,0.8,179,2026-10-09 21:10:00,PT5M,0.0,0.0,0.0,0.0,0.0
0,0,0,0,24,0.14,90.6,0.8,181,2026-10-09 21:15:00,PT5M,0.0,0.0,0.0,0.0,0.0
0,0,0,0,24,0.14,90.7,0.8,183,2026-10-09 21:20:00,PT5M,0.0,0.0,0.0,0.0,0.0
0,0,0,0,24,0.14,90.7,0.7,185,2026-10-09 21:25:00,PT5M,0.0,0.0,0.0,0.0,0.0
0,0,0,0,24,0.14,90.8,0.7,187,2026-10-09 21:30:00,PT5M,0.0,0.0,0.0,0.0,0.0
0,0,0,0,24,0.14,90.8,0.7,189,2026-10-09 21:35:00,PT5M,0.0,0.0,0.0,0.0,0.0
0,0,0,0,24,0.14,90.9,0.7,192,2026-10-09 21:40:00,PT5M,0.0,0.0,0.0,0.0,0.0
0,0,0,0,24,0.14,90.9,0.7,194,2026-10-09 21:45:00,PT5M,0.0,0.0,0.0,0.0,0.0
0,0,0,0,24,0.14,91.0,0.6,197,2026-10-09 21:50:00,PT5M,0.0,0.0,0.0,0.0,0.0
0,0,0,0,24,0.14,91.0,0.6,200,2026-10-09 21:55:00,PT5M,0.0,0.0,0.0,0.0,0.0
0,0,0,0,24,0.14,91.0,0.6,203,2026-10-09 22:00:00,PT5M,0.0,0.0,0.0,0.0,0.0
0,0,0,0,24,0.14,91.1,0.6,206,2026-10-09 22:05:00,PT5M,0.0,0.0,0.0,0.0,0.0
0,0,0,0,24,0.14,91.1,0.6,209,2026-10-09 22:10:00,PT5M,0.0,0.0,0.0,0.0,0.0
0,0,0,0,24,0.14,91.2,0.6,213,2026-10-09 22:15:00,PT5M,0.0,0.0,0.0,0.0,0.0
0,0,0,0,24,0.14,91.2,0.6,216,2026-10-09 22:20:00,PT5M,0.0,0.0,0.0,0.0,0.0
0,0,0,0,24,0.14,91.3,0.6,220,2026-10-09 22:25:00,PT5M,0.0,0.0,0.0,0.0,0.0
0,0,0,0,24,0.14,91.3,0.6,223,2026-10-09 22:30:00,PT5M,0.0,0.0,0.0,0.0,0.0
0,0,0,0,24,0.14,91.4,0.6,227,2026-10-09 22:35:00,PT5M,0.0,0.0,0.0,0.0,0.0
0,0,0,0,24,0.14,91.4,0.6,230,2026-10-09 22:40:00,PT5M,0.0,0.0,0.0,0.0,0.0
0,0,0,0,24,0.14,91.4,0.6,234,2026-10-09 22:45:00,PT5M,0.0,0.0,0.0,0.0,0.0
0,0,0,0,24,0.14,91.5,0.6,237,2026-10-09 22:50:00,PT5M,0.0,0.0,0.0,0.0,0.0
0,0,0,0,24,0.14,91.5,0.6,241,2026-10-09 22:55:00,PT5M,0.0,0.0,0.0,0.0,0.0
0,0,0,0,24,0.14,91.6,0.6,244,2026-10-09 23:00:00,PT5M,0.0,0.0,0.0,0.0,0.0
0,0,0,0,24,0.14,91.6,0.6,247,2026-10-09 23:05:00,PT5M,0.0,0.0,0.0,0.0,0.0
0,0,0,0,24,0.14,91.7,0.6,250,2026-10-09 23:10:00,PT5M,0.0,0.0,0.0,0.0,0.0
0,0,0,0,24,0.14,91.7,0.6,253,2026-10-09 23:15:00,PT5M,0.0,0.0,0.0,0.0,0.0
0,0,0,0,24,0.14,91.8,0.7,256,2026-10-09 23:20:00,PT5M,0.0,0.0,0.0,0.0,0.0
0,0,0,0,24,0.14,91.8,0.7,258,2026-10-09 23:25:00,PT5M,0.0,0.0,0.0,0.0,0.0
0,0,0,0,24,0.14,91.9,0.7,261,2026-10-09 23:30:00,PT5M,0.0,0.0,0.0,0.0,0.0
0,0,0,0,24,0.14,91.9,0.7,262,2026-10-09 23:35:00,PT5M,0.0,0.0,0.0,0.0,0.0
0,0,0,0,24,0.14,92.0,0.7,262,2026-10-09 23:40:00,PT5M,0.0,0.0,0.0,0.0,0.0
0,0,0,0,24,0.14,92.1,0.7,262,2026-10-09 23:45:00,PT5M,0.0,0.0,0.0,0.0,0.0
0,0,0,0,24,0.14,92.2,0.7,262,2026-10-09 23:50:00,PT5M,0.0,0.0,0.0,0.0,0.0
0,0,0,0,24,0.14,92.2,0.7,262,2026-10-09 23:55:00,PT5M,0.0,0.0,0.0,0.0,0.0
0,0,0,0,24,0.14,92.3,0.8,262,2026-10-10 00:00:00,PT5M,0.0,0.0,0.0,0.0,0.0
0,0,0,0,24,0.14,92.4,0.8,262,2026-10-10 00:05:00,PT5M,0.0,0.0,0.0,0.0,0.0
0,0,0,0,24,0.14,92.5,0.8,263,2026-10-10 00:10:00,PT5M,0.0,0.0,0.0,0.0,0.0
0,0,0,0,24,0.14,92.5,0.8,263,2026-10-10 00:15:00,PT5M,0.0,0.0,0.0,0.0,0.0
0,0,0,0,24,0.14,92.6,0.8,263,2026-10-10 00:20:00,PT5M,0.0,0.0,0.0,0.0,0.0
0,0,0,0,24,0.14,92.7,0.8,263,2026-10-10 00:25:00,PT5M,0.0,0.0,0.0,0.0,0.0
0,0,0,0,24,0.14,92.8,0.8,263,2026-10-10 00:30:00,PT5M,0.0,0.0,0.0,0.0,0.0
0,0,0,0,24,0.14,92.8,0.8,263,2026-10-10 00:35:00,PT5M,0.0,0.0,0.0,0.0,0.0
0,0,0,0,24,0.14,92.9,0.8,263,2026-10-10 00:40:00,PT5M,0.0,0.0,0.0,0.0,0.0
0,0,0,0,24,0.14,93.0,0.8,263,2026-10-10 00:45:00,PT5M,0.0,0.0,0.0,0.0,0.0
0,0,0,0,24,0.14,93.1,0.8,263,2026-10-10 00:50:00,PT5M,0.0,0.0,0.0,0.0,0.0
0,0,0,0,24,0.14,93.2,0.8,263,2026-10-10 00:55:00,PT5M,0.0,0.0,0.0,0.0,0.0
0,0,0,0,24,0.14,93.2,0.9,263,2026-10-10 01:00:00,PT5M,0.0,0.0,0.0,0.0,0.0
0,0,0,0,24,0.14,93.3,0.9,263,2026-10-10 01:05:00,PT5M,0.0,0.0,0.0,0.0,0.0
0,0,0,0,24,0.14,93.4,0.9,263,2026-10-10 01:10:00,PT5M,0.0,0.0,0.0,0.0,0.0
0,0,0,0,24,0.14,93.5,0.9,263,2026-10-10 01:15:00,PT5M,0.0,0.0,0.0,0.0,0.0
0,0,0,0,24,0.14,93.6,0.9,264,2026-10-10 01:20:00,PT5M,0.0,0.0,0.0,0.0,0.0
0,0,0,0,24,0.14,93.6,0.9,264,2026-10-10 01:25:00,PT5M,0.0,0.0,0.0,0.0,0.0
0,0,0,0,24,0.14,93.7,0.9,264,2026-10-10 01:30:00,PT5M,0.0,0.0,0.0,0.0,0.0
0,0,0,0,24,0.14,93.8,0.9,264,2026-10-10 01:35:00,PT5M,0.0,0.0,0.0,0.0,0.0
0,0,0,0,24,0.14,93.9,0.9,264,2026-10-10 01:40:00,PT5M,0.0,0.0,0.0,0.0,0.0
0,0,0,0,24,0.14,93.9,0.9,264,2026-10-10 01:45:00,PT5M,0.0,0.0,0.0,0.0,0.0
0,0,0,0,24,0.14,94.0,0.9,264,2026-10-10 01:50:00,PT5M,0.0,0.0,0.0,0.0,0.0
0,0,0,0,24,0.14,94.1,0.9,264,2026-10-10 01:55:00,PT5M,0.0,0.0,0.0,0.0,0.0
0,0,0,0,24,0.14,94.2,1.0,264,2026-10-10 02:00:00,PT5M,0.0,0.0,0.0,0.0,0.0
0,0,0,0,24,0.14,94.3,1.0,264,2026-10-10 02:05:00,PT5M,0.0,0.0,0.0,0.0,0.0
0,0,0,0,24,0.14,94.3,1.0,264,2026-10-10 02:10:00,PT5M,0.0,0.0,0.0,0.0,0.0
0,0,0,0,23,0.14,94.4,1.0,264,2026-10-10 02:15:00,PT5M,0.0,0.0,0.0,0.0,0.0
0,0,0,0,23,0.14,94.5,1.0,264,2026-10-10 02:20:00,PT5M,0.0,0.0,0.0,0.0,0.0
0,0,0,0,23,0.14,94.6,1.0,264,2026-10-10 02:25:00,PT5M,0.0,0.0,0.0,0.0,0.0
0,0,0,0,23,0.14,94.7,1.0,264,2026-10-10 02:30:00,PT5M,0.0,0.0,0.0,0.0,0.0
0,0,0,0,23,0.14,94.7,1.0,264,2026-10-10 02:35:00,PT5M,0.0,0.0,0.0,0.0,0.0
0,0,0,0,23,0.14,94.7,1.0,263,2026-10-10 02:40:00,PT5M,0.0,0.0,0.0,0.0,0.0
0,0,0,0,23,0.14,94.7,1.0,262,2026-10-10 02:45:00,PT5M,0.0,0.0,0.0,0.0,0.0
0,0,0,0,23,0.14,94.8,1.0,261,2026-10-10 02:50:00,PT5M,0.0,0.0,0.0,0.0,0.0
0,0,0,0,23,0.14,94.8,1.0,261,2026-10-10 02:55:00,PT5M,0.0,0.0,0.0,0.0,0.0
0,0,0,0,23,0.14,94.8,1.0,260,2026-10-10 03:00:00,PT5M,0.0,0.0,0.0,0.0,0.0
0,0,0,0,23,0.14,94.8,1.0,259,2026-10-10 03:05:00,PT5M,0.0,0.0,0.0,0.0,0.0
0,0,0,0,23,0.14,94.8,1.0,258,2026-10-10 03:10:00,PT5M,0.0,0.0,0.0,0.0,0.0
0,0,0,0,23,0.14,94.8,1.0,257,2026-10-10 03:15:00,PT5M,0.0,0.0,0.0,0.0,0.0
0,0,0,0,23,0.14,94.8,1.0,257,2026-10-10 03:20:00,PT5M,0.0,0.0,0.0,0.0,0.0
0,0,0,0,23,0.14,94.9,1.0,256,2026-10-10 03:25:00,PT5M,0.0,0.0,0.0,0.0,0.0
0,0,0,0,23,0.14,94.9,1.0,255,2026-10-10 03:30:00,PT5M,0.0,0.0,0.0,0.0,0.0
0,0,0,0,23,0.14,94.9,1.0,254,2026-10-10 03:35:00,PT5M,0.0,0.0,0.0,0.0,0.0
0,0,0,0,23,0.14,94.9,1.0,253,2026-10-10 03:40:00,PT5M,0.0,0.0,0.0,0.0,0.0
0,0,0,0,23,0.14,94.9,1.0,253,2026-10-10 03:45:00,PT5M,0.0,0.0,0.0,0.0,0.0
0,0,0,0,23,0.14,94.9,1.0,252,2026-10-10 03:50:00,PT5M,0.0,0.0,0.0,0.0,0.0
0,0,0,0,23,0.14,95.0,1.0,251,2026-10-10 03:55:00,PT5M,0.0,0.0,0.0,0.0,0.0
0,0,0,0,23,0.14,95.0,1.0,250,2026-10-10 04:00:00,PT5M,0.0,0.0,0.0,0.0,0.0
0,0,0,0,23,0.14,95.0,1.0,249,2026-10-10 04:05:00,PT5M,0.0,0.0,0.0,0.0,0.0
0,0,0,0,23,0.14,95.0,1.0,249,2026-10-10 04:10:00,PT5M,0.0,0.0,0.0,0.0,0.0
0,0,0,0,23,0.14,95.0,1.0,248,2026-10-10 04:15:00,PT5M,0.0,0.0,0.0,0.0,0.0
0,0,0,0,23,0.14,95.0,1.0,247,2026-10-10 04:20:00,PT5M,0.0,0.0,0.0,0.0,0.0
0,0,0,0,23,0.14,95.1,1.0,246,2026-10-10 04:25:00,PT5M,0.0,0.0,0.0,0.0,0.0
0,0,0,0,23,0.14,95.1,1.0,245,2026-10-10 04:30:00,PT5M,0.0,0.0,0.0,0.0,0.0
0,0,0,0,23,0.14,95.1,1.0,245,2026-10-10 04:35:00,PT5M,0.0,0.0,0.0,0.0,0.0
0,0,0,0,23,0.14,95.1,1.0,244,2026-10-10 04:40:00,PT5M,0.0,0.0,0.0,0.0,0.0
0,0,0,0,23,0.14,95.1,1.0,243,2026-10-10 04:45:00,PT5M,0.0,0.0,0.0,0.0,0.0
0,0,0,0,23,0.14,95.1,1.0,242,2026-10-10 04:50:00,PT5M,0.0,0.0,0.0,0.0,0.0
0,0,0,0,23,0.14,95.2,1.0,242,2026-10-10 04:55:00,PT5M,0.0,0.0,0.0,0.0,0.0
0,0,0,0,23,0.14,95.2,1.1,241,2026-10-10 05:00:00,PT5M,0.0,0.0,0.0,0.0,0.0
0,0,0,0,23,0.14,95.2,1.1,240,2026-10-10 05:05:00,PT5M,0.0,0.0,0.0,0.0,0.0
0,0,0,0,23,0.14,95.2,1.1,240,2026-10-10 05:10:00,PT5M,0.0,0.0,0.0,0.0,0.0
0,0,0,0,23,0.14,95.2,1.1,239,2026-10-10 05:15:00,PT5M,0.0,0.0,0.0,0.0,0.0
0,0,0,0,23,0.14,95.2,1.1,238,2026-10-10 05:20:00,PT5M,0.0,0.0,0.0,0.0,0.0
0,0,0,0,23,0.14,95.2,1.1,237,2026-10-10 05:25:00,PT5M,0.0,0.0,0.0,0.0,0.0
0,0,0,0,23,0.14,95.3,1.1,237,2026-10-10 05:30:00,PT5M,0.0,0.0,0.0,0.0,0.0
0,0,0,0,23,0.14,94.9,1.1,236,2026-10-10 05:35:00,PT5M,0.0,0.0,0.0,0.0,0.0
0,0,0,0,24,0.14,94.3,1.1,235,2026-10-10 05:40:00,PT5M,0.0,0.0,0.0,0.0,0.0
0,0,0,0,24,0.14,93.6,1.1,234,2026-10-10 05:45:00,PT5M,0.0,0.0,0.0,0.0,0.0
0,0,0,0,24,0.14,93.0,1.2,233,2026-10-10 05:50:00,PT5M,0.0,0.0,0.0,0.0,0.0
0,0,0,0,24,0.14,92.4,1.2,232,2026-10-10 05:55:00,PT5M,0.0,0.0,0.0,0.0,0.0
5,5,0,5,24,0.14,91.7,1.2,231,2026-10-10 06:00:00,PT5M,0.0,0.0,0.0,0.0,0.0
13,13,0,13,24,0.14,91.1,1.2,230,2026-10-10 06:05:00,PT5M,1.07,1.6755,1.3887,0.7513,0.4645
22,22,1,22,24,0.14,90.5,1.2,229,2026-10-10 06:10:00,PT5M,2.343,3.6215,3.0159,1.6701,1.0645
33,33,30,30,24,0.14,89.9,1.3,229,2026-10-10 06:15:00,PT5M,3.969,6.191,5.1385,2.7995,1.747
46,45,64,38,24,0.14,89.3,1.3,228,2026-10-10 06:20:00,PT5M,6.072,9.508,7.8804,4.2636,2.636
59,58,94,46,25,0.14,88.7,1.3,227,2026-10-10 06:25:00,PT5M,8.585,13.3875,11.1126,6.0574,3.7825
74,72,128,54,25,0.14,88.1,1.3,226,2026-10-10 06:30:00,PT5M,11.718,18.0795,15.0661,8.3699,5.3565
91,88,162,61,25,0.14,87.5,1.4,226,2026-10-10 06:35:00,PT5M,15.115,23.1425,19.3399,10.8901,7.0875
108,104,195,68,25,0.14,86.9,1.4,225,2026-10-10 06:40:00,PT5M,18.741,28.471,23.862,13.62,9.011
126,122,228,74,25,0.14,86.3,1.4,224,2026-10-10 06:45:00,PT5M,22.611,34.0395,28.6259,16.5961,11.1825
144,140,260,80,25,0.14,85.7,1.4,224,2026-10-10 06:50:00,PT5M,26.655,39.8055,33.5762,19.7338,13.5045
163,158,290,86,25,0.14,85.1,1.5,223,2026-10-10 06:55:00,PT5M,30.94,45.887,38.8067,23.0733,15.993
182,177,315,91,25,0.14,84.6,1.5,223,2026-10-10 07:00:00,PT5M,35.159,52.0035,44.0244,26.2936,18.3145
201,195,335,97,26,0.14,84.0,1.5,222,2026-10-10 07:05:00,PT5M,39.385,58.237,49.3069,29.4631,20.533
220,213,355,103,26,0.14,83.4,1.5,221,2026-10-10 07:10:00,PT5M,43.77,64.708,54.7898,32.7502,22.832
239,232,374,108,26,0.14,82.9,1.5,221,2026-10-10 07:15:00,PT5M,48.202,71.2525,60.3336,36.0704,25.1515
258,251,391,113,26,0.14,82.3,1.6,220,2026-10-10 07:20:00,PT5M,52.637,77.8625,65.9134,39.3606,27.4115
277,270,408,118,26,0.14,81.7,1.6,220,2026-10-10 07:25:00,PT5M,57.078,84.439,71.4783,42.6777,29.717
296,289,423,123,26,0.14,81.2,1.6,219,2026-10-10 07:30:00,PT5M,61.525,91.0365,77.0571,45.9929,32.0135
316,308,438,127,26,0.14,80.7,1.6,219,2026-10-10 07:35:00,PT5M,65.996,97.6905,82.677,49.315,34.3015
335,326,451,132,26,0.14,80.1,1.7,219,2026-10-10 07:40:00,PT5M,70.167,100.0,87.9086,52.4254,36.4575
354,345,465,136,27,0.14,79.6,1.7,218,2026-10-10 07:45:00,PT5M,72.379,100.0,90.4884,54.2696,37.9705
373,364,478,140,27,0.14,79.0,1.7,218,2026-10-10 07:50:00,PT5M,74.487,100.0,92.9354,56.0386,39.4345
392,383,490,144,27,0.14,78.5,1.7,217,2026-10-10 07:55:00,PT5M,76.484,100.0,95.2413,57.7267,40.8445
411,401,502,147,27,0.14,78.0,1.8,217,2026-10-10 08:00:00,PT5M,78.36,100.0,97.3926,59.3274,42.1975
430,420,512,151,27,0.14,77.5,1.8,216,2026-10-10 08:05:00,PT5M,80.071,100.0,99.3336,60.8084,43.4715
448,438,522,155,27,0.14,77.0,1.8,216,2026-10-10 08:10:00,PT5M,81.608,100.0,100.0,62.1646,44.665
466,456,531,158,27,0.14,76.4,1.9,216,2026-10-10 08:15:00,PT5M,82.994,100.0,100.0,63.4154,45.794
484,473,539,162,27,0.14,75.9,1.9,215,2026-10-10 08:20:00,PT5M,84.216,100.0,100.0,64.5571,46.8635
501,491,547,165,27,0.14,75.4,1.9,215,2026-10-10 08:25:00,PT5M,85.303,100.0,100.0,65.5978,47.8625
519,508,554,169,28,0.14,74.9,1.9,215,2026-10-10 08:30:00,PT5M,86.378,100.0,100.0,66.6481,48.8905
536,524,561,172,28,0.14,74.3,1.9,215,2026-10-10 08:35:00,PT5M,87.316,100.0,100.0,67.5787,49.8145
552,541,568,175,28,0.14,73.7,1.9,215,2026-10-10 08:40:00,PT5M,88.192,100.0,100.0,68.4618,50.704
569,557,574,178,28,0.14,73.0,1.9,215,2026-10-10 08:45:00,PT5M,89.015,100.0,100.0,69.3016,51.559
585,573,580,181,28,0.14,72.3,1.9,216,2026-10-10 08:50:00,PT5M,89.793,100.0,100.0,70.1067,52.3885
601,589,585,184,28,0.14,71.7,1.9,216,2026-10-10 08:55:00,PT5M,90.53,100.0,100.0,70.8522,53.1415
616,604,590,187,28,0.14,71.0,1.9,217,2026-10-10 09:00:00,PT5M,91.227,100.0,100.0,71.596,53.9275
632,620,597,190,29,0.14,70.4,1.9,217,2026-10-10 09:05:00,PT5M,91.986,100.0,100.0,72.4418,54.8515
648,635,603,192,29,0.14,69.8,1.9,217,2026-10-10 09:10:00,PT5M,92.698,100.0,100.0,73.3623,55.9595
663,650,609,194,29,0.14,69.1,1.9,218,2026-10-10 09:15:00,PT5M,93.377,100.0,100.0,74.2478,57.031
678,665,614,196,29,0.14,68.5,1.9,218,2026-10-10 09:20:00,PT5M,94.025,100.0,100.0,75.1003,58.0675
692,679,619,198,29,0.14,67.9,1.9,219,2026-10-10 09:25:00,PT5M,94.643,100.0,100.0,75.9207,59.07
706,693,625,200,29,0.14,67.3,1.9,219,2026-10-10 09:30:00,PT5M,95.233,100.0,100.0,76.7107,60.04
720,706,629,202,29,0.14,66.7,1.8,219,2026-10-10 09:35:00,PT5M,95.796,100.0,100.0,77.4624,60.9615
733,719,634,204,29,0.14,66.1,1.8,220,2026-10-10 09:40:00,PT5M,96.333,100.0,100.0,78.1757,61.8335
746,732,638,206,30,0.14,65.5,1.8,220,2026-10-10 09:45:00,PT5M,96.818,100.0,100.0,78.8312,62.6425
758,744,642,208,30,0.14,64.9,1.8,221,2026-10-10 09:50:00,PT5M,97.248,100.0,100.0,79.4259,63.3855
770,756,645,210,30,0.14,64.3,1.8,221,2026-10-10 09:55:00,PT5M,97.656,100.0,100.0,79.9931,64.096
781,767,648,212,30,0.14,63.7,1.8,221,2026-10-10 10:00:00,PT5M,98.041,100.0,100.0,80.5316,64.7725
792,778,651,213,30,0.14,63.1,1.8,222,2026-10-10 10:05:00,PT5M,98.415,100.0,100.0,81.0553,65.431
802,788,655,214,30,0.14,62.6,1.8,222,2026-10-10 10:10:00,PT5M,98.779,100.0,100.0,81.5653,66.0725
813,798,658,216,30,0.14,62.0,1.8,223,2026-10-10 10:15:00,PT5M,99.118,100.0,100.0,82.0456,66.68
822,808,661,217,31,0.14,61.5,1.8,223,2026-10-10 10:20:00,PT5M,99.433,100.0,100.0,82.4978,67.2555
832,817,664,218,31,0.14,60.9,1.8,224,2026-10-10 10:25:00,PT5M,99.725,100.0,100.0,82.9224,67.7995
841,826,667,218,31,0.14,60.4,1.8,224,2026-10-10 10:30:00,PT5M,99.997,100.0,100.0,83.3236,68.317
849,834,670,219,31,0.14,59.8,1.8,224,2026-10-10 10:35:00,PT5M,100.0,100.0,100.0,83.4624,68.578
857,842,672,220,31,0.14,59.3,1.8,225,2026-10-10 10:40:00,PT5M,100.0,100.0,100.0,83.6045,68.848
864,849,675,221,31,0.14,58.8,1.8,225,2026-10-10 10:45:00,PT5M,100.0,100.0,100.0,83.7403,69.106
871,856,677,221,31,0.14,58.2,1.7,226,2026-10-10 10:50:00,PT5M,100.0,100.0,100.0,83.8682,69.349
878,863,679,222,31,0.14,57.7,1.7,226,2026-10-10 10:55:00,PT5M,100.0,100.0,100.0,83.9737,69.5495
884,868,682,222,32,0.14,57.2,1.7,227,2026-10-10 11:00:00,PT5M,100.0,100.0,100.0,84.0887,69.768
889,874,683,222,32,0.14,56.7,1.7,227,2026-10-10 11:05:00,PT5M,100.0,100.0,100.0,84.2089,69.9965
894,879,685,223,32,0.14,56.2,1.7,228,2026-10-10 11:10:00,PT5M,100.0,100.0,100.0,84.3189,70.2055
899,883,687,223,32,0.14,55.7,1.7,228,2026-10-10 11:15:00,PT5M,100.0,100.0,100.0,84.4163,70.3905
903,887,688,223,32,0.14,55.2,1.7,229,2026-10-10 11:20:00,PT5M,100.0,100.0,100.0,84.5074,70.5635
906,890,689,223,32,0.14,54.7,1.7,229,2026-10-10 11:25:00,PT5M,100.0,100.0,100.0,84.5916,70.7235
909,893,690,223,32,0.14,54.2,1.7,230,2026-10-10 11:30:00,PT5M,100.0,100.0,100.0,84.6705,70.8735
907,891,682,228,32,0.14,54.2,1.7,229,2026-10-10 11:35:00,PT5M,100.0,100.0,100.0,84.6408,70.817
900,885,665,238,32,0.14,54.5,1.7,227,2026-10-10 11:40:00,PT5M,100.0,100.0,100.0,84.5018,70.553
893,878,648,247,32,0.14,54.9,1.7,225,2026-10-10 11:45:00,PT5M,99.57,100.0,100.0,83.9263,69.8465
885,871,631,256,32,0.14,55.2,1.7,224,2026-10-10 11:50:00,PT5M,98.75,100.0,100.0,82.9542,68.7375
877,863,614,264,32,0.14,55.6,1.7,222,2026-10-10 11:55:00,PT5M,97.942,100.0,100.0,81.9875,67.628
868,855,597,272,32,0.14,55.9,1.7,220,2026-10-10 12:00:00,PT5M,97.194,100.0,100.0,81.0751,66.5675
859,846,580,280,32,0.14,56.3,1.7,218,2026-10-10 12:05:00,PT5M,96.422,100.0,100.0,80.1331,65.4725
850,836,564,288,32,0.14,56.7,1.8,217,2026-10-10 12:10:00,PT5M,95.623,100.0,100.0,79.1585,64.34
839,827,547,295,32,0.14,57.0,1.8,215,2026-10-10 12:15:00,PT5M,94.798,100.0,100.0,78.1533,63.1725
829,817,531,302,32,0.14,57.4,1.8,213,2026-10-10 12:20:00,PT5M,94.002,100.0,100.0,77.1725,62.0255
818,806,515,309,32,0.14,57.8,1.8,212,2026-10-10 12:25:00,PT5M,93.125,100.0,100.0,76.1071,60.7905
807,795,498,315,32,0.14,58.1,1.8,210,2026-10-10 12:30:00,PT5M,92.22,100.0,100.0,75.0105,59.5215
796,784,484,321,31,0.14,58.5,1.8,209,2026-10-10 12:35:00,PT5M,91.341,100.0,100.0,73.936,58.271
785,774,470,325,31,0.14,58.9,1.9,207,2026-10-10 12:40:00,PT5M,90.488,100.0,100.0,72.8828,57.0375
773,763,456,329,31,0.14,59.3,1.9,206,2026-10-10 12:45:00,PT5M,89.591,100.0,100.0,71.775,55.74
762,751,443,333,31,0.14,59.7,1.9,204,2026-10-10 12:50:00,PT5M,88.667,100.0,100.0,70.642,54.419
750,740,429,336,31,0.14,60.0,1.9,203,2026-10-10 12:55:00,PT5M,87.732,100.0,100.0,69.5094,53.1085
737,728,416,340,31,0.14,60.4,2.0,201,2026-10-10 13:00:00,PT5M,86.759,100.0,100.0,68.3338,51.7505
725,716,403,342,31,0.14,60.8,2.0,200,2026-10-10 13:05:00,PT5M,85.734,100.0,100.0,67.0964,50.322
712,703,390,344,31,0.14,61.2,2.0,199,2026-10-10 13:10:00,PT5M,84.668,100.0,100.0,65.8157,48.848
699,690,377,346,31,0.14,61.6,2.0,198,2026-10-10 13:15:00,PT5M,83.563,100.0,100.0,64.4946,47.3325
686,677,364,348,31,0.14,62.0,2.1,196,2026-10-10 13:20:00,PT5M,82.421,100.0,100.0,63.1368,45.7805
672,664,352,349,31,0.14,62.4,2.1,195,2026-10-10 13:25:00,PT5M,81.182,100.0,100.0,61.6831,44.1335
659,651,339,349,31,0.14,62.8,2.1,194,2026-10-10 13:30:00,PT5M,79.973,100.0,99.6858,60.2602,42.518
644,637,326,350,30,0.14,63.2,2.2,193,2026-10-10 13:35:00,PT5M,78.667,100.0,98.5933,58.7407,40.8065
629,622,312,350,30,0.14,63.6,2.2,192,2026-10-10 13:40:00,PT5M,77.26,100.0,97.3989,57.1211,38.9955
614,607,299,350,30,0.14,64.0,2.2,191,2026-10-10 13:45:00,PT5M,75.813,100.0,96.164,55.462,37.1455
599,592,286,350,30,0.14,64.5,2.3,190,2026-10-10 13:50:00,PT5M,74.326,100.0,94.8883,53.7637,35.257
583,577,273,349,30,0.14,64.9,2.3,189,2026-10-10 13:55:00,PT5M,72.797,100.0,93.5701,52.0239,33.3275
568,562,260,347,30,0.14,65.3,2.4,188,2026-10-10 14:00:00,PT5M,71.223,100.0,92.2066,50.2394,31.3535
552,547,247,345,30,0.14,65.7,2.4,187,2026-10-10 14:05:00,PT5M,69.6,100.0,90.7931,48.4069,29.3325
536,531,234,343,30,0.14,66.2,2.4,186,2026-10-10 14:10:00,PT5M,67.903,100.0,89.3053,46.5007,27.238
520,516,221,341,30,0.14,66.6,2.5,185,2026-10-10 14:15:00,PT5M,66.167,100.0,87.7761,44.5579,25.109
504,500,208,337,30,0.14,67.0,2.5,184,2026-10-10 14:20:00,PT5M,64.391,100.0,86.2043,42.5777,22.945
488,484,196,334,30,0.14,67.5,2.5,183,2026-10-10 14:25:00,PT5M,62.583,100.0,84.5979,40.5681,20.754
472,469,184,330,30,0.14,67.9,2.6,183,2026-10-10 14:30:00,PT5M,60.739,100.0,82.9536,38.5244,18.5305
460,456,178,325,30,0.14,68.3,2.6,183,2026-10-10 14:35:00,PT5M,59.475,100.0,81.8154,37.1346,17.0275
451,448,179,318,29,0.14,68.5,2.6,183,2026-10-10 14:40:00,PT5M,58.799,100.0,81.0757,36.5223,16.4725
442,438,179,311,29,0.14,68.8,2.6,184,2026-10-10 14:45:00,PT5M,58.093,100.0,80.274,35.912,15.9485
433,429,179,304,29,0.14,69.1,2.6,185,2026-10-10 14:50:00,PT5M,57.423,99.414,79.5232,35.3228,15.432
423,420,180,297,29,0.14,69.4,2.5,185,2026-10-10 14:55:00,PT5M,56.745,98.5675,78.7565,34.7335,14.9225
413,410,181,290,29,0.14,69.7,2.5,186,2026-10-10 15:00:00,PT5M,56.036,97.6745,77.9506,34.1214,14.3975
403,400,181,283,29,0.14,70.0,2.5,187,2026-10-10 15:05:00,PT5M,55.274,96.7015,77.0776,33.4704,13.8465
393,389,180,275,29,0.14,70.3,2.5,188,2026-10-10 15:10:00,PT5M,54.451,95.64,76.1291,32.7729,13.262
382,379,180,268,29,0.14,70.6,2.5,188,2026-10-10 15:15:00,PT5M,53.574,94.5025,75.115,32.033,12.6455
371,368,179,260,29,0.14,70.9,2.5,189,2026-10-10 15:20:00,PT5M,52.648,93.2855,74.0358,31.2602,12.0105
360,356,177,253,29,0.14,71.2,2.5,190,2026-10-10 15:25:00,PT5M,51.669,91.979,72.8844,30.4536,11.359
348,344,176,245,29,0.14,71.5,2.5,191,2026-10-10 15:30:00,PT5M,50.619,90.5575,71.6389,29.5991,10.6805
335,332,173,237,29,0.14,71.8,2.4,191,2026-10-10 15:35:00,PT5M,49.453,88.9155,70.2224,28.6836,9.9905
323,319,170,230,29,0.14,72.1,2.4,192,2026-10-10 15:40:00,PT5M,48.134,87.0355,68.6081,27.6599,9.2325
309,306,166,222,29,0.14,72.4,2.4,193,2026-10-10 15:45:00,PT5M,46.725,84.9835,66.8607,26.5893,8.4665
296,293,161,214,28,0.14,72.7,2.4,194,2026-10-10 15:50:00,PT5M,45.227,82.77,64.9861,25.4679,7.684
283,280,156,206,28,0.14,73.0,2.4,195,2026-10-10 15:55:00,PT5M,43.644,80.4,62.9889,24.2991,6.888
269,266,151,197,28,0.14,73.3,2.4,195,2026-10-10 16:00:00,PT5M,41.977,77.8895,60.878,23.076,6.0645
255,253,146,189,28,0.14,73.6,2.4,196,2026-10-10 16:05:00,PT5M,40.26,75.2935,58.6984,21.8216,5.2265
241,239,140,180,28,0.14,73.9,2.4,197,2026-10-10 16:10:00,PT5M,38.318,71.8075,55.9438,20.6922,4.8285
228,225,135,172,28,0.14,74.2,2.4,198,2026-10-10 16:15:00,PT5M,35.98,67.1215,52.37,19.59,4.8385
214,211,128,163,28,0.14,74.5,2.4,199,2026-10-10 16:20:00,PT5M,33.563,62.38,48.7296,18.3964,4.746
200,198,121,154,28,0.14,74.8,2.4,199,2026-10-10 16:25:00,PT5M,31.097,57.6695,45.0823,17.1117,4.5245
185,184,114,145,28,0.14,75.2,2.4,200,2026-10-10 16:30:00,PT5M,28.6,52.969,41.4256,15.7744,4.231
171,170,105,136,28,0.14,75.5,2.4,201,2026-10-10 16:35:00,PT5M,26.071,48.25,37.744,14.398,3.892
157,156,96,127,28,0.14,75.8,2.3,202,2026-10-10 16:40:00,PT5M,23.527,43.5415,34.0608,12.9932,3.5125
143,142,86,118,28,0.14,76.1,2.3,203,2026-10-10 16:45:00,PT5M,21.091,38.982,30.5072,11.6748,3.2
129,128,75,109,28,0.14,76.4,2.3,204,2026-10-10 16:50:00,PT5M,18.58,34.412,26.9125,10.2475,2.748
114,113,58,99,27,0.14,76.8,2.3,205,2026-10-10 16:55:00,PT5M,15.909,29.791,23.2152,8.6028,2.027
100,99,41,90,27,0.14,77.1,2.3,205,2026-10-10 17:00:00,PT5M,13.407,25.4425,19.7414,7.0726,1.3715
86,85,23,81,27,0.14,77.4,2.3,206,2026-10-10 17:05:00,PT5M,10.949,21.202,16.3452,5.5528,0.696
72,72,6,72,27,0.14,77.7,2.3,207,2026-10-10 17:10:00,PT5M,8.753,17.2685,13.2348,4.2712,0.2375
60,60,0,60,27,0.14,78.1,2.3,208,2026-10-10 17:15:00,PT5M,7.119,13.939,10.7084,3.5296,0.299
48,49,0,49,27,0.14,78.4,2.3,209,2026-10-10 17:20:00,PT5M,5.625,10.845,8.3723,2.8777,0.405
38,38,0,38,27,0.14,78.7,2.3,210,2026-10-10 17:25:00,PT5M,4.251,8.017,6.2331,2.2689,0.485
29,29,0,29,27,0.14,79.1,2.3,211,2026-10-10 17:30:00,PT5M,3.079,5.6775,4.4466,1.7114,0.4805
20,20,0,20,27,0.14,79.4,2.3,211,2026-10-10 17:35:00,PT5M,1.988,3.536,2.8027,1.1733,0.44
12,12,0,12,27,0.14,79.8,2.3,210,2026-10-10 17:40:00,PT5M,0.976,1.766,1.3918,0.5602,0.186
6,6,0,6,27,0.14,80.1,2.2,210,2026-10-10 17:45:00,PT5M,0.026,0.183,0.1086,0.0,0.0
0,0,0,0,27,0.14,80.5,2.2,209,2026-10-10 17:50:00,PT5M,0.0,0.0,0.0,0.0,0.0
0,0,0,0,27,0.14,80.8,2.1,208,2026-10-10 17:55:00,PT5M,0.0,0.0,0.0,0.0,0.0
0,0,0,0,27,0.14,81.2,2.1,208,2026-10-10 18:00:00,PT5M,0.0,0.0,0.0,0.0,0.0
0,0,0,0,26,0.14,81.5,2.0,207,2026-10-10 18:05:00,PT5M,0.0,0.0,0.0,0.0,0.0
0,0,0,0,26,0.14,81.9,2.0,206,2026-10-10 18:10:00,PT5M,0.0,0.0,0.0,0.0,0.0
0,0,0,0,26,0.14,82.3,2.0,206,2026-10-10 18:15:00,PT5M,0.0,0.0,0.0,0.0,0.0
0,0,0,0,26,0.14,82.6,1.9,205,2026-10-10 18:20:00,PT5M,0.0,0.0,0.0,0.0,0.0
0,0,0,0,26,0.14,83.0,1.9,204,2026-10-10 18:25:00,PT5M,0.0,0.0,0.0,0.0,0.0
0,0,0,0,26,0.14,83.4,1.8,203,2026-10-10 18:30:00,PT5M,0.0,0.0,0.0,0.0,0.0
0,0,0,0,26,0.14,83.7,1.8,202,2026-10-10 18:35:00,PT5M,0.0,0.0,0.0,0.0,0.0
0,0,0,0,26,0.14,84.1,1.7,201,2026-10-10 18:40:00,PT5M,0.0,0.0,0.0,0.0,0.0
0,0,0,0,26,0.14,84.5,1.7,200,2026-10-10 18:45:00,PT5M,0.0,0.0,0.0,0.0,0.0
0,0,0,0,26,0.14,84.9,1.7,199,2026-10-10 18:50:00,PT5M,0.0,0.0,0.0,0.0,0.0
0,0,0,0,26,0.14,85.2,1.6,198,2026-10-10 18:55:00,PT5M,0.0,0.0,0.0,0.0,0.0
0,0,0,0,26,0.14,85.6,1.6,197,2026-10-10 19:00:00,PT5M,0.0,0.0,0.0,0.0,0.0
0,0,0,0,25,0.14,86.0,1.5,196,2026-10-10 19:05:00,PT5M,0.0,0.0,0.0,0.0,0.0
0,0,0,0,25,0.14,86.4,1.5,195,2026-10-10 19:10:00,PT5M,0.0,0.0,0.0,0.0,0.0
0,0,0,0,25,0.14,86.8,1.5,194,2026-10-10 19:15:00,PT5M,0.0,0.0,0.0,0.0,0.0
0,0,0,0,25,0.14,87.2,1.4,192,2026-10-10 19:20:00,PT5M,0.0,0.0,0.0,0.0,0.0
0,0,0,0,25,0.14,87.6,1.4,191,2026-10-10 19:25:00,PT5M,0.0,0.0,0.0,0.0,0.0
0,0,0,0,25,0.14,87.9,1.4,189,2026-10-10 19:30:00,PT5M,0.0,0.0,0.0,0.0,0.0
0,0,0,0,25,0.14,88.3,1.3,188,2026-10-10 19:35:00,PT5M,0.0,0.0,0.0,0.0,0.0
0,0,0,0,25,0.14,88.7,1.3,186,2026-10-10 19:40:00,PT5M,0.0,0.0,0.0,0.0,0.0
0,0,0,0,25,0.14,89.1,1.3,184,2026-10-10 19:45:00,PT5M,0.0,0.0,0.0,0.0,0.0
0,0,0,0,25,0.14,89.5,1.2,183,2026-10-10 19:50:00,PT5M,0.0,0.0,0.0,0.0,0.0
0,0,0,0,25,0.14,89.9,1.2,181,2026-10-10 19:55:00,PT5M,0.0,0.0,0.0,0.0,0.0
0,0,0,0,25,0.14,90.3,1.2,179,2026-10-10 20:00:00,PT5M,0.0,0.0,0.0,0.0,0.0
0,0,0,0,24,0.14,90.7,1.2,176,2026-10-10 20:05:00,PT5M,0.0,0.0,0.0,0.0,0.0
0,0,0,0,24,0.14,91.2,1.1,174,2026-10-10 20:10:00,PT5M,0.0,0.0,0.0,0.0,0.0
0,0,0,0,24,0.14,91.6,1.1,172,2026-10-10 20:15:00,PT5M,0.0,0.0,0.0,0.0,0.0
0,0,0,0,24,0.14,92.0,1.1,170,2026-10-10 20:20:00,PT5M,0.0,0.0,0.0,0.0,0.0
0,0,0,0,24,0.14,92.4,1.1,167,2026-10-10 20:25:00,PT5M,0.0,0.0,0.0,0.0,0.0
0,0,0,0,24,0.14,92.8,1.1,165,2026-10-10 20:30:00,PT5M,0.0,0.0,0.0,0.0,0.0
0,0,0,0,24,0.14,93.0,1.0,164,2026-10-10 20:35:00,PT5M,0.0,0.0,0.0,0.0,0.0
0,0,0,0,24,0.14,93.0,1.0,165,2026-10-10 20:40:00,PT5M,0.0,0.0,0.0,0.0,0.0
0,0,0,0,24,0.14,93.0,1.0,167,2026-10-10 20:45:00,PT5M,0.0,0.0,0.0,0.0,0.0
0,0,0,0,24,0.14,93.0,1.0,168,2026-10-10 20:50:00,PT5M,0.0,0.0,0.0,0.0,0.0
0,0,0,0,24,0.14,92.9,0.9,170,2026-10-10 20:55:00,PT5M,0.0,0.0,0.0,0.0,0.0
0,0,0,0,24,0.14,92.9,0.9,172,2026-10-10 21:00:00,PT5M,0.0,0.0,0.0,0.0,0.0
0,0,0,0,24,0.14,92.9,0.9,173,2026-10-10 21:05:00,PT5M,0.0,0.0,0.0,0.0,0.0
0,0,0,0,24,0.14,92.9,0.9,175,2026-10-10 21:10:00,PT5M,0.0,0.0,0.0,0.0,0.0
0,0,0,0,24,0.14,92.9,0.8,177,2026-10-10 21:15:00,PT5M,0.0,0.0,0.0,0.0,0.0
0,0,0,0,24,0.14,92.9,0.8,179,2026-10-10 21:20:00,PT5M,0.0,0.0,0.0,0.0,0.0
0,0,0,0,24,0.14,92.9,0.8,181,2026-10-10 21:25:00,PT5M,0.0,0.0,0.0,0.0,0.0
0,0,0,0,24,0.14,92.8,0.8,184,2026-10-10 21:30:00,PT5M,0.0,0.0,0.0,0.0,0.0
0,0,0,0,24,0.14,92.8,0.8,186,2026-10-10 21:35:00,PT5M,0.0,0.0,0.0,0.0,0.0
0,0,0,0,24,0.14,92.8,0.7,189,2026-10-10 21:40:00,PT5M,0.0,0.0,0.0,0.0,0.0
0,0,0,0,24,0.14,92.8,0.7,191,2026-10-10 21:45:00,PT5M,0.0,0.0,0.0,0.0,0.0
0,0,0,0,24,0.14,92.8,0.7,194,2026-10-10 21:50:00,PT5M,0.0,0.0,0.0,0.0,0.0
0,0,0,0,24,0.14,92.8,0.7,197,2026-10-10 21:55:00,PT5M,0.0,0.0,0.0,0.0,0.0
0,0,0,0,24,0.14,92.7,0.7,200,2026-10-10 22:00:00,PT5M,0.0,0.0,0.0,0.0,0.0
0,0,0,0,24,0.14,92.7,0.7,203,2026-10-10 22:05:00,PT5M,0.0,0.0,0.0,0.0,0.0
0,0,0,0,24,0.14,92.7,0.7,205,2026-10-10 22:10:00,PT5M,0.0,0.0,0.0,0.0,0.0
0,0,0,0,24,0.14,92.7,0.7,208,2026-10-10 22:15:00,PT5M,0.0,0.0,0.0,0.0,0.0
0,0,0,0,24,0.14,92.7,0.7,212,2026-10-10 22:20:00,PT5M,0.0,0.0,0.0,0.0,0.0
0,0,0,0,24,0.14,92.7,0.7,215,2026-10-10 22:25:00,PT5M,0.0,0.0,0.0,0.0,0.0
0,0,0,0,24,0.14,92.6,0.7,218,2026-10-10 22:30:00,PT5M,0.0,0.0,0.0,0.0,0.0
0,0,0,0,24,0.14,92.6,0.7,221,2026-10-10 22:35:00,PT5M,0.0,0.0,0.0,0.0,0.0
0,0,0,0,24,0.14,92.6,0.7,224,2026-10-10 22:40:00,PT5M,0.0,0.0,0.0,0.0,0.0
0,0,0,0,24,0.14,92.6,0.7,226,2026-10-10 22:45:00,PT5M,0.0,0.0,0.0,0.0,0.0
0,0,0,0,24,0.14,92.6,0.7,229,2026-10-10 22:50:00,PT5M,0.0,0.0,0.0,0.0,0.0
0,0,0,0,24,0.14,92.6,0.7,232,2026-10-10 22:55:00,PT5M,0.0,0.0,0.0,0.0,0.0
0,0,0,0,24,0.14,92.6,0.7,235,2026-10-10 23:00:00,PT5M,0.0,0.0,0.0,0.0,0.0
0,0,0,0,24,0.14,92.5,0.8,237,2026-10-10 23:05:00,PT5M,0.0,0.0,0.0,0.0,0.0
0,0,0,0,24,0.14,92.5,0.8,240,2026-10-10 23:10:00,PT5M,0.0,0.0,0.0,0.0,0.0
0,0,0,0,24,0.14,92.5,0.8,242,2026-10-10 23:15:00,PT5M,0.0,0.0,0.0,0.0,0.0
0,0,0,0,24,0.14,92.5,0.8,244,2026-10-10 23:20:00,PT5M,0.0,0.0,0.0,0.0,0.0
0,0,0,0,24,0.14,92.5,0.8,246,2026-10-10 23:25:00,PT5M,0.0,0.0,0.0,0.0,0.0
0,0,0,0,24,0.14,92.5,0.8,248,2026-10-10 23:30:00,PT5M,0.0,0.0,0.0,0.0,0.0
0,0,0,0,24,0.14,92.4,0.9,249,2026-10-10 23:35:00,PT5M,0.0,0.0,0.0,0.0,0.0
0,0,0,0,24,0.14,92.4,0.9,249,2026-10-10 23:40:00,PT5M,0.0,0.0,0.0,0.0,0.0
0,0,0,0,24,0.14,92.4,0.9,249,2026-10-10 23:45:00,PT5M,0.0,0.0,0.0,0.0,0.0
0,0,0,0,24,0.14,92.4,0.9,249,2026-10-10 23:50:00,PT5M,0.0,0.0,0.0,0.0,0.0
0,0,0,0,24,0.14,92.4,0.9,249,2026-10-10 23:55:00,PT5M,0.0,0.0,0.0,0.0,0.0
0,0,0,0,24,0.14,92.4,0.9,249,2026-10-11 00:00:00,PT5M,0.0,0.0,0.0,0.0,0.0
0,0,0,0,24,0.14,92.3,0.9,249,2026-10-11 00:05:00,PT5M,0.0,0.0,0.0,0.0,0.0
0,0,0,0,24,0.14,92.3,0.9,249,2026-10-11 00:10:00,PT5M,0.0,0.0,0.0,0.0,0.0
0,0,0,0,24,0.14,92.3,0.9,249,2026-10-11 00:15:00,PT5M,0.0,0.0,0.0,0.0,0.0
0,0,0,0,24,0.14,92.3,0.9,249,2026-10-11 00:20:00,PT5M,0.0,0.0,0.0,0.0,0.0
0,0,0,0,24,0.14,92.3,0.9,249,2026-10-11 00:25:00,PT5M,0.0,0.0,0.0,0.0,0.0
0,0,0,0,24,0.14,92.3,0.9,249,2026-10-11 00:30:00,PT5M,0.0,0.0,0.0,0.0,0.0
0,0,0,0,24,0.14,92.3,0.9,249,2026-10-11 00:35:00,PT5M,0.0,0.0,0.0,0.0,0.0
0,0,0,0,24,0.14,92.2,0.9,249,2026-10-11 00:40:00,PT5M,0.0,0.0,0.0,0.0,0.0
0,0,0,0,24,0.14,92.2,0.9,249,2026-10-11 00:45:00,PT5M,0.0,0.0,0.0,0.0,0.0
0,0,0,0,24,0.14,92.2,1.0,249,2026-10-11 00:50:00,PT5M,0.0,0.0,0.0,0.0,0.0
0,0,0,0,24,0.14,92.2,1.0,249,2026-10-11 00:55:00,PT5M,0.0,0.0,0.0,0.0,0.0
0,0,0,0,24,0.14,92.2,1.0,249,2026-10-11 01:00:00,PT5M,0.0,0.0,0.0,0.0,0.0
0,0,0,0,24,0.14,92.2,1.0,249,2026-10-11 01:05:00,PT5M,0.0,0.0,0.0,0.0,0.0
0,0,0,0,24,0.14,92.1,1.0,249,2026-10-11 01:10:00,PT5M,0.0,0.0,0.0,0.0,0.0
0,0,0,0,24,0.14,92.1,1.0,249,2026-10-11 01:15:00,PT5M,0.0,0.0,0.0,0.0,0.0
0,0,0,0,24,0.14,92.1,1.0,249,2026-10-11 01:20:00,PT5M,0.0,0.0,0.0,0.0,0.0
0,0,0,0,24,0.14,92.1,1.0,249,2026-10-11 01:25:00,PT5M,0.0,0.0,0.0,0.0,0.0
0,0,0,0,24,0.14,92.1,1.0,249,2026-10-11 01:30:00,PT5M,0.0,0.0,0.0,0.0,0.0
0,0,0,0,24,0.14,92.1,1.0,249,2026-10-11 01:35:00,PT5M,0.0,0.0,0.0,0.0,0.0
0,0,0,0,24,0.14,92.0,1.0,249,2026-10-11 01:40:00,PT5M,0.0,0.0,0.0,0.0,0.0
0,0,0,0,24,0.14,92.0,1.0,248,2026-10-11 01:45:00,PT5M,0.0,0.0,0.0,0.0,0.0
0,0,0,0,24,0.14,92.0,1.0,248,2026-10-11 01:50:00,PT5M,0.0,0.0,0.0,0.0,0.0
0,0,0,0,24,0.14,92.0,1.0,248,2026-10-11 01:55:00,PT5M,0.0,0.0,0.0,0.0,0.0
0,0,0,0,24,0.14,92.0,1.0,248,2026-10-11 02:00:00,PT5M,0.0,0.0,0.0,0.0,0.0
0,0,0,0,24,0.14,92.0,1.0,248,2026-10-11 02:05:00,PT5M,0.0,0.0,0.0,0.0,0.0
0,0,0,0,24,0.14,91.9,1.0,248,2026-10-11 02:10:00,PT5M,0.0,0.0,0.0,0.0,0.0
0,0,0,0,24,0.14,91.9,1.1,248,2026-10-11 02:15:00,PT5M,0.0,0.0,0.0,0.0,0.0
0,0,0,0,24,0.14,91.9,1.1,248,2026-10-11 02:20:00,PT5M,0.0,0.0,0.0,0.0,0.0
0,0,0,0,24,0.14,91.9,1.1,248,2026-10-11 02:25:00,PT5M,0.0,0.0,0.0,0.0,0.0
0,0,0,0,24,0.14,91.9,1.1,248,2026-10-11 02:30:00,PT5M,0.0,0.0,0.0,0.0,0.0
0,0,0,0,24,0.14,91.9,1.1,248,2026-10-11 02:35:00,PT5M,0.0,0.0,0.0,0.0,0.0
0,0,0,0,24,0.14,91.9,1.1,249,2026-10-11 02:40:00,PT5M,0.0,0.0,0.0,0.0,0.0
0,0,0,0,24,0.14,91.9,1.1,249,2026-10-11 02:45:00,PT5M,0.0,0.0,0.0,0.0,0.0
0,0,0,0,24,0.14,91.9,1.0,249,2026-10-11 02:50:00,PT5M,0.0,0.0,0.0,0.0,0.0
0,0,0,0,24,0.14,91.9,1.0,249,2026-10-11 02:55:00,PT5M,0.0,0.0,0.0,0.0,0.0
0,0,0,0,24,0.14,92.0,1.0,250,2026-10-11 03:00:00,PT5M,0.0,0.0,0.0,0.0,0.0
0,0,0,0,24,0.14,92.0,1.0,250,2026-10-11 03:05:00,PT5M,0.0,0.0,0.0,0.0,0.0
0,0,0,0,24,0.14,92.0,1.0,250,2026-10-11 03:10:00,PT5M,0.0,0.0,0.0,0.0,0.0
0,0,0,0,24,0.14,92.0,1.0,250,2026-10-11 03:15:00,PT5M,0.0,0.0,0.0,0.0,0.0
0,0,0,0,24,0.14,92.0,1.0,251,2026-10-11 03:20:00,PT5M,0.0,0.0,0.0,0.0,0.0
0,0,0,0,24,0.14,92.0,1.0,251,2026-10-11 03:25:00,PT5M,0.0,0.0,0.0,0.0,0.0
0,0,0,0,24,0.14,92.0,1.0,251,2026-10-11 03:30:00,PT5M,0.0,0.0,0.0,0.0,0.0
0,0,0,0,24,0.14,92.1,0.9,252,2026-10-11 03:35:00,PT5M,0.0,0.0,0.0,0.0,0.0
0,0,0,0,24,0.14,92.1,0.9,252,2026-10-11 03:40:00,PT5M,0.0,0.0,0.0,0.0,0.0
0,0,0,0,23,0.14,92.1,0.9,252,2026-10-11 03:45:00,PT5M,0.0,0.0,0.0,0.0,0.0
0,0,0,0,23,0.14,92.1,0.9,253,2026-10-11 03:50:00,PT5M,0.0,0.0,0.0,0.0,0.0
0,0,0,0,23,0.14,92.1,0.9,253,2026-10-11 03:55:00,PT5M,0.0,0.0,0.0,0.0,0.0
0,0,0,0,23,0.14,92.1,0.9,253,2026-10-11 04:00:00,PT5M,0.0,0.0,0.0,0.0,0.0
0,0,0,0,23,0.14,92.1,0.9,254,2026-10-11 04:05:00,PT5M,0.0,0.0,0.0,0.0,0.0
0,0,0,0,23,0.14,92.2,0.9,254,2026-10-11 04:10:00,PT5M,0.0,0.0,0.0,0.0,0.0
0,0,0,0,23,0.14,92.2,0.9,255,2026-10-11 04:15:00,PT5M,0.0,0.0,0.0,0.0,0.0
0,0,0,0,23,0.14,92.2,0.9,255,2026-10-11 04:20:00,PT5M,0.0,0.0,0.0,0.0,0.0
0,0,0,0,23,0.14,92.2,0.8,255,2026-10-11 04:25:00,PT5M,0.0,0.0,0.0,0.0,0.0
0,0,0,0,23,0.14,92.2,0.8,256,2026-10-11 04:30:00,PT5M,0.0,0.0,0.0,0.0,0.0
0,0,0,0,23,0.14,92.2,0.8,256,2026-10-11 04:35:00,PT5M,0.0,0.0,0.0,0.0,0.0
0,0,0,0,23,0.14,92.3,0.8,257,2026-10-11 04:40:00,PT5M,0.0,0.0,0.0,0.0,0.0
0,0,0,0,23,0.14,92.3,0.8,257,2026-10-11 04:45:00,PT5M,0.0,0.0,0.0,0.0,0.0
0,0,0,0,23,0.14,92.3,0.8,258,2026-10-11 04:50:00,PT5M,0.0,0.0,0.0,0.0,0.0
0,0,0,0,23,0.14,92.3,0.8,258,2026-10-11 04:55:00,PT5M,0.0,0.0,0.0,0.0,0.0
0,0,0,0,23,0.14,92.3,0.8,258,2026-10-11 05:00:00,PT5M,0.0,0.0,0.0,0.0,0.0
0,0,0,0,23,0.14,92.3,0.8,259,2026-10-11 05:05:00,PT5M,0.0,0.0,0.0,0.0,0.0
0,0,0,0,23,0.14,92.3,0.8,259,2026-10-11 05:10:00,PT5M,0.0,0.0,0.0,0.0,0.0
0,0,0,0,23,0.14,92.4,0.7,260,2026-10-11 05:15:00,PT5M,0.0,0.0,0.0,0.0,0.0
0,0,0,0,23,0.14,92.4,0.7,260,2026-10-11 05:20:00,PT5M,0.0,0.0,0.0,0.0,0.0
0,0,0,0,23,0.14,92.4,0.7,261,2026-10-11 05:25:00,PT5M,0.0,0.0,0.0,0.0,0.0
0,0,0,0,23,0.14,92.4,0.7,262,2026-10-11 05:30:00,PT5M,0.0,0.0,0.0,0.0,0.0
0,0,0,0,23,0.14,92.1,0.7,261,2026-10-11 05:35:00,PT5M,0.0,0.0,0.0,0.0,0.0
0,0,0,0,23,0.14,91.5,0.7,259,2026-10-11 05:40:00,PT5M,0.0,0.0,0.0,0.0,0.0
0,0,0,0,24,0.14,90.9,0.7,258,2026-10-11 05:45:00,PT5M,0.0,0.0,0.0,0.0,0.0
0,0,0,0,24,0.14,90.3,0.7,256,2026-10-11 05:50:00,PT5M,0.0,0.0,0.0,0.0,0.0
0,0,0,0,24,0.14,89.7,0.7,254,2026-10-11 05:55:00,PT5M,0.0,0.0,0.0,0.0,0.0
5,5,0,5,24,0.14,89.1,0.7,253,2026-10-11 06:00:00,PT5M,0.0,0.0055,0.0029,0.0,0.0
13,13,0,13,24,0.14,88.5,0.7,251,2026-10-11 06:05:00,PT5M,1.143,1.768,1.4719,0.8141,0.518
23,23,11,22,24,0.14,87.9,0.7,250,2026-10-11 06:10:00,PT5M,2.469,3.759,3.1479,1.7901,1.179
35,34,47,30,24,0.14,87.3,0.7,248,2026-10-11 06:15:00,PT5M,4.272,6.5475,5.4696,3.0744,1.9965
48,47,84,38,24,0.14,86.7,0.7,246,2026-10-11 06:20:00,PT5M,6.598,10.1335,8.4588,4.7372,3.0625
62,60,118,46,25,0.14,86.2,0.7,245,2026-10-11 06:25:00,PT5M,9.325,14.278,11.9318,6.7182,4.372
78,75,154,53,25,0.14,85.6,0.7,243,2026-10-11 06:30:00,PT5M,12.63,19.1945,16.0849,9.1751,6.0655
94,91,191,59,25,0.14,85.0,0.7,241,2026-10-11 06:35:00,PT5M,16.263,24.5445,20.6216,11.9044,7.9815
112,108,227,65,25,0.14,84.5,0.7,240,2026-10-11 06:40:00,PT5M,20.122,30.151,25.4003,14.8437,10.093
131,126,262,71,25,0.14,83.9,0.7,238,2026-10-11 06:45:00,PT5M,24.275,36.0395,30.4667,18.0833,12.5105
150,144,296,76,25,0.14,83.4,0.7,237,2026-10-11 06:50:00,PT5M,28.515,42.036,35.6312,21.3988,14.994
170,164,330,81,25,0.14,82.8,0.7,235,2026-10-11 06:55:00,PT5M,32.979,48.3315,41.0591,24.8989,17.6265
189,182,355,86,26,0.14,82.3,0.7,234,2026-10-11 07:00:00,PT5M,37.412,54.6985,46.51,28.314,20.1255
208,201,377,91,26,0.14,81.7,0.8,232,2026-10-11 07:05:00,PT5M,41.825,61.184,52.0138,31.6362,22.466
227,220,397,96,26,0.14,81.2,0.8,231,2026-10-11 07:10:00,PT5M,46.37,67.8255,57.6622,35.0778,24.9145
247,239,417,101,26,0.14,80.7,0.8,230,2026-10-11 07:15:00,PT5M,50.954,74.529,63.3617,38.5463,27.379
266,258,435,105,26,0.14,80.1,0.8,228,2026-10-11 07:20:00,PT5M,55.535,81.242,69.0648,42.0052,29.828
286,277,451,109,26,0.14,79.6,0.8,227,2026-10-11 07:25:00,PT5M,60.116,87.9595,74.7702,45.4618,32.2725
306,297,467,114,26,0.14,79.1,0.8,226,2026-10-11 07:30:00,PT5M,64.699,94.6935,80.4853,48.9127,34.7045
325,316,482,118,26,0.14,78.6,0.8,224,2026-10-11 07:35:00,PT5M,69.312,100.0,86.2522,52.3718,37.125
344,335,496,121,27,0.14,78.1,0.8,223,2026-10-11 07:40:00,PT5M,73.555,100.0,91.5463,55.5637,39.371
364,354,510,125,27,0.14,77.6,0.8,222,2026-10-11 07:45:00,PT5M,75.705,100.0,94.0494,57.3606,40.85
383,373,523,128,27,0.14,77.1,0.8,221,2026-10-11 07:50:00,PT5M,77.752,100.0,96.4227,59.0813,42.277
403,392,535,131,27,0.14,76.6,0.8,220,2026-10-11 07:55:00,PT5M,79.755,100.0,98.7234,60.7866,43.7145
422,411,547,134,27,0.14,76.1,0.9,219,2026-10-11 08:00:00,PT5M,81.566,100.0,100.0,62.3324,45.0215
441,429,557,137,27,0.14,75.6,0.9,217,2026-10-11 08:05:00,PT5M,83.211,100.0,100.0,63.7555,46.245
459,448,567,140,27,0.14,75.1,0.9,216,2026-10-11 08:10:00,PT5M,84.678,100.0,100.0,65.0491,47.3825
478,466,576,144,27,0.14,74.6,0.9,215,2026-10-11 08:15:00,PT5M,85.991,100.0,100.0,66.2326,48.4495
496,484,584,146,28,0.14,74.1,0.9,214,2026-10-11 08:20:00,PT5M,87.135,100.0,100.0,67.3019,49.4515
513,501,592,149,28,0.14,73.7,0.9,213,2026-10-11 08:25:00,PT5M,88.144,100.0,100.0,68.2683,50.3795
531,519,599,152,28,0.14,73.2,0.9,212,2026-10-11 08:30:00,PT5M,89.076,100.0,100.0,69.1774,51.268
548,535,605,156,28,0.14,72.6,0.9,213,2026-10-11 08:35:00,PT5M,89.867,100.0,100.0,69.961,52.045
564,551,609,159,28,0.14,72.0,0.9,214,2026-10-11 08:40:00,PT5M,90.527,100.0,100.0,70.5942,52.654
580,567,613,163,28,0.14,71.3,0.9,215,2026-10-11 08:45:00,PT5M,91.14,100.0,100.0,71.2216,53.2945
596,583,616,166,28,0.14,70.7,0.9,217,2026-10-11 08:50:00,PT5M,91.715,100.0,100.0,71.8198,53.9135
611,598,620,170,29,0.14,70.0,0.9,218,2026-10-11 08:55:00,PT5M,92.253,100.0,100.0,72.3891,54.511
626,612,622,173,29,0.14,69.4,0.9,219,2026-10-11 09:00:00,PT5M,92.757,100.0,100.0,72.9457,55.115
641,627,627,176,29,0.14,68.8,0.8,221,2026-10-11 09:05:00,PT5M,93.342,100.0,100.0,73.7236,56.0665
656,642,631,179,29,0.14,68.1,0.8,223,2026-10-11 09:10:00,PT5M,93.907,100.0,100.0,74.48,56.995
670,656,635,181,29,0.14,67.5,0.8,224,2026-10-11 09:15:00,PT5M,94.441,100.0,100.0,75.2026,57.8875
684,670,639,184,29,0.14,66.9,0.8,226,2026-10-11 09:20:00,PT5M,94.946,100.0,100.0,75.8937,58.746
698,684,643,186,29,0.14,66.3,0.8,228,2026-10-11 09:25:00,PT5M,95.423,100.0,100.0,76.5538,59.571
711,697,646,188,30,0.14,65.7,0.8,229,2026-10-11 09:30:00,PT5M,95.874,100.0,100.0,77.1848,60.364
725,710,650,190,30,0.14,65.1,0.8,231,2026-10-11 09:35:00,PT5M,96.369,100.0,100.0,77.8569,61.1955
738,724,656,191,30,0.14,64.5,0.8,233,2026-10-11 09:40:00,PT5M,96.905,100.0,100.0,78.5664,62.061
751,736,661,192,30,0.14,64.0,0.8,235,2026-10-11 09:45:00,PT5M,97.393,100.0,100.0,79.2228,62.869
764,749,665,194,30,0.14,63.4,0.8,237,2026-10-11 09:50:00,PT5M,97.823,100.0,100.0,79.8151,63.6075
775,760,668,195,30,0.14,62.8,0.7,239,2026-10-11 09:55:00,PT5M,98.23,100.0,100.0,80.3792,64.313
787,772,672,197,30,0.14,62.3,0.7,241,2026-10-11 10:00:00,PT5M,98.614,100.0,100.0,80.9146,64.9845
798,783,675,198,31,0.14,61.7,0.7,243,2026-10-11 10:05:00,PT5M,98.965,100.0,100.0,81.4113,65.6125
808,793,678,199,31,0.14,61.2,0.7,245,2026-10-11 10:10:00,PT5M,99.284,100.0,100.0,81.8711,66.199
818,803,680,201,31,0.14,60.6,0.7,247,2026-10-11 10:15:00,PT5M,99.581,100.0,100.0,82.3042,66.7545
828,812,683,202,31,0.14,60.1,0.7,249,2026-10-11 10:20:00,PT5M,99.857,100.0,100.0,82.712,67.281
837,821,685,204,31,0.14,59.5,0.7,251,2026-10-11 10:25:00,PT5M,100.0,100.0,100.0,82.9829,67.667
846,830,687,205,31,0.14,59.0,0.7,253,2026-10-11 10:30:00,PT5M,100.0,100.0,100.0,83.1071,67.903
854,838,689,206,31,0.14,58.5,0.7,255,2026-10-11 10:35:00,PT5M,100.0,100.0,100.0,83.2276,68.132
862,846,691,207,31,0.14,58.0,0.7,257,2026-10-11 10:40:00,PT5M,100.0,100.0,100.0,83.3432,68.3515
869,853,693,208,32,0.14,57.5,0.7,259,2026-10-11 10:45:00,PT5M,100.0,100.0,100.0,83.4521,68.5585
876,860,694,209,32,0.14,56.9,0.7,261,2026-10-11 10:50:00,PT5M,100.0,100.0,100.0,83.5529,68.75
882,866,696,210,32,0.14,56.4,0.7,263,2026-10-11 10:55:00,PT5M,100.0,100.0,100.0,83.6313,68.899
888,872,697,211,32,0.14,55.9,0.7,265,2026-10-11 11:00:00,PT5M,100.0,100.0,100.0,83.7197,69.067
893,877,699,212,32,0.14,55.4,0.8,267,2026-10-11 11:05:00,PT5M,100.0,100.0,100.0,83.8132,69.2445
898,882,701,212,32,0.14,55.0,0.8,269,2026-10-11 11:10:00,PT5M,100.0,100.0,100.0,83.8966,69.403
903,886,702,212,32,0.14,54.5,0.8,271,2026-10-11 11:15:00,PT5M,100.0,100.0,100.0,83.9682,69.539
907,890,703,212,33,0.14,54.0,0.8,273,2026-10-11 11:20:00,PT5M,100.0,100.0,100.0,84.0332,69.6625
910,893,705,213,33,0.14,53.5,0.8,275,2026-10-11 11:25:00,PT5M,100.0,100.0,100.0,84.0916,69.7735
913,896,706,213,33,0.14,53.0,0.8,276,2026-10-11 11:30:00,PT5M,100.0,100.0,100.0,84.145,69.875
910,894,696,218,33,0.14,53.0,0.8,277,2026-10-11 11:35:00,PT5M,100.0,100.0,100.0,84.0913,69.773
902,886,676,229,33,0.14,53.4,0.7,277,2026-10-11 11:40:00,PT5M,100.0,100.0,100.0,83.9311,69.4685
894,878,656,240,33,0.14,53.8,0.6,277,2026-10-11 11:45:00,PT5M,99.414,100.0,100.0,83.1785,68.566
885,870,637,250,33,0.14,54.2,0.6,277,2026-10-11 11:50:00,PT5M,98.481,100.0,100.0,82.0731,67.3055
875,861,617,260,32,0.14,54.6,0.5,277,2026-10-11 11:55:00,PT5M,97.568,100.0,100.0,80.9817,66.0535
865,851,598,269,32,0.14,55.0,0.4,277,2026-10-11 12:00:00,PT5M,96.709,100.0,100.0,79.9393,64.846
855,841,578,279,32,0.14,55.4,0.4,277,2026-10-11 12:05:00,PT5M,95.813,100.0,100.0,78.8535,63.5895
844,830,558,288,32,0.14,55.8,0.3,277,2026-10-11 12:10:00,PT5M,94.878,100.0,100.0,77.7228,62.2825
832,819,538,297,32,0.14,56.2,0.2,277,2026-10-11 12:15:00,PT5M,93.968,100.0,100.0,76.6133,60.9935
820,808,519,306,32,0.14,56.6,0.2,277,2026-10-11 12:20:00,PT5M,92.982,100.0,100.0,75.4241,59.6215
808,796,500,314,32,0.14,57.0,0.1,277,2026-10-11 12:25:00,PT5M,91.968,100.0,100.0,74.2041,58.216
795,783,481,322,32,0.14,57.4,0.0,277,2026-10-11 12:30:00,PT5M,90.924,100.0,100.0,72.9519,56.7765
782,771,462,329,32,0.14,57.9,0.0,97,2026-10-11 12:35:00,PT5M,89.847,100.0,100.0,71.6636,55.298
769,758,444,335,32,0.14,58.3,0.1,97,2026-10-11 12:40:00,PT5M,88.735,100.0,100.0,70.3366,53.7775
755,745,425,341,31,0.14,58.7,0.2,97,2026-10-11 12:45:00,PT5M,87.576,100.0,100.0,68.9539,52.1935
741,731,408,347,31,0.14,59.2,0.2,97,2026-10-11 12:50:00,PT5M,86.388,100.0,100.0,67.5454,50.5865
727,718,390,352,31,0.14,59.6,0.3,97,2026-10-11 12:55:00,PT5M,85.188,100.0,100.0,66.1365,48.9895
713,704,373,356,31,0.14,60.0,0.4,97,2026-10-11 13:00:00,PT5M,83.942,100.0,100.0,64.6763,47.3365
698,690,356,360,31,0.14,60.5,0.4,97,2026-10-11 13:05:00,PT5M,82.606,100.0,100.0,63.1203,45.5825
684,675,341,362,31,0.14,60.9,0.5,97,2026-10-11 13:10:00,PT5M,81.292,100.0,100.0,61.586,43.85
669,661,325,365,31,0.14,61.4,0.6,97,2026-10-11 13:15:00,PT5M,79.938,100.0,99.8643,60.0117,42.0775
654,647,310,366,31,0.14,61.8,0.6,97,2026-10-11 13:20:00,PT5M,78.548,100.0,98.6929,58.4031,40.272
639,632,296,367,31,0.14,62.3,0.7,97,2026-10-11 13:25:00,PT5M,77.124,100.0,97.486,56.762,38.4355
624,617,281,368,30,0.14,62.8,0.8,97,2026-10-11 13:30:00,PT5M,75.661,100.0,96.2386,55.0834,36.563
609,602,267,368,30,0.14,63.2,0.8,97,2026-10-11 13:35:00,PT5M,74.16,100.0,94.9512,53.3688,34.656
593,587,253,368,30,0.14,63.7,0.9,97,2026-10-11 13:40:00,PT5M,72.62,100.0,93.6233,51.6167,32.713
578,572,240,367,30,0.14,64.2,1.0,97,2026-10-11 13:45:00,PT5M,71.039,100.0,92.2529,49.8251,30.732
562,557,226,365,30,0.14,64.6,1.0,97,2026-10-11 13:50:00,PT5M,69.419,100.0,90.8415,47.9965,28.7155
547,542,213,364,30,0.14,65.1,1.1,97,2026-10-11 13:55:00,PT5M,67.737,100.0,89.3664,46.1076,26.6405
531,527,200,361,30,0.14,65.6,1.2,97,2026-10-11 14:00:00,PT5M,66.037,100.0,87.8719,44.2021,24.55
515,511,188,358,30,0.14,66.1,1.2,97,2026-10-11 14:05:00,PT5M,64.283,100.0,86.3216,42.2444,22.409
499,496,175,355,30,0.14,66.6,1.3,97,2026-10-11 14:10:00,PT5M,62.468,100.0,84.7082,40.2278,20.211
483,480,163,352,30,0.14,67.1,1.4,97,2026-10-11 14:15:00,PT5M,60.618,100.0,83.0563,38.1797,17.9845
468,465,151,348,29,0.14,67.6,1.4,97,2026-10-11 14:20:00,PT5M,58.735,100.0,81.3678,36.1022,15.732
452,449,139,343,29,0.14,68.1,1.5,97,2026-10-11 14:25:00,PT5M,56.82,100.0,79.6538,33.9862,13.435
436,434,127,338,29,0.14,68.6,1.6,97,2026-10-11 14:30:00,PT5M,54.873,98.6355,77.9055,31.8405,11.1105
422,420,119,332,29,0.14,69.0,1.6,98,2026-10-11 14:35:00,PT5M,53.244,97.212,76.3847,30.1033,9.276
411,409,114,326,29,0.14,69.4,1.6,99,2026-10-11 14:40:00,PT5M,51.93,95.7855,75.0115,28.8485,8.0745
399,397,109,320,29,0.14,69.7,1.5,100,2026-10-11 14:45:00,PT5M,50.782,94.5505,73.8177,27.7463,7.0135
388,386,105,313,29,0.14,70.0,1.5,101,2026-10-11 14:50:00,PT5M,49.475,93.132,72.452,26.498,5.818
376,375,100,307,29,0.14,70.4,1.5,103,2026-10-11 14:55:00,PT5M,48.139,91.66,71.0444,25.2336,4.618
365,363,96,300,29,0.14,70.7,1.5,104,2026-10-11 15:00:00,PT5M,46.768,90.131,69.5903,23.9457,3.405
352,351,90,293,29,0.14,71.1,1.5,105,2026-10-11 15:05:00,PT5M,45.291,88.4345,67.9977,22.5843,2.1475
340,339,84,286,29,0.14,71.4,1.4,107,2026-10-11 15:10:00,PT5M,43.694,86.549,66.2489,21.1391,0.839
328,327,77,279,29,0.14,71.8,1.4,108,2026-10-11 15:15:00,PT5M,42.037,84.5665,64.4206,19.6534,0.0
315,314,70,272,29,0.14,72.1,1.4,110,2026-10-11 15:20:00,PT5M,40.327,82.486,62.5156,18.1384,0.0
302,302,64,265,28,0.14,72.5,1.4,111,2026-10-11 15:25:00,PT5M,38.563,80.3005,60.5297,16.5963,0.0
290,289,57,257,28,0.14,72.8,1.4,113,2026-10-11 15:30:00,PT5M,36.737,77.991,58.4493,15.0247,0.0
277,276,50,249,28,0.14,73.2,1.3,114,2026-10-11 15:35:00,PT5M,34.918,75.576,56.3166,13.5194,0.0
264,264,42,241,28,0.14,73.6,1.3,116,2026-10-11 15:40:00,PT5M,33.045,73.009,54.0783,12.0117,0.0
251,251,35,233,28,0.14,73.9,1.3,118,2026-10-11 15:45:00,PT5M,31.12,70.296,51.7386,10.5014,0.0
238,238,28,225,28,0.14,74.3,1.3,119,2026-10-11 15:50:00,PT5M,29.478,67.7795,49.6364,9.3196,0.0
225,225,20,216,28,0.14,74.6,1.3,121,2026-10-11 15:55:00,PT5M,27.448,64.7975,47.1053,7.7907,0.0
212,213,12,207,28,0.14,75.0,1.3,123,2026-10-11 16:00:00,PT5M,25.372,61.662,44.4717,6.2723,0.0
200,200,5,198,28,0.14,75.4,1.3,125,2026-10-11 16:05:00,PT5M,23.363,58.6425,41.9309,4.7951,0.0
187,188,0,188,28,0.14,75.7,1.2,126,2026-10-11 16:10:00,PT5M,21.738,55.3395,39.4227,4.0533,0.0
175,176,0,176,28,0.14,76.1,1.2,128,2026-10-11 16:15:00,PT5M,20.611,51.909,37.0834,4.1386,0.0
163,164,0,164,28,0.14,76.5,1.2,130,2026-10-11 16:20:00,PT5M,19.368,48.4115,34.6538,4.0822,0.0
152,152,0,152,28,0.14,76.9,1.2,132,2026-10-11 16:25:00,PT5M,18.072,44.8825,32.1826,3.9614,0.0
140,140,0,140,28,0.14,77.2,1.2,134,2026-10-11 16:30:00,PT5M,16.746,41.3465,29.6934,3.7986,0.0
128,128,0,128,28,0.14,77.6,1.2,136,2026-10-11 16:35:00,PT5M,15.373,37.7695,27.1604,3.5856,0.0
116,117,0,117,27,0.14,78.0,1.2,138,2026-10-11 16:40:00,PT5M,13.968,34.1825,24.607,3.329,0.0
105,105,0,105,27,0.14,78.4,1.2,140,2026-10-11 16:45:00,PT5M,12.574,30.645,22.0849,3.0631,0.0
94,94,0,94,27,0.14,78.8,1.2,142,2026-10-11 16:50:00,PT5M,11.193,27.1865,19.6105,2.7755,0.0
82,83,0,83,27,0.14,79.2,1.2,144,2026-10-11 16:55:00,PT5M,9.806,23.8255,17.1846,2.4274,0.0
71,72,0,72,27,0.14,79.6,1.2,146,2026-10-11 17:00:00,PT5M,8.461,20.605,14.8525,2.0695,0.0
61,61,0,61,27,0.14,79.9,1.2,147,2026-10-11 17:05:00,PT5M,7.086,17.398,12.5133,1.6587,0.0
51,51,0,51,27,0.14,80.3,1.2,149,2026-10-11 17:10:00,PT5M,5.874,14.4125,10.3679,1.3801,0.0
42,42,0,42,27,0.14,80.7,1.3,151,2026-10-11 17:15:00,PT5M,4.765,11.558,8.3402,1.1898,0.0
34,34,0,34,27,0.14,81.1,1.3,153,2026-10-11 17:20:00,PT5M,3.661,8.8525,6.3933,0.9287,0.0
26,26,0,26,27,0.14,81.5,1.3,155,2026-10-11 17:25:00,PT5M,2.675,6.456,4.665,0.685,0.0
19,19,0,19,27,0.14,81.9,1.3,157,2026-10-11 17:30:00,PT5M,1.847,4.384,3.1822,0.5118,0.0
13,13,0,13,27,0.14,82.2,1.3,158,2026-10-11 17:35:00,PT5M,1.096,2.549,1.8607,0.3313,0.0
8,8,0,8,27,0.14,82.4,1.3,158,2026-10-11 17:40:00,PT5M,0.406,1.1125,0.7778,0.0342,0.0
4,4,0,4,27,0.14,82.6,1.2,159,2026-10-11 17:45:00,PT5M,0.0,0.0995,0.0524,0.0,0.0
0,0,0,0,27,0.14,82.9,1.2,159,2026-10-11 17:50:00,PT5M,0.0,0.0,0.0,0.0,0.0
0,0,0,0,27,0.14,83.1,1.2,160,2026-10-11 17:55:00,PT5M,0.0,0.0,0.0,0.0,0.0
0,0,0,0,26,0.14,83.3,1.2,161,2026-10-11 18:00:00,PT5M,0.0,0.0,0.0,0.0,0.0
0,0,0,0,26,0.14,83.5,1.2,161,2026-10-11 18:05:00,PT5M,0.0,0.0,0.0,0.0,0.0
0,0,0,0,26,0.14,83.7,1.2,162,2026-10-11 18:10:00,PT5M,0.0,0.0,0.0,0.0,0.0
0,0,0,0,26,0.14,83.9,1.1,163,2026-10-11 18:15:00,PT5M,0.0,0.0,0.0,0.0,0.0
0,0,0,0,26,0.14,84.1,1.1,164,2026-10-11 18:20:00,PT5M,0.0,0.0,0.0,0.0,0.0
0,0,0,0,26,0.14,84.3,1.1,164,2026-10-11 18:25:00,PT5M,0.0,0.0,0.0,0.0,0.0
0,0,0,0,26,0.14,84.5,1.1,165,2026-10-11 18:30:00,PT5M,0.0,0.0,0.0,0.0,0.0
0,0,0,0,26,0.14,84.7,1.1,166,2026-10-11 18:35:00,PT5M,0.0,0.0,0.0,0.0,0.0
0,0,0,0,26,0.14,84.9,1.0,167,2026-10-11 18:40:00,PT5M,0.0,0.0,0.0,0.0,0.0
0,0,0,0,26,0.14,85.1,1.0,168,2026-10-11 18:45:00,PT5M,0.0,0.0,0.0,0.0,0.0
0,0,0,0,26,0.14,85.3,1.0,169,2026-10-11 18:50:00,PT5M,0.0,0.0,0.0,0.0,0.0
0,0,0,0,26,0.14,85.5,1.0,170,2026-10-11 18:55:00,PT5M,0.0,0.0,0.0,0.0,0.0
0,0,0,0,26,0.14,85.7,1.0,171,2026-10-11 19:00:00,PT5M,0.0,0.0,0.0,0.0,0.0
0,0,0,0,26,0.14,86.0,1.0,172,2026-10-11 19:05:00,PT5M,0.0,0.0,0.0,0.0,0.0
0,0,0,0,26,0.14,86.2,0.9,173,2026-10-11 19:10:00,PT5M,0.0,0.0,0.0,0.0,0.0
0,0,0,0,26,0.14,86.4,0.9,174,2026-10-11 19:15:00,PT5M,0.0,0.0,0.0,0.0,0.0
0,0,0,0,26,0.14,86.6,0.9,175,2026-10-11 19:20:00,PT5M,0.0,0.0,0.0,0.0,0.0
0,0,0,0,26,0.14,86.8,0.9,176,2026-10-11 19:25:00,PT5M,0.0,0.0,0.0,0.0,0.0
0,0,0,0,26,0.14,87.0,0.9,177,2026-10-11 19:30:00,PT5M,0.0,0.0,0.0,0.0,0.0
0,0,0,0,26,0.14,87.2,0.9,178,2026-10-11 19:35:00,PT5M,0.0,0.0,0.0,0.0,0.0
0,0,0,0,26,0.14,87.5,0.8,180,2026-10-11 19:40:00,PT5M,0.0,0.0,0.0,0.0,0.0
0,0,0,0,25,0.14,87.7,0.8,181,2026-10-11 19:45:00,PT5M,0.0,0.0,0.0,0.0,0.0
0,0,0,0,25,0.14,87.9,0.8,182,2026-10-11 19:50:00,PT5M,0.0,0.0,0.0,0.0,0.0
0,0,0,0,25,0.14,88.1,0.8,184,2026-10-11 19:55:00,PT5M,0.0,0.0,0.0,0.0,0.0
0,0,0,0,25,0.14,88.3,0.8,185,2026-10-11 20:00:00,PT5M,0.0,0.0,0.0,0.0,0.0
0,0,0,0,25,0.14,88.5,0.8,187,2026-10-11 20:05:00,PT5M,0.0,0.0,0.0,0.0,0.0
0,0,0,0,25,0.14,88.8,0.8,188,2026-10-11 20:10:00,PT5M,0.0,0.0,0.0,0.0,0.0
0,0,0,0,25,0.14,89.0,0.8,190,2026-10-11 20:15:00,PT5M,0.0,0.0,0.0,0.0,0.0
0,0,0,0,25,0.14,89.2,0.8,192,2026-10-11 20:20:00,PT5M,0.0,0.0,0.0,0.0,0.0
0,0,0,0,25,0.14,89.4,0.7,193,2026-10-11 20:25:00,PT5M,0.0,0.0,0.0,0.0,0.0
0,0,0,0,25,0.14,89.6,0.7,195,2026-10-11 20:30:00,PT5M,0.0,0.0,0.0,0.0,0.0
0,0,0,0,25,0.14,89.8,0.7,196,2026-10-11 20:35:00,PT5M,0.0,0.0,0.0,0.0,0.0
0,0,0,0,25,0.14,89.8,0.7,197,2026-10-11 20:40:00,PT5M,0.0,0.0,0.0,0.0,0.0
0,0,0,0,25,0.14,89.9,0.7,198,2026-10-11 20:45:00,PT5M,0.0,0.0,0.0,0.0,0.0
0,0,0,0,25,0.14,89.9,0.7,199,2026-10-11 20:50:00,PT5M,0.0,0.0,0.0,0.0,0.0
0,0,0,0,25,0.14,90.0,0.7,200,2026-10-11 20:55:00,PT5M,0.0,0.0,0.0,0.0,0.0
0,0,0,0,25,0.14,90.0,0.7,201,2026-10-11 21:00:00,PT5M,0.0,0.0,0.0,0.0,0.0
0,0,0,0,25,0.14,90.0,0.7,202,2026-10-11 21:05:00,PT5M,0.0,0.0,0.0,0.0,0.0
0,0,0,0,25,0.14,90.1,0.7,203,2026-10-11 21:10:00,PT5M,0.0,0.0,0.0,0.0,0.0
0,0,0,0,25,0.14,90.1,0.7,204,2026-10-11 21:15:00,PT5M,0.0,0.0,0.0,0.0,0.0
0,0,0,0,25,0.14,90.2,0.7,205,2026-10-11 21:20:00,PT5M,0.0,0.0,0.0,0.0,0.0
0,0,0,0,25,0.14,90.2,0.7,206,2026-10-11 21:25:00,PT5M,0.0,0.0,0.0,0.0,0.0
0,0,0,0,25,0.14,90.3,0.7,207,2026-10-11 21:30:00,PT5M,0.0,0.0,0.0,0.0,0.0
0,0,0,0,25,0.14,90.3,0.7,208,2026-10-11 21:35:00,PT5M,0.0,0.0,0.0,0.0,0.0
0,0,0,0,25,0.14,90.4,0.7,209,2026-10-11 21:40:00,PT5M,0.0,0.0,0.0,0.0,0.0
0,0,0,0,25,0.14,90.4,0.7,210,2026-10-11 21:45:00,PT5M,0.0,0.0,0.0,0.0,0.0
0,0,0,0,25,0.14,90.4,0.7,211,2026-10-11 21:50:00,PT5M,0.0,0.0,0.0,0.0,0.0
0,0,0,0,25,0.14,90.5,0.7,212,2026-10-11 21:55:00,PT5M,0.0,0.0,0.0,0.0,0.0
0,0,0,0,25,0.14,90.5,0.7,213,2026-10-11 22:00:00,PT5M,0.0,0.0,0.0,0.0,0.0
0,0,0,0,25,0.14,90.6,0.7,214,2026-10-11 22:05:00,PT5M,0.0,0.0,0.0,0.0,0.0
0,0,0,0,25,0.14,90.6,0.7,215,2026-10-11 22:10:00,PT5M,0.0,0.0,0.0,0.0,0.0
0,0,0,0,25,0.14,90.7,0.7,216,2026-10-11 22:15:00,PT5M,0.0,0.0,0.0,0.0,0.0
0,0,0,0,25,0.14,90.7,0.7,217,2026-10-11 22:20:00,PT5M,0.0,0.0,0.0,0.0,0.0
0,0,0,0,25,0.14,90.8,0.7,218,2026-10-11 22:25:00,PT5M,0.0,0.0,0.0,0.0,0.0
0,0,0,0,25,0.14,90.8,0.7,219,2026-10-11 22:30:00,PT5M,0.0,0.0,0.0,0.0,0.0
0,0,0,0,25,0.14,90.8,0.7,220,2026-10-11 22:35:00,PT5M,0.0,0.0,0.0,0.0,0.0
0,0,0,0,25,0.14,90.9,0.7,221,2026-10-11 22:40:00,PT5M,0.0,0.0,0.0,0.0,0.0
0,0,0,0,25,0.14,90.9,0.7,222,2026-10-11 22:45:00,PT5M,0.0,0.0,0.0,0.0,0.0
0,0,0,0,25,0.14,91.0,0.7,223,2026-10-11 22:50:00,PT5M,0.0,0.0,0.0,0.0,0.0
0,0,0,0,24,0.14,91.0,0.7,224,2026-10-11 22:55:00,PT5M,0.0,0.0,0.0,0.0,0.0
0,0,0,0,24,0.14,91.1,0.8,225,2026-10-11 23:00:00,PT5M,0.0,0.0,0.0,0.0,0.0
0,0,0,0,24,0.14,91.1,0.8,225,2026-10-11 23:05:00,PT5M,0.0,0.0,0.0,0.0,0.0
0,0,0,0,24,0.14,91.2,0.8,226,2026-10-11 23:10:00,PT5M,0.0,0.0,0.0,0.0,0.0
0,0,0,0,24,0.14,91.2,0.8,227,2026-10-11 23:15:00,PT5M,0.0,0.0,0.0,0.0,0.0
0,0,0,0,24,0.14,91.2,0.8,228,2026-10-11 23:20:00,PT5M,0.0,0.0,0.0,0.0,0.0
0,0,0,0,24,0.14,91.3,0.8,229,2026-10-11 23:25:00,PT5M,0.0,0.0,0.0,0.0,0.0
0,0,0,0,24,0.14,91.3,0.8,230,2026-10-11 23:30:00,PT5M,0.0,0.0,0.0,0.0,0.0
0,0,0,0,24,0.14,91.4,0.8,230,2026-10-11 23:35:00,PT5M,0.0,0.0,0.0,0.0,0.0
0,0,0,0,24,0.14,91.4,0.8,231,2026-10-11 23:40:00,PT5M,0.0,0.0,0.0,0.0,0.0
0,0,0,0,24,0.14,91.4,0.8,232,2026-10-11 23:45:00,PT5M,0.0,0.0,0.0,0.0,0.0
0,0,0,0,24,0.14,91.5,0.8,232,2026-10-11 23:50:00,PT5M,0.0,0.0,0.0,0.0,0.0
0,0,0,0,24,0.14,91.5,0.8,233,2026-10-11 23:55:00,PT5M,0.0,0.0,0.0,0.0,0.0
0,0,0,0,24,0.14,91.5,0.8,233,2026-10-12 00:00:00,PT5M,0.0,0.0,0.0,0.0,0.0
0,0,0,0,24,0.14,91.5,0.8,234,2026-10-12 00:05:00,PT5M,0.0,0.0,0.0,0.0,0.0
0,0,0,0,24,0.14,91.6,0.8,234,2026-10-12 00:10:00,PT5M,0.0,0.0,0.0,0.0,0.0
0,0,0,0,24,0.14,91.6,0.8,235,2026-10-12 00:15:00,PT5M,0.0,0.0,0.0,0.0,0.0
0,0,0,0,24,0.14,91.6,0.8,235,2026-10-12 00:20:00,PT5M,0.0,0.0,0.0,0.0,0.0
0,0,0,0,24,0.14,91.7,0.8,236,2026-10-12 00:25:00,PT5M,0.0,0.0,0.0,0.0,0.0
0,0,0,0,24,0.14,91.7,0.8,236,2026-10-12 00:30:00,PT5M,0.0,0.0,0.0,0.0,0.0
0,0,0,0,24,0.14,91.7,0.8,237,2026-10-12 00:35:00,PT5M,0.0,0.0,0.0,0.0,0.0
0,0,0,0,24,0.14,91.8,0.8,237,2026-10-12 00:40:00,PT5M,0.0,0.0,0.0,0.0,0.0
0,0,0,0,24,0.14,91.8,0.9,237,2026-10-12 00:45:00,PT5M,0.0,0.0,0.0,0.0,0.0
0,0,0,0,24,0.14,91.8,0.9,238,2026-10-12 00:50:00,PT5M,0.0,0.0,0.0,0.0,0.0
0,0,0,0,24,0.14,91.8,0.9,238,2026-10-12 00:55:00,PT5M,0.0,0.0,0.0,0.0,0.0
0,0,0,0,24,0.14,91.9,0.9,239,2026-10-12 01:00:00,PT5M,0.0,0.0,0.0,0.0,0.0
0,0,0,0,24,0.14,91.9,0.9,239,2026-10-12 01:05:00,PT5M,0.0,0.0,0.0,0.0,0.0
0,0,0,0,24,0.14,91.9,0.9,240,2026-10-12 01:10:00,PT5M,0.0,0.0,0.0,0.0,0.0
0,0,0,0,24,0.14,92.0,0.9,240,2026-10-12 01:15:00,PT5M,0.0,0.0,0.0,0.0,0.0
0,0,0,0,24,0.14,92.0,0.9,241,2026-10-12 01:20:00,PT5M,0.0,0.0,0.0,0.0,0.0
0,0,0,0,24,0.14,92.0,0.9,241,2026-10-12 01:25:00,PT5M,0.0,0.0,0.0,0.0,0.0
0,0,0,0,24,0.14,92.1,0.9,241,2026-10-12 01:30:00,PT5M,0.0,0.0,0.0,0.0,0.0
0,0,0,0,24,0.14,92.1,0.9,242,2026-10-12 01:35:00,PT5M,0.0,0.0,0.0,0.0,0.0
0,0,0,0,24,0.14,92.1,0.9,242,2026-10-12 01:40:00,PT5M,0.0,0.0,0.0,0.0,0.0
0,0,0,0,24,0.14,92.1,0.9,243,2026-10-12 01:45:00,PT5M,0.0,0.0,0.0,0.0,0.0
0,0,0,0,24,0.14,92.2,0.9,243,2026-10-12 01:50:00,PT5M,0.0,0.0,0.0,0.0,0.0
0,0,0,0,24,0.14,92.2,0.9,243,2026-10-12 01:55:00,PT5M,0.0,0.0,0.0,0.0,0.0
0,0,0,0,24,0.14,92.2,0.9,244,2026-10-12 02:00:00,PT5M,0.0,0.0,0.0,0.0,0.0
0,0,0,0,24,0.14,92.3,0.9,244,2026-10-12 02:05:00,PT5M,0.0,0.0,0.0,0.0,0.0
0,0,0,0,24,0.14,92.3,1.0,244,2026-10-12 02:10:00,PT5M,0.0,0.0,0.0,0.0,0.0
0,0,0,0,24,0.14,92.3,1.0,245,2026-10-12 02:15:00,PT5M,0.0,0.0,0.0,0.0,0.0
0,0,0,0,24,0.14,92.4,1.0,245,2026-10-12 02:20:00,PT5M,0.0,0.0,0.0,0.0,0.0
0,0,0,0,24,0.14,92.4,1.0,246,2026-10-12 02:25:00,PT5M,0.0,0.0,0.0,0.0,0.0
0,0,0,0,24,0.14,92.4,1.0,246,2026-10-12 02:30:00,PT5M,0.0,0.0,0.0,0.0,0.0
0,0,0,0,24,0.14,92.4,1.0,246,2026-10-12 02:35:00,PT5M,0.0,0.0,0.0,0.0,0.0
0,0,0,0,24,0.14,92.4,1.0,247,2026-10-12 02:40:00,PT5M,0.0,0.0,0.0,0.0,0.0
0,0,0,0,24,0.14,92.4,1.0,247,2026-10-12 02:45:00,PT5M,0.0,0.0,0.0,0.0,0.0
0,0,0,0,24,0.14,92.4,1.0,248,2026-10-12 02:50:00,PT5M,0.0,0.0,0.0,0.0,0.0
0,0,0,0,24,0.14,92.4,0.9,248,2026-10-12 02:55:00,PT5M,0.0,0.0,0.0,0.0,0.0
0,0,0,0,24,0.14,92.4,0.9,249,2026-10-12 03:00:00,PT5M,0.0,0.0,0.0,0.0,0.0
0,0,0,0,24,0.14,92.4,0.9,249,2026-10-12 03:05:00,PT5M,0.0,0.0,0.0,0.0,0.0
0,0,0,0,24,0.14,92.4,0.9,250,2026-10-12 03:10:00,PT5M,0.0,0.0,0.0,0.0,0.0
0,0,0,0,24,0.14,92.4,0.9,250,2026-10-12 03:15:00,PT5M,0.0,0.0,0.0,0.0,0.0
0,0,0,0,24,0.14,92.4,0.9,251,2026-10-12 03:20:00,PT5M,0.0,0.0,0.0,0.0,0.0
0,0,0,0,24,0.14,92.4,0.9,251,2026-10-12 03:25:00,PT5M,0.0,0.0,0.0,0.0,0.0
0,0,0,0,24,0.14,92.4,0.9,252,2026-10-12 03:30:00,PT5M,0.0,0.0,0.0,0.0,0.0
0,0,0,0,24,0.14,92.4,0.9,253,2026-10-12 03:35:00,PT5M,0.0,0.0,0.0,0.0,0.0
0,0,0,0,24,0.14,92.4,0.9,253,2026-10-12 03:40:00,PT5M,0.0,0.0,0.0,0.0,0.0
0,0,0,0,24,0.14,92.4,0.9,254,2026-10-12 03:45:00,PT5M,0.0,0.0,0.0,0.0,0.0
0,0,0,0,24,0.14,92.4,0.8,254,2026-10-12 03:50:00,PT5M,0.0,0.0,0.0,0.0,0.0
0,0,0,0,24,0.14,92.4,0.8,255,2026-10-12 03:55:00,PT5M,0.0,0.0,0.0,0.0,0.0
0,0,0,0,24,0.14,92.4,0.8,256,2026-10-12 04:00:00,PT5M,0.0,0.0,0.0,0.0,0.0
0,0,0,0,24,0.14,92.4,0.8,256,2026-10-12 04:05:00,PT5M,0.0,0.0,0.0,0.0,0.0
0,0,0,0,24,0.14,92.4,0.8,257,2026-10-12 04:10:00,PT5M,0.0,0.0,0.0,0.0,0.0
0,0,0,0,24,0.14,92.4,0.8,258,2026-10-12 04:15:00,PT5M,0.0,0.0,0.0,0.0,0.0
0,0,0,0,24,0.14,92.4,0.8,258,2026-10-12 04:20:00,PT5M,0.0,0.0,0.0,0.0,0.0
0,0,0,0,24,0.14,92.4,0.8,259,2026-10-12 04:25:00,PT5M,0.0,0.0,0.0,0.0,0.0
0,0,0,0,24,0.14,92.4,0.8,260,2026-10-12 04:30:00,PT5M,0.0,0.0,0.0,0.0,0.0
0,0,0,0,24,0.14,92.4,0.8,261,2026-10-12 04:35:00,PT5M,0.0,0.0,0.0,0.0,0.0
0,0,0,0,24,0.14,92.4,0.8,261,2026-10-12 04:40:00,PT5M,0.0,0.0,0.0,0.0,0.0
0,0,0,0,24,0.14,92.4,0.8,262,2026-10-12 04:45:00,PT5M,0.0,0.0,0.0,0.0,0.0
0,0,0,0,24,0.14,92.4,0.8,263,2026-10-12 04:50:00,PT5M,0.0,0.0,0.0,0.0,0.0
0,0,0,0,24,0.14,92.4,0.7,264,2026-10-12 04:55:00,PT5M,0.0,0.0,0.0,0.0,0.0
0,0,0,0,24,0.14,92.4,0.7,264,2026-10-12 05:00:00,PT5M,0.0,0.0,0.0,0.0,0.0
0,0,0,0,23,0.14,92.4,0.7,265,2026-10-12 05:05:00,PT5M,0.0,0.0,0.0,0.0,0.0
0,0,0,0,23,0.14,92.4,0.7,266,2026-10-12 05:10:00,PT5M,0.0,0.0,0.0,0.0,0.0
0,0,0,0,23,0.14,92.4,0.7,267,2026-10-12 05:15:00,PT5M,0.0,0.0,0.0,0.0,0.0
0,0,0,0,23,0.14,92.4,0.7,268,2026-10-12 05:20:00,PT5M,0.0,0.0,0.0,0.0,0.0
0,0,0,0,23,0.14,92.4,0.7,269,2026-10-12 05:25:00,PT5M,0.0,0.0,0.0,0.0,0.0
0,0,0,0,23,0.14,92.4,0.7,270,2026-10-12 05:30:00,PT5M,0.0,0.0,0.0,0.0,0.0
0,0,0,0,24,0.14,92.1,0.7,270,2026-10-12 05:35:00,PT5M,0.0,0.0,0.0,0.0,0.0
0,0,0,0,24,0.14,91.5,0.7,270,2026-10-12 05:40:00,PT5M,0.0,0.0,0.0,0.0,0.0
0,0,0,0,24,0.14,90.8,0.7,269,2026-10-12 05:45:00,PT5M,0.0,0.0,0.0,0.0,0.0
0,0,0,0,24,0.14,90.2,0.7,269,2026-10-12 05:50:00,PT5M,0.0,0.0,0.0,0.0,0.0
0,0,0,0,24,0.14,89.6,0.6,269,2026-10-12 05:55:00,PT5M,0.0,0.0,0.0,0.0,0.0
5,5,0,5,24,0.14,88.9,0.6,269,2026-10-12 06:00:00,PT5M,0.0,0.0,0.0,0.0,0.0
13,13,0,13,24,0.14,88.3,0.6,268,2026-10-12 06:05:00,PT5M,1.07,1.6715,1.3866,0.7534,0.4685
22,22,0,22,24,0.14,87.7,0.6,268,2026-10-12 06:10:00,PT5M,2.335,3.5465,2.9726,1.6974,1.1235
33,33,27,31,25,0.14,87.1,0.6,268,2026-10-12 06:15:00,PT5M,3.947,6.0475,5.0525,2.8415,1.8465
46,45,63,39,25,0.14,86.5,0.6,267,2026-10-12 06:20:00,PT5M,6.093,9.341,7.8024,4.3836,2.845
60,59,97,47,25,0.14,85.9,0.6,267,2026-10-12 06:25:00,PT5M,8.79,13.4365,11.2355,6.3445,4.1435
76,74,136,54,25,0.14,85.3,0.5,267,2026-10-12 06:30:00,PT5M,12.091,18.341,15.3804,8.8016,5.841
93,90,177,61,25,0.14,84.7,0.5,266,2026-10-12 06:35:00,PT5M,15.789,23.7835,19.9966,11.5814,7.7945
112,108,218,67,25,0.14,84.1,0.5,266,2026-10-12 06:40:00,PT5M,19.786,29.5875,24.9446,14.6274,9.9845
131,126,258,72,25,0.14,83.5,0.5,265,2026-10-12 06:45:00,PT5M,24.142,35.7655,30.2595,18.0245,12.5185
151,145,297,77,26,0.14,83.0,0.5,265,2026-10-12 06:50:00,PT5M,28.629,42.1145,35.7265,21.5315,15.1435
172,165,336,81,26,0.14,82.4,0.5,264,2026-10-12 06:55:00,PT5M,33.38,48.8185,41.5054,25.2546,17.9415
192,185,367,85,26,0.14,81.8,0.5,264,2026-10-12 07:00:00,PT5M,38.127,55.6725,47.3613,28.8927,20.5815
211,204,391,90,26,0.14,81.3,0.4,263,2026-10-12 07:05:00,PT5M,42.696,62.3335,53.0314,32.3606,23.0585
231,223,410,95,26,0.14,80.7,0.4,263,2026-10-12 07:10:00,PT5M,47.214,68.923,58.6396,35.7884,25.505
250,242,428,99,26,0.14,80.2,0.4,262,2026-10-12 07:15:00,PT5M,51.761,75.5625,64.2879,39.2341,27.9595
270,261,445,104,26,0.14,79.6,0.4,262,2026-10-12 07:20:00,PT5M,56.3,82.203,69.9329,42.6671,30.397
289,280,461,108,27,0.14,79.1,0.4,261,2026-10-12 07:25:00,PT5M,60.832,88.8395,75.5725,46.0915,32.8245
308,299,475,113,27,0.14,78.5,0.4,260,2026-10-12 07:30:00,PT5M,65.364,95.4885,81.2187,49.5093,35.2395
328,318,489,117,27,0.14,78.0,0.4,259,2026-10-12 07:35:00,PT5M,69.922,100.0,86.9136,52.9304,37.6375
347,337,502,121,27,0.14,77.5,0.4,258,2026-10-12 07:40:00,PT5M,74.056,100.0,92.0647,56.0473,39.839
367,356,515,124,27,0.14,76.9,0.3,257,2026-10-12 07:45:00,PT5M,76.122,100.0,94.4578,57.7862,41.2835
386,375,527,128,27,0.14,76.4,0.3,256,2026-10-12 07:50:00,PT5M,78.09,100.0,96.7276,59.4524,42.678
405,394,538,131,27,0.14,75.9,0.3,255,2026-10-12 07:55:00,PT5M,80.021,100.0,98.9331,61.1089,44.0875
424,413,549,135,27,0.14,75.4,0.3,254,2026-10-12 08:00:00,PT5M,81.764,100.0,100.0,62.608,45.367
443,431,560,138,28,0.14,74.9,0.3,253,2026-10-12 08:05:00,PT5M,83.402,100.0,100.0,64.0315,46.5975
462,450,570,141,28,0.14,74.4,0.3,252,2026-10-12 08:10:00,PT5M,84.918,100.0,100.0,65.3691,47.7745
480,468,580,143,28,0.14,73.9,0.3,250,2026-10-12 08:15:00,PT5M,86.274,100.0,100.0,66.592,48.8775
499,486,590,146,28,0.14,73.4,0.3,248,2026-10-12 08:20:00,PT5M,87.457,100.0,100.0,67.6984,49.915
517,504,598,148,28,0.14,72.9,0.2,247,2026-10-12 08:25:00,PT5M,88.5,100.0,100.0,68.6977,50.875
534,521,606,151,28,0.14,72.4,0.2,245,2026-10-12 08:30:00,PT5M,89.463,100.0,100.0,69.6378,51.7945
552,538,614,153,28,0.14,71.8,0.2,245,2026-10-12 08:35:00,PT5M,90.355,100.0,100.0,70.4911,52.613
569,555,621,156,29,0.14,71.1,0.2,249,2026-10-12 08:40:00,PT5M,91.186,100.0,100.0,71.33,53.459
586,572,628,158,29,0.14,70.5,0.2,254,2026-10-12 08:45:00,PT5M,91.963,100.0,100.0,72.1239,54.268
602,588,635,160,29,0.14,69.8,0.2,259,2026-10-12 08:50:00,PT5M,92.696,100.0,100.0,72.8834,55.0515
619,604,641,162,29,0.14,69.1,0.2,266,2026-10-12 08:55:00,PT5M,93.386,100.0,100.0,73.6082,55.8075
634,620,647,164,29,0.14,68.5,0.2,273,2026-10-12 09:00:00,PT5M,94.038,100.0,100.0,74.4381,56.7975
651,636,654,166,29,0.14,67.9,0.1,280,2026-10-12 09:05:00,PT5M,94.742,100.0,100.0,75.3402,57.878
666,652,661,167,29,0.14,67.2,0.1,288,2026-10-12 09:10:00,PT5M,95.411,100.0,100.0,76.2047,58.9185
682,667,667,168,30,0.14,66.6,0.1,297,2026-10-12 09:15:00,PT5M,96.048,100.0,100.0,77.0346,59.922
697,682,673,169,30,0.14,66.0,0.1,305,2026-10-12 09:20:00,PT5M,96.654,100.0,100.0,77.8309,60.8895
712,696,679,171,30,0.14,65.4,0.2,313,2026-10-12 09:25:00,PT5M,97.231,100.0,100.0,78.595,61.822
726,711,685,172,30,0.14,64.8,0.2,320,2026-10-12 09:30:00,PT5M,97.781,100.0,100.0,79.3289,62.7215
740,725,691,172,30,0.14,64.2,0.2,326,2026-10-12 09:35:00,PT5M,98.304,100.0,100.0,80.0235,63.5705
754,738,696,173,30,0.14,63.6,0.2,332,2026-10-12 09:40:00,PT5M,98.803,100.0,100.0,80.6809,64.3705
767,751,701,174,30,0.14,63.0,0.2,336,2026-10-12 09:45:00,PT5M,99.259,100.0,100.0,81.2898,65.117
780,763,705,175,31,0.14,62.4,0.2,341,2026-10-12 09:50:00,PT5M,99.653,100.0,100.0,81.8293,65.7875
792,775,709,176,31,0.14,61.8,0.2,344,2026-10-12 09:55:00,PT5M,100.0,100.0,100.0,82.3158,66.3995
803,787,712,177,31,0.14,61.3,0.2,347,2026-10-12 10:00:00,PT5M,100.0,100.0,100.0,82.449,66.6525
814,798,716,178,31,0.14,60.7,0.3,350,2026-10-12 10:05:00,PT5M,100.0,100.0,100.0,82.5769,66.8955
825,808,719,179,31,0.14,60.1,0.3,352,2026-10-12 10:10:00,PT5M,100.0,100.0,100.0,82.6995,67.1285
835,818,722,180,31,0.14,59.6,0.3,354,2026-10-12 10:15:00,PT5M,100.0,100.0,100.0,82.8171,67.352
845,828,726,181,31,0.14,59.0,0.3,356,2026-10-12 10:20:00,PT5M,100.0,100.0,100.0,82.93,67.5665
854,837,728,181,32,0.14,58.5,0.3,358,2026-10-12 10:25:00,PT5M,100.0,100.0,100.0,83.0382,67.772
863,846,731,182,32,0.14,57.9,0.4,359,2026-10-12 10:30:00,PT5M,100.0,100.0,100.0,83.1421,67.9695
872,854,734,182,32,0.14,57.4,0.4,1,2026-10-12 10:35:00,PT5M,100.0,100.0,100.0,83.2526,68.1795
880,862,737,183,32,0.14,56.9,0.4,2,2026-10-12 10:40:00,PT5M,100.0,100.0,100.0,83.369,68.4005
887,870,739,183,32,0.14,56.4,0.4,3,2026-10-12 10:45:00,PT5M,100.0,100.0,100.0,83.4784,68.6085
894,877,741,183,32,0.14,55.8,0.4,4,2026-10-12 10:50:00,PT5M,100.0,100.0,100.0,83.5792,68.8
901,883,743,184,32,0.14,55.3,0.5,5,2026-10-12 10:55:00,PT5M,100.0,100.0,100.0,83.6584,68.9505
907,889,745,184,33,0.14,54.8,0.5,6,2026-10-12 11:00:00,PT5M,100.0,100.0,100.0,83.7479,69.1205
912,894,747,184,33,0.14,54.3,0.5,6,2026-10-12 11:05:00,PT5M,100.0,100.0,100.0,83.8413,69.298
917,899,749,184,33,0.14,53.8,0.5,7,2026-10-12 11:10:00,PT5M,100.0,100.0,100.0,83.9232,69.4535
922,904,750,184,33,0.14,53.3,0.5,8,2026-10-12 11:15:00,PT5M,100.0,100.0,100.0,83.9937,69.5875
925,907,752,184,33,0.14,52.9,0.6,8,2026-10-12 11:20:00,PT5M,100.0,100.0,100.0,84.0576,69.709
929,911,753,184,33,0.14,52.4,0.6,9,2026-10-12 11:25:00,PT5M,100.0,100.0,100.0,84.1155,69.819
932,913,754,184,33,0.14,51.9,0.6,9,2026-10-12 11:30:00,PT5M,100.0,100.0,100.0,84.1676,69.918
927,909,740,192,33,0.14,51.9,0.6,13,2026-10-12 11:35:00,PT5M,100.0,100.0,100.0,84.0792,69.75
915,898,711,208,33,0.14,52.5,0.5,22,2026-10-12 11:40:00,PT5M,100.0,100.0,100.0,83.8508,69.316
903,886,683,223,33,0.14,53.1,0.5,32,2026-10-12 11:45:00,PT5M,100.0,100.0,100.0,83.6171,68.872
891,874,656,237,33,0.14,53.6,0.4,45,2026-10-12 11:50:00,PT5M,98.848,100.0,100.0,82.2264,67.2665
877,862,629,251,33,0.14,54.2,0.4,58,2026-10-12 11:55:00,PT5M,97.605,100.0,100.0,80.7398,65.5605
864,849,602,264,33,0.14,54.8,0.5,70,2026-10-12 12:00:00,PT5M,96.414,100.0,100.0,79.3014,63.8995
850,835,575,277,32,0.14,55.4,0.5,81,2026-10-12 12:05:00,PT5M,95.173,100.0,100.0,77.8062,62.1755
835,821,547,290,32,0.14,56.0,0.6,90,2026-10-12 12:10:00,PT5M,93.879,100.0,100.0,76.2524,60.388
819,806,520,303,32,0.14,56.6,0.6,98,2026-10-12 12:15:00,PT5M,92.611,100.0,100.0,74.7223,58.622
804,791,494,315,32,0.14,57.2,0.7,104,2026-10-12 12:20:00,PT5M,91.267,100.0,100.0,73.1147,56.777
788,776,468,326,32,0.14,57.9,0.8,108,2026-10-12 12:25:00,PT5M,89.894,100.0,100.0,71.4769,54.901
772,760,442,336,32,0.14,58.5,0.9,112,2026-10-12 12:30:00,PT5M,88.49,100.0,100.0,69.8079,52.9935
756,745,419,345,32,0.14,59.1,1.0,115,2026-10-12 12:35:00,PT5M,87.107,100.0,100.0,68.1694,51.125
740,730,397,353,31,0.14,59.8,1.0,118,2026-10-12 12:40:00,PT5M,85.743,100.0,100.0,66.5575,49.29
724,715,375,360,31,0.14,60.4,1.1,120,2026-10-12 12:45:00,PT5M,84.329,100.0,100.0,64.8898,47.394
709,700,354,366,31,0.14,61.1,1.2,122,2026-10-12 12:50:00,PT5M,82.841,100.0,100.0,63.1532,45.4335
692,684,333,372,31,0.14,61.8,1.3,123,2026-10-12 12:55:00,PT5M,81.391,100.0,100.0,61.4669,43.5345
676,668,313,377,31,0.14,62.4,1.4,125,2026-10-12 13:00:00,PT5M,79.883,100.0,100.0,59.7175,41.568
660,653,295,380,31,0.14,63.1,1.5,126,2026-10-12 13:05:00,PT5M,78.358,100.0,98.7656,57.9504,39.583
644,637,278,382,30,0.14,63.8,1.6,127,2026-10-12 13:10:00,PT5M,76.828,100.0,97.4742,56.1818,37.5995
628,622,262,384,30,0.14,64.5,1.7,128,2026-10-12 13:15:00,PT5M,75.258,100.0,96.1411,54.3749,35.5795
612,606,246,384,30,0.14,65.2,1.8,129,2026-10-12 13:20:00,PT5M,73.654,100.0,94.771,52.537,33.531
596,591,231,384,30,0.14,66.0,1.9,129,2026-10-12 13:25:00,PT5M,72.016,100.0,93.3638,50.6682,31.4545
580,575,216,384,30,0.14,66.7,2.0,130,2026-10-12 13:30:00,PT5M,70.341,100.0,91.9159,48.7661,29.348
564,559,201,383,30,0.14,67.4,2.1,131,2026-10-12 13:35:00,PT5M,68.594,100.0,90.385,46.803,27.1905
548,543,187,381,29,0.14,68.2,2.2,131,2026-10-12 13:40:00,PT5M,66.85,100.0,88.846,44.854,25.057
531,528,174,379,29,0.14,68.9,2.3,132,2026-10-12 13:45:00,PT5M,65.072,100.0,87.2706,42.8734,22.894
515,512,160,376,29,0.14,69.7,2.4,132,2026-10-12 13:50:00,PT5M,63.259,100.0,85.6571,40.8609,20.702
499,496,147,373,29,0.14,70.5,2.5,133,2026-10-12 13:55:00,PT5M,61.412,100.0,84.0069,38.8171,18.481
483,480,135,369,29,0.14,71.2,2.6,133,2026-10-12 14:00:00,PT5M,59.528,100.0,82.3171,36.7389,16.228
467,465,122,365,29,0.14,72.0,2.7,133,2026-10-12 14:05:00,PT5M,57.583,100.0,80.5639,34.6021,13.9185
451,449,110,361,29,0.14,72.8,2.8,134,2026-10-12 14:10:00,PT5M,55.584,99.607,78.7536,32.4144,11.561
434,433,98,356,28,0.14,73.6,2.9,134,2026-10-12 14:15:00,PT5M,53.708,98.0885,77.0658,30.3502,9.3275
418,417,86,350,28,0.14,74.5,3.0,134,2026-10-12 14:20:00,PT5M,51.673,96.4145,75.2208,28.1252,6.9315
402,401,75,344,28,0.14,75.3,3.1,135,2026-10-12 14:25:00,PT5M,49.617,94.705,73.3471,25.8869,4.529
387,386,64,338,28,0.14,76.1,3.2,135,2026-10-12 14:30:00,PT5M,47.543,92.9665,71.4497,23.6363,2.1195
376,375,60,331,28,0.14,76.6,3.2,135,2026-10-12 14:35:00,PT5M,46.185,91.7935,70.1891,22.1809,0.5765
369,369,61,325,28,0.14,76.8,3.2,136,2026-10-12 14:40:00,PT5M,45.535,91.168,69.552,21.518,0.0
363,362,62,318,28,0.14,76.9,3.1,137,2026-10-12 14:45:00,PT5M,44.858,90.2395,68.7426,20.9734,0.0
356,355,63,311,28,0.14,77.1,3.1,137,2026-10-12 14:50:00,PT5M,44.217,89.279,67.9335,20.5005,0.0
349,348,64,304,28,0.14,77.2,3.0,138,2026-10-12 14:55:00,PT5M,43.546,88.325,67.1135,19.9785,0.0
342,341,66,297,28,0.14,77.4,3.0,139,2026-10-12 15:00:00,PT5M,42.847,87.3285,66.2579,19.4361,0.0
334,333,67,290,28,0.14,77.5,2.9,139,2026-10-12 15:05:00,PT5M,42.101,86.259,65.3417,18.8603,0.0
326,325,67,283,28,0.14,77.7,2.9,140,2026-10-12 15:10:00,PT5M,41.297,85.104,64.3529,18.2411,0.0
317,317,67,275,28,0.14,77.8,2.8,141,2026-10-12 15:15:00,PT5M,40.445,83.8775,63.3038,17.5862,0.0
309,308,68,268,28,0.14,78.0,2.8,142,2026-10-12 15:20:00,PT5M,39.551,82.5795,62.1972,16.9048,0.0
300,299,67,260,27,0.14,78.1,2.7,142,2026-10-12 15:25:00,PT5M,38.614,81.2025,61.0286,16.1994,0.0
291,290,67,252,27,0.14,78.3,2.7,143,2026-10-12 15:30:00,PT5M,37.624,79.7245,59.7818,15.4662,0.0
281,280,67,244,27,0.14,78.4,2.6,144,2026-10-12 15:35:00,PT5M,36.691,78.196,58.5354,14.8466,0.0
272,271,67,236,27,0.14,78.6,2.6,145,2026-10-12 15:40:00,PT5M,35.754,76.574,57.2379,14.2701,0.0
262,261,67,227,27,0.14,78.7,2.5,146,2026-10-12 15:45:00,PT5M,34.753,74.81,55.8353,13.6707,0.0
252,251,66,219,27,0.14,78.9,2.5,147,2026-10-12 15:50:00,PT5M,33.684,72.9095,54.3287,13.0393,0.0
242,241,65,210,27,0.14,79.1,2.4,148,2026-10-12 15:55:00,PT5M,32.544,70.8785,52.7197,12.3683,0.0
231,230,64,201,27,0.14,79.2,2.4,149,2026-10-12 16:00:00,PT5M,31.332,68.723,51.0112,11.6528,0.0
220,220,62,193,27,0.14,79.4,2.4,150,2026-10-12 16:05:00,PT5M,30.1,66.5335,49.2752,10.9248,0.0
210,209,61,183,27,0.14,79.5,2.3,151,2026-10-12 16:10:00,PT5M,28.902,63.489,47.1054,10.6986,0.0
199,198,60,174,27,0.14,79.7,2.3,153,2026-10-12 16:15:00,PT5M,27.517,59.717,44.4641,10.5699,0.0
187,187,58,165,27,0.14,79.8,2.2,154,2026-10-12 16:20:00,PT5M,25.992,55.8605,41.712,10.272,0.0
176,175,56,155,27,0.14,80.0,2.2,155,2026-10-12 16:25:00,PT5M,24.372,51.939,38.8807,9.8633,0.0
164,164,53,146,27,0.14,80.1,2.2,156,2026-10-12 16:30:00,PT5M,22.676,47.9235,35.9639,9.3881,0.0
153,152,49,137,27,0.14,80.3,2.1,158,2026-10-12 16:35:00,PT5M,20.899,43.887,32.9977,8.8003,0.0
141,140,45,127,27,0.14,80.5,2.1,159,2026-10-12 16:40:00,PT5M,19.063,39.8185,29.9868,8.1392,0.0
129,128,39,118,27,0.14,80.6,2.0,161,2026-10-12 16:45:00,PT5M,17.2,35.7665,26.9717,7.4283,0.0
116,116,32,108,27,0.14,80.8,2.0,162,2026-10-12 16:50:00,PT5M,15.262,31.711,23.9192,6.6048,0.0
103,103,21,98,27,0.14,80.9,2.0,164,2026-10-12 16:55:00,PT5M,13.262,27.703,20.8624,5.6616,0.0
91,91,9,89,27,0.14,81.1,2.0,165,2026-10-12 17:00:00,PT5M,11.241,23.77,17.8351,4.6469,0.0
78,79,0,79,27,0.14,81.3,1.9,167,2026-10-12 17:05:00,PT5M,9.321,19.9615,14.9212,3.7208,0.0
67,67,0,67,27,0.14,81.4,1.9,169,2026-10-12 17:10:00,PT5M,7.881,16.648,12.4951,3.2669,0.0
55,55,0,55,27,0.14,81.6,1.9,170,2026-10-12 17:15:00,PT5M,6.51,13.46,10.1678,2.8522,0.0
45,45,0,45,27,0.14,81.7,1.9,172,2026-10-12 17:20:00,PT5M,5.106,10.359,7.8707,2.3413,0.0
35,35,0,35,27,0.14,81.9,1.8,174,2026-10-12 17:25:00,PT5M,3.837,7.5775,5.8057,1.8683,0.0965
26,26,0,26,27,0.14,82.1,1.8,176,2026-10-12 17:30:00,PT5M,2.74,5.241,4.0563,1.4237,0.239
18,18,0,18,27,0.14,82.3,1.8,177,2026-10-12 17:35:00,PT5M,1.702,3.164,2.4715,0.9325,0.24
11,11,0,11,27,0.14,82.5,1.8,177,2026-10-12 17:40:00,PT5M,0.74,1.4185,1.0971,0.3829,0.0615
4,4,0,4,27,0.14,82.8,1.8,178,2026-10-12 17:45:00,PT5M,0.0,0.0625,0.0329,0.0,0.0
0,0,0,0,26,0.14,83.0,1.7,178,2026-10-12 17:50:00,PT5M,0.0,0.0,0.0,0.0,0.0
0,0,0,0,26,0.14,83.3,1.7,179,2026-10-12 17:55:00,PT5M,0.0,0.0,0.0,0.0,0.0
0,0,0,0,26,0.14,83.5,1.7,179,2026-10-12 18:00:00,PT5M,0.0,0.0,0.0,0.0,0.0
0,0,0,0,26,0.14,83.8,1.7,180,2026-10-12 18:05:00,PT5M,0.0,0.0,0.0,0.0,0.0
0,0,0,0,26,0.14,84.1,1.7,180,2026-10-12 18:10:00,PT5M,0.0,0.0,0.0,0.0,0.0
0,0,0,0,26,0.14,84.3,1.7,181,2026-10-12 18:15:00,PT5M,0.0,0.0,0.0,0.0,0.0
0,0,0,0,26,0.14,84.6,1.6,181,2026-10-12 18:20:00,PT5M,0.0,0.0,0.0,0.0,0.0
0,0,0,0,26,0.14,84.9,1.6,182,2026-10-12 18:25:00,PT5M,0.0,0.0,0.0,0.0,0.0
0,0,0,0,26,0.14,85.1,1.6,182,2026-10-12 18:30:00,PT5M,0.0,0.0,0.0,0.0,0.0
0,0,0,0,26,0.14,85.4,1.6,183,2026-10-12 18:35:00,PT5M,0.0,0.0,0.0,0.0,0.0
0,0,0,0,26,0.14,85.7,1.6,183,2026-10-12 18:40:00,PT5M,0.0,0.0,0.0,0.0,0.0
0,0,0,0,26,0.14,85.9,1.6,184,2026-10-12 18:45:00,PT5M,0.0,0.0,0.0,0.0,0.0
0,0,0,0,26,0.14,86.2,1.5,184,2026-10-12 18:50:00,PT5M,0.0,0.0,0.0,0.0,0.0
0,0,0,0,26,0.14,86.5,1.5,185,2026-10-12 18:55:00,PT5M,0.0,0.0,0.0,0.0,0.0
0,0,0,0,26,0.14,86.7,1.5,185,2026-10-12 19:00:00,PT5M,0.0,0.0,0.0,0.0,0.0
0,0,0,0,26,0.14,87.0,1.5,186,2026-10-12 19:05:00,PT5M,0.0,0.0,0.0,0.0,0.0
0,0,0,0,26,0.14,87.3,1.5,187,2026-10-12 19:10:00,PT5M,0.0,0.0,0.0,0.0,0.0
0,0,0,0,26,0.14,87.6,1.5,187,2026-10-12 19:15:00,PT5M,0.0,0.0,0.0,0.0,0.0
0,0,0,0,25,0.14,87.8,1.5,188,2026-10-12 19:20:00,PT5M,0.0,0.0,0.0,0.0,0.0
0,0,0,0,25,0.14,88.1,1.4,188,2026-10-12 19:25:00,PT5M,0.0,0.0,0.0,0.0,0.0
0,0,0,0,25,0.14,88.4,1.4,189,2026-10-12 19:30:00,PT5M,0.0,0.0,0.0,0.0,0.0
0,0,0,0,25,0.14,88.7,1.4,190,2026-10-12 19:35:00,PT5M,0.0,0.0,0.0,0.0,0.0
0,0,0,0,25,0.14,88.9,1.4,190,2026-10-12 19:40:00,PT5M,0.0,0.0,0.0,0.0,0.0
0,0,0,0,25,0.14,89.2,1.4,191,2026-10-12 19:45:00,PT5M,0.0,0.0,0.0,0.0,0.0
0,0,0,0,25,0.14,89.5,1.4,192,2026-10-12 19:50:00,PT5M,0.0,0.0,0.0,0.0,0.0
0,0,0,0,25,0.14,89.8,1.4,193,2026-10-12 19:55:00,PT5M,0.0,0.0,0.0,0.0,0.0
0,0,0,0,25,0.14,90.1,1.3,193,2026-10-12 20:00:00,PT5M,0.0,0.0,0.0,0.0,0.0
0,0,0,0,25,0.14,90.3,1.3,194,2026-10-12 20:05:00,PT5M,0.0,0.0,0.0,0.0,0.0
0,0,0,0,25,0.14,90.6,1.3,195,2026-10-12 20:10:00,PT5M,0.0,0.0,0.0,0.0,0.0
0,0,0,0,25,0.14,90.9,1.3,196,2026-10-12 20:15:00,PT5M,0.0,0.0,0.0,0.0,0.0
0,0,0,0,25,0.14,91.2,1.3,196,2026-10-12 20:20:00,PT5M,0.0,0.0,0.0,0.0,0.0
0,0,0,0,25,0.14,91.5,1.3,197,2026-10-12 20:25:00,PT5M,0.0,0.0,0.0,0.0,0.0
0,0,0,0,25,0.14,91.8,1.3,198,2026-10-12 20:30:00,PT5M,0.0,0.0,0.0,0.0,0.0
0,0,0,0,25,0.14,92.0,1.3,199,2026-10-12 20:35:00,PT5M,0.0,0.0,0.0,0.0,0.0
0,0,0,0,25,0.14,92.0,1.3,199,2026-10-12 20:40:00,PT5M,0.0,0.0,0.0,0.0,0.0
0,0,0,0,25,0.14,92.0,1.3,200,2026-10-12 20:45:00,PT5M,0.0,0.0,0.0,0.0,0.0
0,0,0,0,25,0.14,92.1,1.3,200,2026-10-12 20:50:00,PT5M,0.0,0.0,0.0,0.0,0.0
0,0,0,0,25,0.14,92.1,1.3,201,2026-10-12 20:55:00,PT5M,0.0,0.0,0.0,0.0,0.0
0,0,0,0,25,0.14,92.2,1.3,202,2026-10-12 21:00:00,PT5M,0.0,0.0,0.0,0.0,0.0
0,0,0,0,25,0.14,92.2,1.3,202,2026-10-12 21:05:00,PT5M,0.0,0.0,0.0,0.0,0.0
0,0,0,0,25,0.14,92.3,1.3,203,2026-10-12 21:10:00,PT5M,0.0,0.0,0.0,0.0,0.0
0,0,0,0,25,0.14,92.3,1.3,203,2026-10-12 21:15:00,PT5M,0.0,0.0,0.0,0.0,0.0
0,0,0,0,25,0.14,92.4,1.3,204,2026-10-12 21:20:00,PT5M,0.0,0.0,0.0,0.0,0.0
0,0,0,0,25,0.14,92.4,1.3,204,2026-10-12 21:25:00,PT5M,0.0,0.0,0.0,0.0,0.0
0,0,0,0,24,0.14,92.5,1.3,205,2026-10-12 21:30:00,PT5M,0.0,0.0,0.0,0.0,0.0
0,0,0,0,24,0.14,92.5,1.3,205,2026-10-12 21:35:00,PT5M,0.0,0.0,0.0,0.0,0.0
0,0,0,0,24,0.14,92.5,1.3,206,2026-10-12 21:40:00,PT5M,0.0,0.0,0.0,0.0,0.0
0,0,0,0,24,0.14,92.6,1.3,207,2026-10-12 21:45:00,PT5M,0.0,0.0,0.0,0.0,0.0
0,0,0,0,24,0.14,92.6,1.3,207,2026-10-12 21:50:00,PT5M,0.0,0.0,0.0,0.0,0.0
0,0,0,0,24,0.14,92.7,1.3,208,2026-10-12 21:55:00,PT5M,0.0,0.0,0.0,0.0,0.0
0,0,0,0,24,0.14,92.7,1.3,208,2026-10-12 22:00:00,PT5M,0.0,0.0,0.0,0.0,0.0
0,0,0,0,24,0.14,92.8,1.3,209,2026-10-12 22:05:00,PT5M,0.0,0.0,0.0,0.0,0.0
0,0,0,0,24,0.14,92.8,1.3,209,2026-10-12 22:10:00,PT5M,0.0,0.0,0.0,0.0,0.0
0,0,0,0,24,0.14,92.9,1.3,210,2026-10-12 22:15:00,PT5M,0.0,0.0,0.0,0.0,0.0
0,0,0,0,24,0.14,92.9,1.3,211,2026-10-12 22:20:00,PT5M,0.0,0.0,0.0,0.0,0.0
0,0,0,0,24,0.14,93.0,1.3,211,2026-10-12 22:25:00,PT5M,0.0,0.0,0.0,0.0,0.0
0,0,0,0,24,0.14,93.0,1.3,212,2026-10-12 22:30:00,PT5M,0.0,0.0,0.0,0.0,0.0
0,0,0,0,24,0.14,93.1,1.3,212,2026-10-12 22:35:00,PT5M,0.0,0.0,0.0,0.0,0.0
0,0,0,0,24,0.14,93.1,1.3,213,2026-10-12 22:40:00,PT5M,0.0,0.0,0.0,0.0,0.0
0,0,0,0,24,0.14,93.1,1.3,213,2026-10-12 22:45:00,PT5M,0.0,0.0,0.0,0.0,0.0
0,0,0,0,24,0.14,93.2,1.3,214,2026-10-12 22:50:00,PT5M,0.0,0.0,0.0,0.0,0.0
0,0,0,0,24,0.14,93.2,1.3,215,2026-10-12 22:55:00,PT5M,0.0,0.0,0.0,0.0,0.0
0,0,0,0,24,0.14,93.3,1.3,215,2026-10-12 23:00:00,PT5M,0.0,0.0,0.0,0.0,0.0
0,0,0,0,24,0.14,93.3,1.3,216,2026-10-12 23:05:00,PT5M,0.0,0.0,0.0,0.0,0.0
0,0,0,0,24,0.14,93.4,1.3,216,2026-10-12 23:10:00,PT5M,0.0,0.0,0.0,0.0,0.0
0,0,0,0,24,0.14,93.4,1.3,217,2026-10-12 23:15:00,PT5M,0.0,0.0,0.0,0.0,0.0
0,0,0,0,24,0.14,93.5,1.3,217,2026-10-12 23:20:00,PT5M,0.0,0.0,0.0,0.0,0.0
0,0,0,0,24,0.14,93.5,1.3,218,2026-10-12 23:25:00,PT5M,0.0,0.0,0.0,0.0,0.0
0,0,0,0,24,0.14,93.6,1.3,218,2026-10-12 23:30:00,PT5M,0.0,0.0,0.0,0.0,0.0
0,0,0,0,24,0.14,93.6,1.3,219,2026-10-12 23:35:00,PT5M,0.0,0.0,0.0,0.0,0.0
0,0,0,0,24,0.14,93.6,1.3,220,2026-10-12 23:40:00,PT5M,0.0,0.0,0.0,0.0,0.0
0,0,0,0,24,0.14,93.6,1.3,220,2026-10-12 23:45:00,PT5M,0.0,0.0,0.0,0.0,0.0
0,0,0,0,24,0.14,93.6,1.3,221,2026-10-12 23:50:00,PT5M,0.0,0.0,0.0,0.0,0.0
0,0,0,0,24,0.14,93.7,1.2,221,2026-10-12 23:55:00,PT5M,0.0,0.0,0.0,0.0,0.0
0,0,0,0,24,0.14,93.7,1.2,222,2026-10-13 00:00:00,PT5M,0.0,0.0,0.0,0.0,0.0
0,0,0,0,24,0.14,93.7,1.2,223,2026-10-13 00:05:00,PT5M,0.0,0.0,0.0,0.0,0.0
0,0,0,0,24,0.14,93.7,1.2,223,2026-10-13 00:10:00,PT5M,0.0,0.0,0.0,0.0,0.0
0,0,0,0,24,0.14,93.7,1.2,224,2026-10-13 00:15:00,PT5M,0.0,0.0,0.0,0.0,0.0
0,0,0,0,24,0.14,93.7,1.2,224,2026-10-13 00:20:00,PT5M,0.0,0.0,0.0,0.0,0.0
0,0,0,0,24,0.14,93.7,1.2,225,2026-10-13 00:25:00,PT5M,0.0,0.0,0.0,0.0,0.0
0,0,0,0,24,0.14,93.8,1.2,226,2026-10-13 00:30:00,PT5M,0.0,0.0,0.0,0.0,0.0
0,0,0,0,24,0.14,93.8,1.2,226,2026-10-13 00:35:00,PT5M,0.0,0.0,0.0,0.0,0.0
0,0,0,0,24,0.14,93.8,1.2,227,2026-10-13 00:40:00,PT5M,0.0,0.0,0.0,0.0,0.0
0,0,0,0,24,0.14,93.8,1.2,228,2026-10-13 00:45:00,PT5M,0.0,0.0,0.0,0.0,0.0
0,0,0,0,24,0.14,93.8,1.2,228,2026-10-13 00:50:00,PT5M,0.0,0.0,0.0,0.0,0.0
0,0,0,0,24,0.14,93.8,1.2,229,2026-10-13 00:55:00,PT5M,0.0,0.0,0.0,0.0,0.0
0,0,0,0,24,0.14,93.8,1.2,230,2026-10-13 01:00:00,PT5M,0.0,0.0,0.0,0.0,0.0
0,0,0,0,24,0.14,93.9,1.2,231,2026-10-13 01:05:00,PT5M,0.0,0.0,0.0,0.0,0.0
0,0,0,0,24,0.14,93.9,1.2,231,2026-10-13 01:10:00,PT5M,0.0,0.0,0.0,0.0,0.0
0,0,0,0,24,0.14,93.9,1.2,232,2026-10-13 01:15:00,PT5M,0.0,0.0,0.0,0.0,0.0
0,0,0,0,24,0.14,93.9,1.2,233,2026-10-13 01:20:00,PT5M,0.0,0.0,0.0,0.0,0.0
0,0,0,0,24,0.14,93.9,1.2,233,2026-10-13 01:25:00,PT5M,0.0,0.0,0.0,0.0,0.0
0,0,0,0,24,0.14,93.9,1.1,234,2026-10-13 01:30:00,PT5M,0.0,0.0,0.0,0.0,0.0
0,0,0,0,24,0.14,94.0,1.1,235,2026-10-13 01:35:00,PT5M,0.0,0.0,0.0,0.0,0.0
0,0,0,0,24,0.14,94.0,1.1,236,2026-10-13 01:40:00,PT5M,0.0,0.0,0.0,0.0,0.0
0,0,0,0,24,0.14,94.0,1.1,236,2026-10-13 01:45:00,PT5M,0.0,0.0,0.0,0.0,0.0
0,0,0,0,24,0.14,94.0,1.1,237,2026-10-13 01:50:00,PT5M,0.0,0.0,0.0,0.0,0.0
0,0,0,0,24,0.14,94.0,1.1,238,2026-10-13 01:55:00,PT5M,0.0,0.0,0.0,0.0,0.0
0,0,0,0,24,0.14,94.0,1.1,239,2026-10-13 02:00:00,PT5M,0.0,0.0,0.0,0.0,0.0
0,0,0,0,24,0.14,94.0,1.1,239,2026-10-13 02:05:00,PT5M,0.0,0.0,0.0,0.0,0.0
0,0,0,0,24,0.14,94.1,1.1,240,2026-10-13 02:10:00,PT5M,0.0,0.0,0.0,0.0,0.0
0,0,0,0,24,0.14,94.1,1.1,241,2026-10-13 02:15:00,PT5M,0.0,0.0,0.0,0.0,0.0
0,0,0,0,24,0.14,94.1,1.1,242,2026-10-13 02:20:00,PT5M,0.0,0.0,0.0,0.0,0.0
0,0,0,0,24,0.14,94.1,1.1,242,2026-10-13 02:25:00,PT5M,0.0,0.0,0.0,0.0,0.0
0,0,0,0,24,0.14,94.1,1.1,243,2026-10-13 02:30:00,PT5M,0.0,0.0,0.0,0.0,0.0
0,0,0,0,24,0.14,94.1,1.1,244,2026-10-13 02:35:00,PT5M,0.0,0.0,0.0,0.0,0.0
0,0,0,0,24,0.14,94.1,1.1,244,2026-10-13 02:40:00,PT5M,0.0,0.0,0.0,0.0,0.0
0,0,0,0,24,0.14,94.1,1.1,244,2026-10-13 02:45:00,PT5M,0.0,0.0,0.0,0.0,0.0
0,0,0,0,24,0.14,94.1,1.1,244,2026-10-13 02:50:00,PT5M,0.0,0.0,0.0,0.0,0.0
0,0,0,0,24,0.14,94.1,1.1,244,2026-10-13 02:55:00,PT5M,0.0,0.0,0.0,0.0,0.0
0,0,0,0,24,0.14,94.1,1.1,245,2026-10-13 03:00:00,PT5M,0.0,0.0,0.0,0.0,0.0
0,0,0,0,24,0.14,94.1,1.1,245,2026-10-13 03:05:00,PT5M,0.0,0.0,0.0,0.0,0.0
0,0,0,0,24,0.14,94.1,1.1,245,2026-10-13 03:10:00,PT5M,0.0,0.0,0.0,0.0,0.0
0,0,0,0,24,0.14,94.1,1.1,245,2026-10-13 03:15:00,PT5M,0.0,0.0,0.0,0.0,0.0
0,0,0,0,24,0.14,94.1,1.1,245,2026-10-13 03:20:00,PT5M,0.0,0.0,0.0,0.0,0.0
0,0,0,0,24,0.14,94.1,1.1,246,2026-10-13 03:25:00,PT5M,0.0,0.0,0.0,0.0,0.0
0,0,0,0,24,0.14,94.1,1.1,246,2026-10-13 03:30:00,PT5M,0.0,0.0,0.0,0.0,0.0
0,0,0,0,24,0.14,94.1,1.1,246,2026-10-13 03:35:00,PT5M,0.0,0.0,0.0,0.0,0.0
0,0,0,0,24,0.14,94.1,1.1,246,2026-10-13 03:40:00,PT5M,0.0,0.0,0.0,0.0,0.0
0,0,0,0,24,0.14,94.1,1.0,246,2026-10-13 03:45:00,PT5M,0.0,0.0,0.0,0.0,0.0
0,0,0,0,24,0.14,94.1,1.0,247,2026-10-13 03:50:00,PT5M,0.0,0.0,0.0,0.0,0.0
0,0,0,0,24,0.14,94.1,1.0,247,2026-10-13 03:55:00,PT5M,0.0,0.0,0.0,0.0,0.0
0,0,0,0,24,0.14,94.1,1.0,247,2026-10-13 04:00:00,PT5M,0.0,0.0,0.0,0.0,0.0
0,0,0,0,24,0.14,94.1,1.0,247,2026-10-13 04:05:00,PT5M,0.0,0.0,0.0,0.0,0.0
0,0,0,0,24,0.14,94.1,1.0,248,2026-10-13 04:10:00,PT5M,0.0,0.0,0.0,0.0,0.0
0,0,0,0,24,0.14,94.1,1.0,248,2026-10-13 04:15:00,PT5M,0.0,0.0,0.0,0.0,0.0
0,0,0,0,24,0.14,94.1,1.0,248,2026-10-13 04:20:00,PT5M,0.0,0.0,0.0,0.0,0.0
0,0,0,0,24,0.14,94.1,1.0,248,2026-10-13 04:25:00,PT5M,0.0,0.0,0.0,0.0,0.0
0,0,0,0,24,0.14,94.1,1.0,248,2026-10-13 04:30:00,PT5M,0.0,0.0,0.0,0.0,0.0
0,0,0,0,24,0.14,94.1,1.0,249,2026-10-13 04:35:00,PT5M,0.0,0.0,0.0,0.0,0.0
0,0,0,0,24,0.14,94.1,1.0,249,2026-10-13 04:40:00,PT5M,0.0,0.0,0.0,0.0,0.0
0,0,0,0,24,0.14,94.1,1.0,249,2026-10-13 04:45:00,PT5M,0.0,0.0,0.0,0.0,0.0
0,0,0,0,23,0.14,94.1,1.0,249,2026-10-13 04:50:00,PT5M,0.0,0.0,0.0,0.0,0.0
0,0,0,0,23,0.14,94.1,1.0,250,2026-10-13 04:55:00,PT5M,0.0,0.0,0.0,0.0,0.0
0,0,0,0,23,0.14,94.1,1.0,250,2026-10-13 05:00:00,PT5M,0.0,0.0,0.0,0.0,0.0
0,0,0,0,23,0.14,94.1,1.0,250,2026-10-13 05:05:00,PT5M,0.0,0.0,0.0,0.0,0.0
0,0,0,0,23,0.14,94.1,1.0,250,2026-10-13 05:10:00,PT5M,0.0,0.0,0.0,0.0,0.0
0,0,0,0,23,0.14,94.1,1.0,251,2026-10-13 05:15:00,PT5M,0.0,0.0,0.0,0.0,0.0
0,0,0,0,23,0.14,94.1,1.0,251,2026-10-13 05:20:00,PT5M,0.0,0.0,0.0,0.0,0.0
0,0,0,0,23,0.14,94.1,1.0,251,2026-10-13 05:25:00,PT5M,0.0,0.0,0.0,0.0,0.0
0,0,0,0,23,0.14,94.1,1.0,251,2026-10-13 05:30:00,PT5M,0.0,0.0,0.0,0.0,0.0
0,0,0,0,24,0.14,93.8,1.0,251,2026-10-13 05:35:00,PT5M,0.0,0.0,0.0,0.0,0.0
0,0,0,0,24,0.14,93.1,1.0,250,2026-10-13 05:40:00,PT5M,0.0,0.0,0.0,0.0,0.0
0,0,0,0,24,0.14,92.4,1.0,249,2026-10-13 05:45:00,PT5M,0.0,0.0,0.0,0.0,0.0
0,0,0,0,24,0.14,91.7,1.0,248,2026-10-13 05:50:00,PT5M,0.0,0.0,0.0,0.0,0.0
0,0,0,0,24,0.14,91.0,1.0,247,2026-10-13 05:55:00,PT5M,0.0,0.0,0.0,0.0,0.0
5,5,0,5,24,0.14,90.3,1.0,246,2026-10-13 06:00:00,PT5M,0.039,0.075,0.0579,0.0201,0.003
14,14,3,14,24,0.14,89.6,1.0,245,2026-10-13 06:05:00,PT5M,1.27,1.9445,1.625,0.915,0.5955
24,25,27,22,24,0.14,89.0,1.0,244,2026-10-13 06:10:00,PT5M,2.684,4.0075,3.3806,1.9874,1.3605
37,36,68,30,25,0.14,88.3,1.0,243,2026-10-13 06:15:00,PT5M,4.682,7.0875,5.948,3.416,2.2765
50,48,103,38,25,0.14,87.6,1.0,242,2026-10-13 06:20:00,PT5M,7.047,10.711,8.9754,5.1186,3.383
64,62,131,45,25,0.14,87.0,1.0,241,2026-10-13 06:25:00,PT5M,9.733,14.772,12.3851,7.0809,4.694
79,76,161,53,25,0.14,86.3,1.0,240,2026-10-13 06:30:00,PT5M,12.91,19.469,16.362,9.458,6.351
95,92,192,60,25,0.14,85.7,1.1,239,2026-10-13 06:35:00,PT5M,16.325,24.4715,20.6126,12.0374,8.1785
112,108,221,66,25,0.14,85.1,1.1,238,2026-10-13 06:40:00,PT5M,19.897,29.627,25.018,14.776,10.167
130,125,249,73,25,0.14,84.4,1.1,237,2026-10-13 06:45:00,PT5M,23.652,34.9335,29.5895,17.7145,12.3705
148,142,276,79,25,0.14,83.8,1.1,236,2026-10-13 06:50:00,PT5M,27.574,40.4155,34.3326,20.8154,14.7325
167,160,302,85,26,0.14,83.2,1.1,235,2026-10-13 06:55:00,PT5M,31.627,46.0945,39.2413,24.0127,17.1595
185,178,322,91,26,0.14,82.6,1.1,235,2026-10-13 07:00:00,PT5M,35.618,51.8015,44.1355,27.1005,19.4345
203,196,340,97,26,0.14,82.0,1.1,234,2026-10-13 07:05:00,PT5M,39.754,57.8265,49.2657,30.2423,21.6815
223,215,361,103,26,0.14,81.4,1.1,233,2026-10-13 07:10:00,PT5M,44.21,64.325,54.7967,33.6233,24.095
242,234,380,108,26,0.14,80.8,1.1,232,2026-10-13 07:15:00,PT5M,48.714,70.9025,60.392,37.036,26.5255
261,253,399,113,26,0.14,80.2,1.2,231,2026-10-13 07:20:00,PT5M,53.224,77.5055,66.0035,40.4445,28.9425
281,272,416,117,26,0.14,79.6,1.2,231,2026-10-13 07:25:00,PT5M,57.741,84.1765,71.6542,43.8278,31.3055
301,291,432,122,27,0.14,79.0,1.2,230,2026-10-13 07:30:00,PT5M,62.266,90.825,77.2968,47.2352,33.707
320,310,447,127,27,0.14,78.4,1.2,229,2026-10-13 07:35:00,PT5M,66.82,97.548,82.9924,50.6476,36.092
339,330,462,131,27,0.14,77.9,1.2,229,2026-10-13 07:40:00,PT5M,70.938,100.0,88.1272,53.7488,38.278
359,349,476,135,27,0.14,77.3,1.2,228,2026-10-13 07:45:00,PT5M,73.183,100.0,90.7509,55.6151,39.8035
378,368,489,138,27,0.14,76.7,1.2,227,2026-10-13 07:50:00,PT5M,75.321,100.0,93.2399,57.4021,41.2745
398,387,502,142,27,0.14,76.2,1.2,226,2026-10-13 07:55:00,PT5M,77.342,100.0,95.5828,59.1012,42.684
417,405,514,145,27,0.14,75.6,1.3,226,2026-10-13 08:00:00,PT5M,79.238,100.0,97.768,60.708,44.0305
436,424,526,149,27,0.14,75.1,1.3,225,2026-10-13 08:05:00,PT5M,80.994,100.0,99.7761,62.2119,45.3075
454,443,537,152,28,0.14,74.5,1.3,225,2026-10-13 08:10:00,PT5M,82.598,100.0,100.0,63.6057,46.512
473,461,547,155,28,0.14,74.0,1.3,224,2026-10-13 08:15:00,PT5M,84.043,100.0,100.0,64.8859,47.644
491,479,557,158,28,0.14,73.4,1.3,223,2026-10-13 08:20:00,PT5M,85.38,100.0,100.0,66.1135,48.773
509,497,566,161,28,0.14,72.9,1.3,223,2026-10-13 08:25:00,PT5M,86.507,100.0,100.0,67.1628,49.7525
527,514,574,163,28,0.14,72.4,1.3,222,2026-10-13 08:30:00,PT5M,87.55,100.0,100.0,68.1493,50.688
544,531,582,166,28,0.14,71.8,1.3,222,2026-10-13 08:35:00,PT5M,88.524,100.0,100.0,69.0825,51.5845
562,548,590,169,28,0.14,71.2,1.3,222,2026-10-13 08:40:00,PT5M,89.436,100.0,100.0,69.9661,52.4425
578,565,597,171,28,0.14,70.6,1.3,223,2026-10-13 08:45:00,PT5M,90.291,100.0,100.0,70.8016,53.2605
595,581,604,174,29,0.14,70.0,1.3,223,2026-10-13 08:50:00,PT5M,91.098,100.0,100.0,71.5991,54.0495
611,597,611,176,29,0.14,69.5,1.3,223,2026-10-13 08:55:00,PT5M,91.859,100.0,100.0,72.3596,54.8095
627,613,617,178,29,0.14,68.9,1.3,223,2026-10-13 09:00:00,PT5M,92.577,100.0,100.0,73.0578,55.49
643,629,625,180,29,0.14,68.3,1.3,224,2026-10-13 09:05:00,PT5M,93.357,100.0,100.0,73.8589,56.31
659,645,633,181,29,0.14,67.8,1.3,224,2026-10-13 09:10:00,PT5M,94.121,100.0,100.0,74.7261,57.27
675,660,640,182,29,0.14,67.2,1.3,224,2026-10-13 09:15:00,PT5M,94.847,100.0,100.0,75.6278,58.33
690,675,648,183,29,0.14,66.7,1.3,224,2026-10-13 09:20:00,PT5M,95.537,100.0,100.0,76.4899,59.347
705,690,655,184,29,0.14,66.1,1.3,225,2026-10-13 09:25:00,PT5M,96.192,100.0,100.0,77.3136,60.3225
720,704,662,184,30,0.14,65.6,1.3,225,2026-10-13 09:30:00,PT5M,96.815,100.0,100.0,78.1014,61.2585
