gti,ghi,dni,dhi,air_temp,albedo,relative_humidity,wind_speed_10m,wind_direction_10m,period_end,period,power,power_p10,power_p25,power_p75,power_p90
544,546,3,543,32,0.14,59.7,8.0,228,2026-09-24 11:05:00,PT5M,64.665,73.473,69.3007,60.0293,55.857
515,516,0,516,32,0.14,59.4,8.1,228,2026-09-24 11:10:00,PT5M,61.428,68.6525,65.2303,57.6257,54.2035
507,508,0,508,32,0.14,59.2,8.1,228,2026-09-24 11:15:00,PT5M,60.571,66.069,63.4646,57.6774,55.073
488,489,0,489,32,0.14,58.9,8.2,228,2026-09-24 11:20:00,PT5M,58.441,64.499,61.6294,55.2526,52.383
490,491,0,491,32,0.14,58.7,8.3,228,2026-09-24 11:25:00,PT5M,58.686,69.527,64.3917,52.9803,47.845
502,504,0,504,32,0.14,58.4,8.3,228,2026-09-24 11:30:00,PT5M,60.112,75.2665,68.0879,52.1361,44.9575
515,516,0,516,32,0.14,58.3,8.4,228,2026-09-24 11:35:00,PT5M,61.533,79.0195,70.7363,52.3297,44.0465
516,517,0,517,32,0.14,58.3,8.4,228,2026-09-24 11:40:00,PT5M,61.7,81.8785,72.3201,51.0799,41.5215
517,519,0,519,32,0.14,58.2,8.4,228,2026-09-24 11:45:00,PT5M,61.828,86.025,74.5631,49.0929,37.631
496,498,0,498,32,0.14,58.2,8.4,228,2026-09-24 11:50:00,PT5M,59.452,86.484,73.6791,45.2249,32.42
475,477,0,477,32,0.14,58.2,8.4,228,2026-09-24 11:55:00,PT5M,57.064,84.573,71.5422,42.5858,29.555
444,445,0,445,32,0.14,58.2,8.4,228,2026-09-24 12:00:00,PT5M,53.482,81.272,68.1081,38.8559,25.692
414,415,0,415,32,0.14,58.1,8.4,228,2026-09-24 12:05:00,PT5M,49.944,74.49,62.8627,37.0253,25.398
374,376,0,376,32,0.14,58.1,8.4,229,2026-09-24 12:10:00,PT5M,45.337,70.286,58.4678,32.2062,20.388
337,338,0,338,32,0.14,58.1,8.4,229,2026-09-24 12:15:00,PT5M,40.862,60.647,51.275,30.449,21.077
318,319,0,319,32,0.14,58.0,8.4,229,2026-09-24 12:20:00,PT5M,38.626,56.798,48.1901,29.0619,20.454
300,300,0,300,32,0.14,58.0,8.4,229,2026-09-24 12:25:00,PT5M,36.418,51.5925,44.4044,28.4316,21.2435
290,291,0,291,32,0.14,58.0,8.4,229,2026-09-24 12:30:00,PT5M,35.256,46.4575,41.1514,29.3606,24.0545
280,281,0,281,32,0.14,57.9,8.4,229,2026-09-24 12:35:00,PT5M,34.093,44.818,39.7376,28.4484,23.368
271,272,0,272,32,0.14,57.6,8.4,229,2026-09-24 12:40:00,PT5M,32.926,44.0235,38.7667,27.0853,21.8285
261,262,0,262,32,0.14,57.4,8.5,229,2026-09-24 12:45:00,PT5M,31.756,42.79,37.5633,25.9487,20.722
252,252,0,252,32,0.14,57.2,8.5,230,2026-09-24 12:50:00,PT5M,30.56,43.819,37.5383,23.5817,17.301
272,273,0,273,32,0.14,56.9,8.5,230,2026-09-24 12:55:00,PT5M,32.966,47.8205,40.784,25.148,18.1115
285,286,0,286,32,0.14,56.7,8.6,230,2026-09-24 13:00:00,PT5M,34.534,51.432,43.4275,25.6405,17.636
306,307,0,307,32,0.14,56.5,8.6,230,2026-09-24 13:05:00,PT5M,37.024,55.2235,46.6025,27.4455,18.8245
327,328,0,328,32,0.14,56.3,8.6,231,2026-09-24 13:10:00,PT5M,39.453,60.397,50.476,28.43,18.509
341,342,0,342,32,0.14,56.0,8.7,231,2026-09-24 13:15:00,PT5M,41.099,62.6575,52.4454,29.7526,19.5405
362,363,0,363,32,0.14,55.8,8.7,231,2026-09-24 13:20:00,PT5M,43.501,66.1165,55.4037,31.5983,20.8855
383,384,3,381,32,0.14,55.6,8.8,231,2026-09-24 13:25:00,PT5M,45.898,69.983,58.5741,33.2219,21.813
399,400,10,390,32,0.14,55.4,8.8,231,2026-09-24 13:30:00,PT5M,47.717,70.21,59.5552,35.8788,25.224
418,419,21,400,32,0.14,55.3,8.8,232,2026-09-24 13:35:00,PT5M,50.014,72.515,61.8564,38.1716,27.513
439,440,37,406,32,0.14,55.4,8.8,232,2026-09-24 13:40:00,PT5M,52.249,75.3255,64.3943,40.1037,29.1725
454,454,53,407,32,0.14,55.5,8.8,232,2026-09-24 13:45:00,PT5M,54.168,78.465,66.9557,41.3803,29.871
470,471,75,405,32,0.14,55.6,8.8,233,2026-09-24 13:50:00,PT5M,56.439,82.1435,69.9675,42.9105,30.7345
485,485,99,399,32,0.14,55.7,8.8,233,2026-09-24 13:55:00,PT5M,58.552,86.0285,73.0131,44.0909,31.0755
496,496,133,383,32,0.14,55.8,8.8,234,2026-09-24 14:00:00,PT5M,60.553,89.5775,75.8288,45.2772,31.5285
506,505,164,367,32,0.14,55.9,8.8,234,2026-09-24 14:05:00,PT5M,62.395,93.294,78.6574,46.1326,31.496
511,511,191,352,32,0.14,56.1,8.8,234,2026-09-24 14:10:00,PT5M,63.82,96.637,81.0918,46.5482,31.003
515,514,216,337,32,0.14,56.2,8.8,235,2026-09-24 14:15:00,PT5M,65.129,99.972,83.4671,46.7909,30.286
517,516,240,322,32,0.14,56.3,8.8,235,2026-09-24 14:20:00,PT5M,66.274,100.0,85.5042,47.0438,29.736
499,498,222,321,32,0.14,56.4,8.8,236,2026-09-24 14:25:00,PT5M,64.1,100.0,83.6802,44.5198,26.897
480,480,206,318,32,0.14,56.5,8.8,236,2026-09-24 14:30:00,PT5M,61.909,99.7635,81.8321,41.9859,24.0545
465,465,195,315,32,0.14,56.7,8.8,236,2026-09-24 14:35:00,PT5M,60.232,98.573,80.4111,40.0529,21.891
454,453,190,310,32,0.14,57.1,8.7,236,2026-09-24 14:40:00,PT5M,59.074,97.749,79.4289,38.7191,20.399
442,441,184,304,32,0.14,57.6,8.7,235,2026-09-24 14:45:00,PT5M,57.885,96.896,78.4168,37.3532,18.874
430,429,179,299,31,0.14,58.0,8.6,235,2026-09-24 14:50:00,PT5M,56.663,96.0125,77.3729,35.9531,17.3135
417,417,173,293,31,0.14,58.4,8.6,234,2026-09-24 14:55:00,PT5M,55.409,95.099,76.2981,34.5199,15.719
405,405,168,288,31,0.14,58.8,8.6,234,2026-09-24 15:00:00,PT5M,54.174,94.2005,75.2402,33.1078,14.1475
393,393,164,281,31,0.14,59.2,8.5,234,2026-09-24 15:05:00,PT5M,52.94,93.301,74.1823,31.6977,12.579
381,381,159,275,31,0.14,59.7,8.5,233,2026-09-24 15:10:00,PT5M,51.672,92.1515,72.9767,30.3673,11.1925
369,369,154,269,31,0.14,60.1,8.5,233,2026-09-24 15:15:00,PT5M,50.369,90.865,71.6823,29.0557,9.873
357,357,149,262,31,0.14,60.5,8.4,232,2026-09-24 15:20:00,PT5M,49.018,89.5205,70.3348,27.7012,8.5155
344,344,144,256,31,0.14,61.0,8.4,232,2026-09-24 15:25:00,PT5M,47.624,88.1195,68.9371,26.3109,7.1285
332,332,138,249,31,0.14,61.4,8.3,232,2026-09-24 15:30:00,PT5M,46.187,86.645,67.4803,24.8937,5.729
319,319,134,241,30,0.14,61.9,8.3,231,2026-09-24 15:35:00,PT5M,44.782,85.147,66.0264,23.5376,4.417
307,307,130,234,30,0.14,62.3,8.2,231,2026-09-24 15:40:00,PT5M,43.421,83.6055,64.5704,22.2716,3.2365
295,295,125,226,30,0.14,62.8,8.1,230,2026-09-24 15:45:00,PT5M,42.019,81.921,63.0197,21.0183,2.117
283,283,121,219,30,0.14,63.3,8.1,230,2026-09-24 15:50:00,PT5M,40.557,80.099,61.3682,19.7458,1.015
270,270,116,211,30,0.14,63.8,8.0,229,2026-09-24 15:55:00,PT5M,39.036,78.146,59.6199,18.4521,0.0
258,258,111,203,30,0.14,64.3,7.9,229,2026-09-24 16:00:00,PT5M,37.46,76.077,57.7844,17.1356,0.0
245,245,106,195,30,0.14,64.8,7.8,228,2026-09-24 16:05:00,PT5M,35.831,73.906,55.8701,15.7919,0.0
232,232,100,187,30,0.14,65.3,7.8,228,2026-09-24 16:10:00,PT5M,34.378,71.801,54.074,14.682,0.0
220,220,95,179,30,0.14,65.8,7.7,227,2026-09-24 16:15:00,PT5M,32.654,69.453,52.0216,13.2864,0.0
207,207,89,170,30,0.14,66.4,7.6,227,2026-09-24 16:20:00,PT5M,30.71,65.327,48.9292,12.4908,0.0
195,195,83,162,29,0.14,66.9,7.5,226,2026-09-24 16:25:00,PT5M,28.657,61.02,45.6899,11.6241,0.0
182,182,77,153,29,0.14,67.4,7.5,226,2026-09-24 16:30:00,PT5M,26.573,56.754,42.4575,10.6885,0.0
170,170,70,145,29,0.14,67.8,7.4,225,2026-09-24 16:35:00,PT5M,24.461,52.469,39.2018,9.7202,0.0
157,157,63,136,29,0.14,68.2,7.4,225,2026-09-24 16:40:00,PT5M,22.337,48.169,35.9326,8.7414,0.0
145,145,55,128,29,0.14,68.6,7.3,225,2026-09-24 16:45:00,PT5M,20.201,43.861,32.6534,7.7486,0.0
132,133,46,119,29,0.14,68.9,7.3,224,2026-09-24 16:50:00,PT5M,18.09,39.5915,29.4064,6.7736,0.0
120,120,38,110,29,0.14,69.3,7.2,224,2026-09-24 16:55:00,PT5M,16.027,35.397,26.2216,5.8324,0.0
108,108,27,101,29,0.14,69.7,7.2,223,2026-09-24 17:00:00,PT5M,13.953,31.2545,23.0589,4.8471,0.0
95,95,14,92,29,0.14,70.0,7.2,223,2026-09-24 17:05:00,PT5M,11.917,27.245,19.9842,3.8498,0.0
83,83,0,83,29,0.14,70.4,7.1,222,2026-09-24 17:10:00,PT5M,9.875,23.2985,16.9399,2.8101,0.0
71,71,0,71,29,0.14,70.8,7.1,222,2026-09-24 17:15:00,PT5M,8.374,19.895,14.4376,2.3104,0.0
60,60,0,60,28,0.14,71.2,7.0,221,2026-09-24 17:20:00,PT5M,7.039,16.616,12.0794,1.9986,0.0
49,50,0,50,28,0.14,71.5,7.0,221,2026-09-24 17:25:00,PT5M,5.743,13.382,9.7635,1.7225,0.0
40,40,0,40,28,0.14,71.9,7.0,221,2026-09-24 17:30:00,PT5M,4.427,10.208,7.4696,1.3844,0.0
31,31,0,31,28,0.14,72.3,7.0,221,2026-09-24 17:35:00,PT5M,3.266,7.423,5.4539,1.0781,0.0
22,22,0,22,28,0.14,72.6,7.0,221,2026-09-24 17:40:00,PT5M,2.231,4.902,3.6368,0.8252,0.0
15,15,0,15,28,0.14,72.9,7.0,221,2026-09-24 17:45:00,PT5M,1.276,2.726,2.0391,0.5129,0.0
8,8,0,8,28,0.14,73.2,7.0,222,2026-09-24 17:50:00,PT5M,0.417,1.021,0.7349,0.0991,0.0
3,3,0,3,28,0.14,73.6,7.0,222,2026-09-24 17:55:00,PT5M,0.0,0.0,0.0,0.0,0.0
0,0,0,0,28,0.14,73.9,7.0,222,2026-09-24 18:00:00,PT5M,0.0,0.0,0.0,0.0,0.0
0,0,0,0,28,0.14,74.2,7.1,223,2026-09-24 18:05:00,PT5M,0.0,0.0,0.0,0.0,0.0
0,0,0,0,28,0.14,74.5,7.1,223,2026-09-24 18:10:00,PT5M,0.0,0.0,0.0,0.0,0.0
0,0,0,0,28,0.14,74.9,7.1,223,2026-09-24 18:15:00,PT5M,0.0,0.0,0.0,0.0,0.0
0,0,0,0,28,0.14,75.2,7.1,224,2026-09-24 18:20:00,PT5M,0.0,0.0,0.0,0.0,0.0
0,0,0,0,27,0.14,75.5,7.1,224,2026-09-24 18:25:00,PT5M,0.0,0.0,0.0,0.0,0.0
0,0,0,0,27,0.14,75.8,7.1,224,2026-09-24 18:30:00,PT5M,0.0,0.0,0.0,0.0,0.0
0,0,0,0,27,0.14,76.1,7.1,224,2026-09-24 18:35:00,PT5M,0.0,0.0,0.0,0.0,0.0
0,0,0,0,27,0.14,76.4,7.1,224,2026-09-24 18:40:00,PT5M,0.0,0.0,0.0,0.0,0.0
0,0,0,0,27,0.14,76.7,7.0,225,2026-09-24 18:45:00,PT5M,0.0,0.0,0.0,0.0,0.0
0,0,0,0,27,0.14,76.9,7.0,225,2026-09-24 18:50:00,PT5M,0.0,0.0,0.0,0.0,0.0
0,0,0,0,27,0.14,77.2,6.9,225,2026-09-24 18:55:00,PT5M,0.0,0.0,0.0,0.0,0.0
0,0,0,0,27,0.14,77.5,6.9,225,2026-09-24 19:00:00,PT5M,0.0,0.0,0.0,0.0,0.0
0,0,0,0,27,0.14,77.7,6.8,225,2026-09-24 19:05:00,PT5M,0.0,0.0,0.0,0.0,0.0
0,0,0,0,27,0.14,78.0,6.7,225,2026-09-24 19:10:00,PT5M,0.0,0.0,0.0,0.0,0.0
0,0,0,0,27,0.14,78.3,6.7,225,2026-09-24 19:15:00,PT5M,0.0,0.0,0.0,0.0,0.0
0,0,0,0,27,0.14,78.5,6.6,225,2026-09-24 19:20:00,PT5M,0.0,0.0,0.0,0.0,0.0
0,0,0,0,27,0.14,78.8,6.6,225,2026-09-24 19:25:00,PT5M,0.0,0.0,0.0,0.0,0.0
0,0,0,0,27,0.14,79.1,6.5,225,2026-09-24 19:30:00,PT5M,0.0,0.0,0.0,0.0,0.0
0,0,0,0,27,0.14,79.2,6.5,225,2026-09-24 19:35:00,PT5M,0.0,0.0,0.0,0.0,0.0
0,0,0,0,27,0.14,79.2,6.5,225,2026-09-24 19:40:00,PT5M,0.0,0.0,0.0,0.0,0.0
0,0,0,0,27,0.14,79.2,6.5,225,2026-09-24 19:45:00,PT5M,0.0,0.0,0.0,0.0,0.0
0,0,0,0,27,0.14,79.2,6.5,225,2026-09-24 19:50:00,PT5M,0.0,0.0,0.0,0.0,0.0
0,0,0,0,27,0.14,79.2,6.5,225,2026-09-24 19:55:00,PT5M,0.0,0.0,0.0,0.0,0.0
0,0,0,0,27,0.14,79.2,6.4,225,2026-09-24 20:00:00,PT5M,0.0,0.0,0.0,0.0,0.0
0,0,0,0,27,0.14,79.2,6.4,225,2026-09-24 20:05:00,PT5M,0.0,0.0,0.0,0.0,0.0
0,0,0,0,27,0.14,79.2,6.4,225,2026-09-24 20:10:00,PT5M,0.0,0.0,0.0,0.0,0.0
0,0,0,0,27,0.14,79.2,6.4,225,2026-09-24 20:15:00,PT5M,0.0,0.0,0.0,0.0,0.0
0,0,0,0,27,0.14,79.2,6.4,225,2026-09-24 20:20:00,PT5M,0.0,0.0,0.0,0.0,0.0
0,0,0,0,26,0.14,79.2,6.4,225,2026-09-24 20:25:00,PT5M,0.0,0.0,0.0,0.0,0.0
0,0,0,0,26,0.14,79.2,6.4,225,2026-09-24 20:30:00,PT5M,0.0,0.0,0.0,0.0,0.0
0,0,0,0,26,0.14,79.2,6.3,225,2026-09-24 20:35:00,PT5M,0.0,0.0,0.0,0.0,0.0
0,0,0,0,26,0.14,79.1,6.3,225,2026-09-24 20:40:00,PT5M,0.0,0.0,0.0,0.0,0.0
0,0,0,0,26,0.14,79.1,6.3,225,2026-09-24 20:45:00,PT5M,0.0,0.0,0.0,0.0,0.0
0,0,0,0,26,0.14,79.0,6.3,225,2026-09-24 20:50:00,PT5M,0.0,0.0,0.0,0.0,0.0
0,0,0,0,26,0.14,79.0,6.2,225,2026-09-24 20:55:00,PT5M,0.0,0.0,0.0,0.0,0.0
0,0,0,0,26,0.14,78.9,6.2,225,2026-09-24 21:00:00,PT5M,0.0,0.0,0.0,0.0,0.0
0,0,0,0,26,0.14,78.9,6.2,225,2026-09-24 21:05:00,PT5M,0.0,0.0,0.0,0.0,0.0
0,0,0,0,26,0.14,78.9,6.1,225,2026-09-24 21:10:00,PT5M,0.0,0.0,0.0,0.0,0.0
0,0,0,0,26,0.14,78.8,6.1,225,2026-09-24 21:15:00,PT5M,0.0,0.0,0.0,0.0,0.0
0,0,0,0,26,0.14,78.8,6.1,226,2026-09-24 21:20:00,PT5M,0.0,0.0,0.0,0.0,0.0
0,0,0,0,26,0.14,78.7,6.1,226,2026-09-24 21:25:00,PT5M,0.0,0.0,0.0,0.0,0.0
0,0,0,0,26,0.14,78.7,6.0,226,2026-09-24 21:30:00,PT5M,0.0,0.0,0.0,0.0,0.0
0,0,0,0,26,0.14,78.7,6.0,226,2026-09-24 21:35:00,PT5M,0.0,0.0,0.0,0.0,0.0
0,0,0,0,26,0.14,78.9,6.0,225,2026-09-24 21:40:00,PT5M,0.0,0.0,0.0,0.0,0.0
0,0,0,0,26,0.14,79.1,6.0,225,2026-09-24 21:45:00,PT5M,0.0,0.0,0.0,0.0,0.0
0,0,0,0,26,0.14,79.2,6.0,225,2026-09-24 21:50:00,PT5M,0.0,0.0,0.0,0.0,0.0
0,0,0,0,26,0.14,79.4,6.0,225,2026-09-24 21:55:00,PT5M,0.0,0.0,0.0,0.0,0.0
0,0,0,0,26,0.14,79.5,6.0,224,2026-09-24 22:00:00,PT5M,0.0,0.0,0.0,0.0,0.0
0,0,0,0,26,0.14,79.7,6.0,224,2026-09-24 22:05:00,PT5M,0.0,0.0,0.0,0.0,0.0
0,0,0,0,26,0.14,79.8,6.0,224,2026-09-24 22:10:00,PT5M,0.0,0.0,0.0,0.0,0.0
0,0,0,0,26,0.14,80.0,6.0,224,2026-09-24 22:15:00,PT5M,0.0,0.0,0.0,0.0,0.0
0,0,0,0,26,0.14,80.2,6.0,224,2026-09-24 22:20:00,PT5M,0.0,0.0,0.0,0.0,0.0
0,0,0,0,26,0.14,80.3,6.0,223,2026-09-24 22:25:00,PT5M,0.0,0.0,0.0,0.0,0.0
0,0,0,0,26,0.14,80.5,6.0,223,2026-09-24 22:30:00,PT5M,0.0,0.0,0.0,0.0,0.0
0,0,0,0,26,0.14,80.6,6.0,223,2026-09-24 22:35:00,PT5M,0.0,0.0,0.0,0.0,0.0
0,0,0,0,26,0.14,80.6,6.0,223,2026-09-24 22:40:00,PT5M,0.0,0.0,0.0,0.0,0.0
0,0,0,0,26,0.14,80.6,6.0,224,2026-09-24 22:45:00,PT5M,0.0,0.0,0.0,0.0,0.0
0,0,0,0,26,0.14,80.6,6.0,224,2026-09-24 22:50:00,PT5M,0.0,0.0,0.0,0.0,0.0
0,0,0,0,26,0.14,80.6,6.0,224,2026-09-24 22:55:00,PT5M,0.0,0.0,0.0,0.0,0.0
0,0,0,0,26,0.14,80.6,6.0,224,2026-09-24 23:00:00,PT5M,0.0,0.0,0.0,0.0,0.0
0,0,0,0,26,0.14,80.6,6.0,224,2026-09-24 23:05:00,PT5M,0.0,0.0,0.0,0.0,0.0
0,0,0,0,26,0.14,80.6,6.0,225,2026-09-24 23:10:00,PT5M,0.0,0.0,0.0,0.0,0.0
0,0,0,0,26,0.14,80.6,6.0,225,2026-09-24 23:15:00,PT5M,0.0,0.0,0.0,0.0,0.0
0,0,0,0,26,0.14,80.6,6.0,225,2026-09-24 23:20:00,PT5M,0.0,0.0,0.0,0.0,0.0
0,0,0,0,26,0.14,80.6,6.0,225,2026-09-24 23:25:00,PT5M,0.0,0.0,0.0,0.0,0.0
0,0,0,0,26,0.14,80.6,6.0,226,2026-09-24 23:30:00,PT5M,0.0,0.0,0.0,0.0,0.0
0,0,0,0,26,0.14,80.7,6.0,226,2026-09-24 23:35:00,PT5M,0.0,0.0,0.0,0.0,0.0
0,0,0,0,26,0.14,80.9,6.0,225,2026-09-24 23:40:00,PT5M,0.0,0.0,0.0,0.0,0.0
0,0,0,0,26,0.14,81.1,6.0,225,2026-09-24 23:45:00,PT5M,0.0,0.0,0.0,0.0,0.0
0,0,0,0,26,0.14,81.3,6.0,224,2026-09-24 23:50:00,PT5M,0.0,0.0,0.0,0.0,0.0
0,0,0,0,26,0.14,81.5,6.0,224,2026-09-24 23:55:00,PT5M,0.0,0.0,0.0,0.0,0.0
0,0,0,0,26,0.14,81.7,5.9,224,2026-09-25 00:00:00,PT5M,0.0,0.0,0.0,0.0,0.0
0,0,0,0,26,0.14,81.9,5.9,223,2026-09-25 00:05:00,PT5M,0.0,0.0,0.0,0.0,0.0
0,0,0,0,26,0.14,82.1,5.9,223,2026-09-25 00:10:00,PT5M,0.0,0.0,0.0,0.0,0.0
0,0,0,0,26,0.14,82.3,5.9,223,2026-09-25 00:15:00,PT5M,0.0,0.0,0.0,0.0,0.0
0,0,0,0,26,0.14,82.5,5.9,222,2026-09-25 00:20:00,PT5M,0.0,0.0,0.0,0.0,0.0
0,0,0,0,26,0.14,82.7,5.9,222,2026-09-25 00:25:00,PT5M,0.0,0.0,0.0,0.0,0.0
0,0,0,0,26,0.14,82.9,5.9,222,2026-09-25 00:30:00,PT5M,0.0,0.0,0.0,0.0,0.0
0,0,0,0,26,0.14,83.1,5.9,222,2026-09-25 00:35:00,PT5M,0.0,0.0,0.0,0.0,0.0
0,0,0,0,26,0.14,83.2,5.9,222,2026-09-25 00:40:00,PT5M,0.0,0.0,0.0,0.0,0.0
0,0,0,0,26,0.14,83.2,6.0,222,2026-09-25 00:45:00,PT5M,0.0,0.0,0.0,0.0,0.0
0,0,0,0,26,0.14,83.3,6.0,222,2026-09-25 00:50:00,PT5M,0.0,0.0,0.0,0.0,0.0
0,0,0,0,26,0.14,83.4,6.1,222,2026-09-25 00:55:00,PT5M,0.0,0.0,0.0,0.0,0.0
0,0,0,0,26,0.14,83.5,6.1,222,2026-09-25 01:00:00,PT5M,0.0,0.0,0.0,0.0,0.0
0,0,0,0,26,0.14,83.6,6.2,222,2026-09-25 01:05:00,PT5M,0.0,0.0,0.0,0.0,0.0
0,0,0,0,26,0.14,83.7,6.2,223,2026-09-25 01:10:00,PT5M,0.0,0.0,0.0,0.0,0.0
0,0,0,0,26,0.14,83.7,6.3,223,2026-09-25 01:15:00,PT5M,0.0,0.0,0.0,0.0,0.0
0,0,0,0,26,0.14,83.8,6.3,223,2026-09-25 01:20:00,PT5M,0.0,0.0,0.0,0.0,0.0
0,0,0,0,26,0.14,83.9,6.4,223,2026-09-25 01:25:00,PT5M,0.0,0.0,0.0,0.0,0.0
0,0,0,0,26,0.14,84.0,6.4,223,2026-09-25 01:30:00,PT5M,0.0,0.0,0.0,0.0,0.0
0,0,0,0,26,0.14,84.1,6.4,223,2026-09-25 01:35:00,PT5M,0.0,0.0,0.0,0.0,0.0
0,0,0,0,26,0.14,84.1,6.4,223,2026-09-25 01:40:00,PT5M,0.0,0.0,0.0,0.0,0.0
0,0,0,0,26,0.14,84.1,6.3,224,2026-09-25 01:45:00,PT5M,0.0,0.0,0.0,0.0,0.0
0,0,0,0,26,0.14,84.2,6.3,224,2026-09-25 01:50:00,PT5M,0.0,0.0,0.0,0.0,0.0
0,0,0,0,26,0.14,84.2,6.2,224,2026-09-25 01:55:00,PT5M,0.0,0.0,0.0,0.0,0.0
0,0,0,0,26,0.14,84.3,6.2,224,2026-09-25 02:00:00,PT5M,0.0,0.0,0.0,0.0,0.0
0,0,0,0,26,0.14,84.3,6.1,224,2026-09-25 02:05:00,PT5M,0.0,0.0,0.0,0.0,0.0
0,0,0,0,26,0.14,84.3,6.1,225,2026-09-25 02:10:00,PT5M,0.0,0.0,0.0,0.0,0.0
0,0,0,0,26,0.14,84.4,6.0,225,2026-09-25 02:15:00,PT5M,0.0,0.0,0.0,0.0,0.0
0,0,0,0,26,0.14,84.4,6.0,225,2026-09-25 02:20:00,PT5M,0.0,0.0,0.0,0.0,0.0
0,0,0,0,26,0.14,84.5,5.9,225,2026-09-25 02:25:00,PT5M,0.0,0.0,0.0,0.0,0.0
0,0,0,0,26,0.14,84.5,5.9,226,2026-09-25 02:30:00,PT5M,0.0,0.0,0.0,0.0,0.0
0,0,0,0,26,0.14,84.5,5.9,226,2026-09-25 02:35:00,PT5M,0.0,0.0,0.0,0.0,0.0
0,0,0,0,26,0.14,84.6,5.9,225,2026-09-25 02:40:00,PT5M,0.0,0.0,0.0,0.0,0.0
0,0,0,0,26,0.14,84.6,5.9,225,2026-09-25 02:45:00,PT5M,0.0,0.0,0.0,0.0,0.0
0,0,0,0,25,0.14,84.7,5.8,225,2026-09-25 02:50:00,PT5M,0.0,0.0,0.0,0.0,0.0
0,0,0,0,25,0.14,84.7,5.8,224,2026-09-25 02:55:00,PT5M,0.0,0.0,0.0,0.0,0.0
0,0,0,0,25,0.14,84.8,5.8,224,2026-09-25 03:00:00,PT5M,0.0,0.0,0.0,0.0,0.0
0,0,0,0,25,0.14,84.8,5.8,224,2026-09-25 03:05:00,PT5M,0.0,0.0,0.0,0.0,0.0
0,0,0,0,25,0.14,84.8,5.8,224,2026-09-25 03:10:00,PT5M,0.0,0.0,0.0,0.0,0.0
0,0,0,0,25,0.14,84.9,5.8,223,2026-09-25 03:15:00,PT5M,0.0,0.0,0.0,0.0,0.0
0,0,0,0,25,0.14,84.9,5.8,223,2026-09-25 03:20:00,PT5M,0.0,0.0,0.0,0.0,0.0
0,0,0,0,25,0.14,85.0,5.8,223,2026-09-25 03:25:00,PT5M,0.0,0.0,0.0,0.0,0.0
0,0,0,0,25,0.14,85.0,5.8,222,2026-09-25 03:30:00,PT5M,0.0,0.0,0.0,0.0,0.0
0,0,0,0,25,0.14,85.0,5.8,222,2026-09-25 03:35:00,PT5M,0.0,0.0,0.0,0.0,0.0
0,0,0,0,25,0.14,84.9,5.9,222,2026-09-25 03:40:00,PT5M,0.0,0.0,0.0,0.0,0.0
0,0,0,0,25,0.14,84.8,5.9,222,2026-09-25 03:45:00,PT5M,0.0,0.0,0.0,0.0,0.0
0,0,0,0,25,0.14,84.7,6.0,222,2026-09-25 03:50:00,PT5M,0.0,0.0,0.0,0.0,0.0
0,0,0,0,25,0.14,84.6,6.0,222,2026-09-25 03:55:00,PT5M,0.0,0.0,0.0,0.0,0.0
0,0,0,0,25,0.14,84.5,6.0,221,2026-09-25 04:00:00,PT5M,0.0,0.0,0.0,0.0,0.0
0,0,0,0,25,0.14,84.5,6.1,221,2026-09-25 04:05:00,PT5M,0.0,0.0,0.0,0.0,0.0
0,0,0,0,25,0.14,84.4,6.1,221,2026-09-25 04:10:00,PT5M,0.0,0.0,0.0,0.0,0.0
0,0,0,0,25,0.14,84.3,6.2,221,2026-09-25 04:15:00,PT5M,0.0,0.0,0.0,0.0,0.0
0,0,0,0,25,0.14,84.2,6.2,221,2026-09-25 04:20:00,PT5M,0.0,0.0,0.0,0.0,0.0
0,0,0,0,25,0.14,84.1,6.2,221,2026-09-25 04:25:00,PT5M,0.0,0.0,0.0,0.0,0.0
0,0,0,0,25,0.14,84.0,6.3,221,2026-09-25 04:30:00,PT5M,0.0,0.0,0.0,0.0,0.0
0,0,0,0,25,0.14,84.0,6.3,220,2026-09-25 04:35:00,PT5M,0.0,0.0,0.0,0.0,0.0
0,0,0,0,25,0.14,84.0,6.2,220,2026-09-25 04:40:00,PT5M,0.0,0.0,0.0,0.0,0.0
0,0,0,0,25,0.14,84.1,6.1,220,2026-09-25 04:45:00,PT5M,0.0,0.0,0.0,0.0,0.0
0,0,0,0,25,0.14,84.1,6.1,220,2026-09-25 04:50:00,PT5M,0.0,0.0,0.0,0.0,0.0
0,0,0,0,25,0.14,84.2,6.0,220,2026-09-25 04:55:00,PT5M,0.0,0.0,0.0,0.0,0.0
0,0,0,0,25,0.14,84.2,5.9,220,2026-09-25 05:00:00,PT5M,0.0,0.0,0.0,0.0,0.0
0,0,0,0,25,0.14,84.2,5.9,220,2026-09-25 05:05:00,PT5M,0.0,0.0,0.0,0.0,0.0
0,0,0,0,25,0.14,84.3,5.8,220,2026-09-25 05:10:00,PT5M,0.0,0.0,0.0,0.0,0.0
0,0,0,0,25,0.14,84.3,5.7,220,2026-09-25 05:15:00,PT5M,0.0,0.0,0.0,0.0,0.0
0,0,0,0,25,0.14,84.4,5.6,220,2026-09-25 05:20:00,PT5M,0.0,0.0,0.0,0.0,0.0
0,0,0,0,25,0.14,84.4,5.6,220,2026-09-25 05:25:00,PT5M,0.0,0.0,0.0,0.0,0.0
0,0,0,0,25,0.14,84.5,5.5,220,2026-09-25 05:30:00,PT5M,0.0,0.0,0.0,0.0,0.0
0,0,0,0,25,0.14,84.5,5.5,220,2026-09-25 05:35:00,PT5M,0.0,0.0,0.0,0.0,0.0
0,0,0,0,25,0.14,84.5,5.5,221,2026-09-25 05:40:00,PT5M,0.0,0.0,0.0,0.0,0.0
0,0,0,0,25,0.14,84.5,5.5,221,2026-09-25 05:45:00,PT5M,0.0,0.0,0.0,0.0,0.0
0,0,0,0,25,0.14,84.5,5.5,222,2026-09-25 05:50:00,PT5M,0.0,0.0,0.0,0.0,0.0
0,0,0,0,25,0.14,84.5,5.5,222,2026-09-25 05:55:00,PT5M,0.0,0.0,0.0,0.0,0.0
1,1,0,1,25,0.14,84.5,5.4,223,2026-09-25 06:00:00,PT5M,0.0,0.0,0.0,0.0,0.0
7,7,0,7,25,0.14,84.5,5.4,223,2026-09-25 06:05:00,PT5M,0.221,0.5875,0.4139,0.0281,0.0
13,13,0,13,25,0.14,84.5,5.4,224,2026-09-25 06:10:00,PT5M,1.103,2.2275,1.6948,0.5112,0.0
21,21,0,21,25,0.14,84.5,5.4,224,2026-09-25 06:15:00,PT5M,2.073,4.3065,3.2485,0.8975,0.0
29,29,0,29,25,0.14,84.5,5.4,225,2026-09-25 06:20:00,PT5M,3.112,6.873,5.0914,1.1326,0.0
38,38,0,38,25,0.14,84.5,5.4,225,2026-09-25 06:25:00,PT5M,4.232,9.589,7.0514,1.4126,0.0
48,48,0,48,25,0.14,84.5,5.4,225,2026-09-25 06:30:00,PT5M,5.545,12.7585,9.3415,1.7485,0.0
59,59,0,59,25,0.14,84.2,5.5,226,2026-09-25 06:35:00,PT5M,6.954,16.123,11.7797,2.1283,0.0
71,71,0,71,25,0.14,83.6,5.5,225,2026-09-25 06:40:00,PT5M,8.433,19.5665,14.2926,2.5734,0.0
84,84,19,81,26,0.14,82.9,5.5,225,2026-09-25 06:45:00,PT5M,10.716,23.771,17.5869,3.8451,0.0
98,98,40,89,26,0.14,82.3,5.5,225,2026-09-25 06:50:00,PT5M,13.362,28.306,21.2271,5.4969,0.0
113,113,62,98,26,0.14,81.7,5.5,224,2026-09-25 06:55:00,PT5M,16.154,33.015,25.0281,7.2799,0.0
128,128,83,106,26,0.14,81.1,5.5,224,2026-09-25 07:00:00,PT5M,19.103,37.9585,29.0268,9.1792,0.2475
144,144,101,115,26,0.14,80.5,5.6,224,2026-09-25 07:05:00,PT5M,22.14,43.0575,33.149,11.131,1.2225
159,159,120,123,26,0.14,80.0,5.6,223,2026-09-25 07:10:00,PT5M,25.376,48.377,37.4816,13.2704,2.375
175,175,138,130,27,0.14,79.4,5.6,223,2026-09-25 07:15:00,PT5M,28.789,53.8755,41.9922,15.5858,3.7025
192,192,156,138,27,0.14,78.8,5.6,223,2026-09-25 07:20:00,PT5M,32.346,59.5125,46.6439,18.0481,5.1795
209,209,175,145,27,0.14,78.2,5.6,223,2026-09-25 07:25:00,PT5M,36.05,65.28,51.434,20.666,6.82
227,226,194,151,27,0.14,77.6,5.7,222,2026-09-25 07:30:00,PT5M,39.904,71.184,56.3669,23.4411,8.624
243,242,207,158,27,0.14,77.1,5.7,222,2026-09-25 07:35:00,PT5M,43.27,76.6885,60.8584,25.6816,9.8515
257,256,213,166,27,0.14,76.5,5.7,222,2026-09-25 07:40:00,PT5M,46.013,81.759,64.8264,27.1996,10.267
271,271,219,173,27,0.14,76.0,5.7,223,2026-09-25 07:45:00,PT5M,47.996,84.886,67.4115,28.5805,11.106
286,285,225,180,28,0.14,75.4,5.8,223,2026-09-25 07:50:00,PT5M,49.657,87.159,69.3946,29.9194,12.155
300,299,230,188,28,0.14,74.9,5.8,223,2026-09-25 07:55:00,PT5M,51.244,89.315,71.281,31.207,13.173
314,313,235,195,28,0.14,74.3,5.8,223,2026-09-25 08:00:00,PT5M,52.753,91.4075,73.0971,32.4089,14.0985
328,327,240,202,28,0.14,73.8,5.9,223,2026-09-25 08:05:00,PT5M,54.178,93.2915,74.7637,33.5923,15.0645
341,341,244,209,28,0.14,73.3,5.9,224,2026-09-25 08:10:00,PT5M,55.513,95.016,76.3037,34.7223,16.01
355,354,248,216,28,0.14,72.7,5.9,224,2026-09-25 08:15:00,PT5M,56.754,96.567,77.7079,35.8001,16.941
368,367,252,222,28,0.14,72.2,5.9,224,2026-09-25 08:20:00,PT5M,57.901,97.937,78.9722,36.8298,17.865
381,380,255,229,29,0.14,71.7,6.0,224,2026-09-25 08:25:00,PT5M,58.975,99.128,80.1078,37.8422,18.822
394,393,258,236,29,0.14,71.2,6.0,224,2026-09-25 08:30:00,PT5M,59.991,100.0,81.1704,38.8116,19.7495
407,406,261,242,29,0.14,70.6,6.1,225,2026-09-25 08:35:00,PT5M,61.083,100.0,82.2916,39.8744,20.786
421,419,266,248,29,0.14,70.0,6.2,225,2026-09-25 08:40:00,PT5M,62.255,100.0,83.4775,41.0325,21.9315
434,433,271,254,29,0.14,69.4,6.3,225,2026-09-25 08:45:00,PT5M,63.376,100.0,84.6049,42.1471,23.0405
447,446,275,259,29,0.14,68.8,6.4,226,2026-09-25 08:50:00,PT5M,64.458,100.0,85.5498,43.3662,24.383
460,459,280,265,29,0.14,68.2,6.5,226,2026-09-25 08:55:00,PT5M,65.503,100.0,86.4411,44.5649,25.72
473,471,284,270,30,0.14,67.6,6.6,227,2026-09-25 09:00:00,PT5M,66.517,100.0,87.3035,45.7305,27.022
486,484,289,275,30,0.14,67.0,6.7,227,2026-09-25 09:05:00,PT5M,67.598,100.0,88.2306,46.9654,28.3955
499,497,294,280,30,0.14,66.4,6.8,227,2026-09-25 09:10:00,PT5M,68.645,100.0,89.1265,48.1635,29.7295
511,510,299,285,30,0.14,65.9,6.9,228,2026-09-25 09:15:00,PT5M,69.659,100.0,89.9918,49.3262,31.026
524,522,304,289,30,0.14,65.3,7.0,228,2026-09-25 09:20:00,PT5M,70.641,100.0,90.828,50.454,32.285
536,534,309,293,30,0.14,64.7,7.1,228,2026-09-25 09:25:00,PT5M,71.592,100.0,91.6364,51.5476,33.507
548,546,314,298,30,0.14,64.2,7.2,229,2026-09-25 09:30:00,PT5M,72.511,100.0,92.4157,52.6063,34.6915
561,559,320,301,31,0.14,63.6,7.3,229,2026-09-25 09:35:00,PT5M,73.469,100.0,93.22,53.718,35.9415
573,571,326,304,31,0.14,63.1,7.3,229,2026-09-25 09:40:00,PT5M,74.463,100.0,94.0456,54.8804,37.2555
585,583,332,308,31,0.14,62.6,7.4,229,2026-09-25 09:45:00,PT5M,75.383,100.0,94.8022,55.9638,38.486
597,594,337,311,31,0.14,62.1,7.4,230,2026-09-25 09:50:00,PT5M,76.266,100.0,95.5246,57.0074,39.674
608,606,343,313,31,0.14,61.6,7.4,230,2026-09-25 09:55:00,PT5M,77.121,100.0,96.2215,58.0205,40.8295
619,617,348,316,31,0.14,61.1,7.5,230,2026-09-25 10:00:00,PT5M,78.002,100.0,96.9488,59.0552,42.0025
630,627,354,318,31,0.14,60.6,7.5,230,2026-09-25 10:05:00,PT5M,78.797,100.0,97.5938,60.0002,43.0825
640,638,359,321,31,0.14,60.1,7.5,230,2026-09-25 10:10:00,PT5M,79.562,100.0,98.212,60.912,44.1265
651,648,364,323,31,0.14,59.6,7.6,231,2026-09-25 10:15:00,PT5M,80.296,100.0,98.8023,61.7897,45.1335
661,658,370,324,32,0.14,59.1,7.6,231,2026-09-25 10:20:00,PT5M,81.001,100.0,99.3668,62.6352,46.1055
670,668,375,326,32,0.14,58.6,7.6,231,2026-09-25 10:25:00,PT5M,81.68,100.0,99.9079,63.4521,47.0465
680,677,380,327,32,0.14,58.2,7.7,231,2026-09-25 10:30:00,PT5M,82.333,100.0,100.0,64.2404,47.9565
687,684,382,330,32,0.14,57.8,7.7,231,2026-09-25 10:35:00,PT5M,82.726,100.0,100.0,64.7258,48.525
692,689,380,333,32,0.14,57.6,7.7,231,2026-09-25 10:40:00,PT5M,82.865,100.0,100.0,64.9129,48.7555
696,693,378,337,32,0.14,57.4,7.6,231,2026-09-25 10:45:00,PT5M,82.979,100.0,100.0,65.0696,48.9505
700,697,376,340,32,0.14,57.3,7.6,231,2026-09-25 10:50:00,PT5M,83.067,100.0,100.0,65.1931,49.106
703,700,374,343,32,0.14,57.1,7.6,231,2026-09-25 10:55:00,PT5M,83.122,100.0,100.0,65.2733,49.209
706,703,371,347,32,0.14,56.9,7.6,230,2026-09-25 11:00:00,PT5M,83.138,100.0,100.0,65.2991,49.2435
709,706,369,349,32,0.14,56.7,7.6,230,2026-09-25 11:05:00,PT5M,83.153,100.0,100.0,65.3325,49.2935
711,708,367,352,32,0.14,56.5,7.6,230,2026-09-25 11:10:00,PT5M,83.154,100.0,100.0,65.3532,49.332
713,710,364,355,32,0.14,56.3,7.6,230,2026-09-25 11:15:00,PT5M,83.121,100.0,100.0,65.3284,49.3145
714,711,362,357,32,0.14,56.1,7.6,230,2026-09-25 11:20:00,PT5M,83.058,100.0,100.0,65.2649,49.2505
715,712,359,360,32,0.14,55.9,7.5,230,2026-09-25 11:25:00,PT5M,82.97,100.0,100.0,65.1706,49.1505
716,713,356,362,32,0.14,55.7,7.5,229,2026-09-25 11:30:00,PT5M,82.855,100.0,100.0,65.0437,49.013
716,714,354,364,32,0.14,55.6,7.5,229,2026-09-25 11:35:00,PT5M,82.771,100.0,100.0,64.9652,48.9395
717,714,353,365,32,0.14,55.5,7.5,229,2026-09-25 11:40:00,PT5M,82.716,100.0,100.0,64.9321,48.926
717,715,351,366,32,0.14,55.4,7.5,230,2026-09-25 11:45:00,PT5M,82.632,100.0,100.0,64.8644,48.873
717,714,350,368,32,0.14,55.3,7.5,230,2026-09-25 11:50:00,PT5M,82.61,100.0,100.0,64.8534,48.872
717,714,348,369,32,0.14,55.1,7.5,230,2026-09-25 11:55:00,PT5M,82.484,100.0,100.0,64.733,48.7565
716,713,346,370,32,0.14,55.0,7.5,230,2026-09-25 12:00:00,PT5M,82.354,100.0,100.0,64.6024,48.6255
714,711,344,370,32,0.14,54.9,7.5,230,2026-09-25 12:05:00,PT5M,82.245,100.0,100.0,64.4874,48.505
712,709,341,371,32,0.14,54.8,7.5,230,2026-09-25 12:10:00,PT5M,82.105,100.0,99.8744,64.3356,48.3425
710,707,339,371,32,0.14,54.7,7.5,230,2026-09-25 12:15:00,PT5M,81.934,100.0,99.7208,64.1472,48.1385
707,704,337,372,33,0.14,54.6,7.5,230,2026-09-25 12:20:00,PT5M,81.734,100.0,99.5434,63.9246,47.8955
704,701,334,372,33,0.14,54.5,7.5,230,2026-09-25 12:25:00,PT5M,81.506,100.0,99.3433,63.6687,47.6145
700,697,331,372,33,0.14,54.4,7.5,230,2026-09-25 12:30:00,PT5M,81.249,100.0,99.1192,63.3788,47.295
696,694,329,371,33,0.14,54.6,7.5,230,2026-09-25 12:35:00,PT5M,80.98,100.0,98.886,63.074,46.958
692,689,326,371,32,0.14,55.1,7.4,230,2026-09-25 12:40:00,PT5M,80.698,100.0,98.6438,62.7522,46.6005
687,685,324,370,32,0.14,55.6,7.4,230,2026-09-25 12:45:00,PT5M,80.384,100.0,98.3758,62.3922,46.199
682,680,321,369,32,0.14,56.0,7.3,230,2026-09-25 12:50:00,PT5M,80.025,100.0,98.0752,61.9748,45.729
676,674,318,368,32,0.14,56.5,7.3,230,2026-09-25 12:55:00,PT5M,79.645,100.0,97.7555,61.5345,45.2345
671,668,316,366,32,0.14,57.0,7.2,230,2026-09-25 13:00:00,PT5M,79.268,100.0,97.4309,61.1051,44.758
664,662,313,365,32,0.14,57.5,7.2,230,2026-09-25 13:05:00,PT5M,78.864,100.0,97.0845,60.6435,44.2445
658,656,310,363,32,0.14,58.1,7.1,230,2026-09-25 13:10:00,PT5M,78.406,100.0,96.6981,60.1139,43.6505
651,649,307,361,32,0.14,58.6,7.1,230,2026-09-25 13:15:00,PT5M,77.915,100.0,96.285,59.545,43.0115
644,642,304,359,32,0.14,59.1,7.0,229,2026-09-25 13:20:00,PT5M,77.394,100.0,95.8466,58.9414,42.3335
636,634,301,357,32,0.14,59.6,7.0,229,2026-09-25 13:25:00,PT5M,76.844,100.0,95.3832,58.3048,41.619
629,627,298,354,32,0.14,60.1,6.9,229,2026-09-25 13:30:00,PT5M,76.269,100.0,94.8982,57.6398,40.873
617,615,289,354,32,0.14,60.2,6.9,229,2026-09-25 13:35:00,PT5M,75.174,100.0,93.9761,56.3719,39.4495
601,599,273,354,32,0.14,59.9,6.9,230,2026-09-25 13:40:00,PT5M,73.557,100.0,92.6109,54.5031,37.354
585,583,258,355,32,0.14,59.6,6.9,230,2026-09-25 13:45:00,PT5M,71.906,100.0,91.2104,52.6016,35.227
569,568,244,354,32,0.14,59.3,6.8,230,2026-09-25 13:50:00,PT5M,70.22,100.0,89.7734,50.6666,33.068
553,552,229,353,32,0.14,58.9,6.8,230,2026-09-25 13:55:00,PT5M,68.499,100.0,88.3,48.698,30.8765
537,536,215,352,32,0.14,58.6,6.8,231,2026-09-25 14:00:00,PT5M,66.744,100.0,86.7908,46.6972,28.6545
521,520,202,350,32,0.14,58.3,6.8,231,2026-09-25 14:05:00,PT5M,64.943,100.0,85.2353,44.6507,26.387
505,505,189,348,32,0.14,58.0,6.8,231,2026-09-25 14:10:00,PT5M,63.121,100.0,83.6565,42.5855,24.103
489,489,176,345,32,0.14,57.7,6.8,232,2026-09-25 14:15:00,PT5M,61.271,100.0,82.0467,40.4953,21.7965
473,473,163,341,32,0.14,57.4,6.8,232,2026-09-25 14:20:00,PT5M,59.355,99.2845,80.3702,38.3398,19.4255
457,457,150,337,32,0.14,57.1,6.8,232,2026-09-25 14:25:00,PT5M,57.408,97.7865,78.6595,36.1565,17.0295
441,441,138,333,32,0.14,56.7,6.8,233,2026-09-25 14:30:00,PT5M,55.437,96.2575,76.9211,33.9529,14.6165
428,428,130,328,32,0.14,56.6,6.8,233,2026-09-25 14:35:00,PT5M,53.847,95.005,75.5087,32.1853,12.689
417,417,125,322,32,0.14,56.7,6.8,233,2026-09-25 14:40:00,PT5M,52.635,94.035,74.4241,30.8459,11.235
406,406,121,317,32,0.14,56.7,6.8,233,2026-09-25 14:45:00,PT5M,51.392,93.037,73.3101,29.4739,9.747
395,395,116,311,32,0.14,56.8,6.7,233,2026-09-25 14:50:00,PT5M,50.119,92.031,72.1776,28.0604,8.207
383,383,111,304,32,0.14,56.8,6.7,233,2026-09-25 14:55:00,PT5M,48.816,90.996,71.0156,26.6164,6.636
372,372,107,298,32,0.14,56.9,6.7,233,2026-09-25 15:00:00,PT5M,47.537,89.8765,69.8206,25.2534,5.1975
361,361,102,291,32,0.14,56.9,6.7,233,2026-09-25 15:05:00,PT5M,46.46,88.7435,68.7141,24.2059,4.1765
350,350,98,285,32,0.14,57.0,6.7,233,2026-09-25 15:10:00,PT5M,45.144,87.3535,67.3592,22.9288,2.9345
338,338,94,278,32,0.14,57.0,6.7,233,2026-09-25 15:15:00,PT5M,43.795,85.911,65.961,21.629,1.679
327,327,89,271,32,0.14,57.1,6.7,233,2026-09-25 15:20:00,PT5M,42.396,84.401,64.5035,20.2885,0.391
315,315,85,263,32,0.14,57.1,6.7,233,2026-09-25 15:25:00,PT5M,40.958,82.8245,62.9926,18.9234,0.0
304,304,80,256,32,0.14,57.2,6.6,233,2026-09-25 15:30:00,PT5M,39.482,81.177,61.4264,17.5376,0.0
292,293,77,248,32,0.14,57.4,6.7,233,2026-09-25 15:35:00,PT5M,38.127,79.619,59.9645,16.2895,0.0
282,282,74,240,32,0.14,57.7,6.7,233,2026-09-25 15:40:00,PT5M,36.918,78.1425,58.6147,15.2213,0.0
271,271,72,232,31,0.14,58.0,6.7,232,2026-09-25 15:45:00,PT5M,35.686,76.488,57.1604,14.2116,0.0
260,260,69,224,31,0.14,58.4,6.7,232,2026-09-25 15:50:00,PT5M,34.409,74.7755,55.6542,13.1638,0.0
249,249,66,215,31,0.14,58.7,6.8,232,2026-09-25 15:55:00,PT5M,33.086,72.949,54.0662,12.1058,0.0
238,238,64,207,31,0.14,59.0,6.8,232,2026-09-25 16:00:00,PT5M,31.718,71.02,52.4029,11.0331,0.0
226,227,60,198,31,0.14,59.4,6.8,232,2026-09-25 16:05:00,PT5M,30.305,68.9985,50.6697,9.9403,0.0
215,215,57,190,31,0.14,59.7,6.8,232,2026-09-25 16:10:00,PT5M,28.848,66.8855,48.8674,8.8286,0.0
204,204,53,181,31,0.14,60.0,6.9,231,2026-09-25 16:15:00,PT5M,27.35,64.695,47.0049,7.6951,0.0
192,193,50,172,31,0.14,60.4,6.9,231,2026-09-25 16:20:00,PT5M,25.887,60.8725,44.3001,7.4739,0.0
181,181,46,163,31,0.14,60.7,6.9,231,2026-09-25 16:25:00,PT5M,24.288,57.0065,41.508,7.068,0.0
170,170,42,154,31,0.14,61.1,7.0,231,2026-09-25 16:30:00,PT5M,22.631,53.1205,38.6778,6.5842,0.0
158,158,37,145,30,0.14,61.5,7.0,231,2026-09-25 16:35:00,PT5M,20.928,49.2145,35.8154,6.0406,0.0
147,147,32,137,30,0.14,61.9,6.9,230,2026-09-25 16:40:00,PT5M,19.194,45.2785,32.9225,5.4655,0.0
135,136,26,128,30,0.14,62.4,6.9,230,2026-09-25 16:45:00,PT5M,17.426,41.313,29.9979,4.8541,0.0
124,124,20,119,30,0.14,62.8,6.9,229,2026-09-25 16:50:00,PT5M,15.768,37.472,27.191,4.345,0.0
113,113,13,109,30,0.14,63.3,6.8,229,2026-09-25 16:55:00,PT5M,14.017,33.569,24.3074,3.7266,0.0
101,101,4,100,30,0.14,63.7,6.8,228,2026-09-25 17:00:00,PT5M,12.221,29.689,21.4145,3.0275,0.0
89,90,0,90,30,0.14,64.2,6.8,228,2026-09-25 17:05:00,PT5M,10.657,26.136,18.8037,2.5103,0.0
78,78,0,78,30,0.14,64.7,6.8,227,2026-09-25 17:10:00,PT5M,9.23,22.7825,16.3628,2.0972,0.0
67,67,0,67,30,0.14,65.1,6.7,227,2026-09-25 17:15:00,PT5M,7.848,19.47,13.9647,1.7313,0.0
57,57,0,57,29,0.14,65.6,6.7,226,2026-09-25 17:20:00,PT5M,6.604,16.2555,11.6837,1.5243,0.0
47,47,0,47,29,0.14,66.1,6.7,226,2026-09-25 17:25:00,PT5M,5.377,13.0675,9.4246,1.3294,0.0
38,38,0,38,29,0.14,66.6,6.7,225,2026-09-25 17:30:00,PT5M,4.135,9.9635,7.2026,1.0674,0.0
29,29,0,29,29,0.14,67.0,6.6,225,2026-09-25 17:35:00,PT5M,3.016,6.437,4.8165,1.2155,0.0
20,20,0,20,29,0.14,67.3,6.7,225,2026-09-25 17:40:00,PT5M,1.99,4.154,3.1289,0.8511,0.0
13,13,0,13,29,0.14,67.7,6.7,226,2026-09-25 17:45:00,PT5M,1.065,2.273,1.7008,0.4292,0.0
7,7,0,7,29,0.14,68.1,6.7,226,2026-09-25 17:50:00,PT5M,0.254,0.7565,0.5185,0.0,0.0
2,2,0,2,29,0.14,68.4,6.7,226,2026-09-25 17:55:00,PT5M,0.0,0.0,0.0,0.0,0.0
0,0,0,0,29,0.14,68.8,6.7,226,2026-09-25 18:00:00,PT5M,0.0,0.0,0.0,0.0,0.0
0,0,0,0,28,0.14,69.1,6.7,227,2026-09-25 18:05:00,PT5M,0.0,0.0,0.0,0.0,0.0
0,0,0,0,28,0.14,69.5,6.7,227,2026-09-25 18:10:00,PT5M,0.0,0.0,0.0,0.0,0.0
0,0,0,0,28,0.14,69.9,6.7,227,2026-09-25 18:15:00,PT5M,0.0,0.0,0.0,0.0,0.0
0,0,0,0,28,0.14,70.3,6.7,227,2026-09-25 18:20:00,PT5M,0.0,0.0,0.0,0.0,0.0
0,0,0,0,28,0.14,70.6,6.7,228,2026-09-25 18:25:00,PT5M,0.0,0.0,0.0,0.0,0.0
0,0,0,0,28,0.14,71.0,6.7,228,2026-09-25 18:30:00,PT5M,0.0,0.0,0.0,0.0,0.0
0,0,0,0,28,0.14,71.4,6.7,228,2026-09-25 18:35:00,PT5M,0.0,0.0,0.0,0.0,0.0
0,0,0,0,28,0.14,71.8,6.7,228,2026-09-25 18:40:00,PT5M,0.0,0.0,0.0,0.0,0.0
0,0,0,0,28,0.14,72.2,6.7,228,2026-09-25 18:45:00,PT5M,0.0,0.0,0.0,0.0,0.0
0,0,0,0,28,0.14,72.5,6.6,228,2026-09-25 18:50:00,PT5M,0.0,0.0,0.0,0.0,0.0
0,0,0,0,28,0.14,72.9,6.6,227,2026-09-25 18:55:00,PT5M,0.0,0.0,0.0,0.0,0.0
0,0,0,0,27,0.14,73.3,6.6,227,2026-09-25 19:00:00,PT5M,0.0,0.0,0.0,0.0,0.0
0,0,0,0,27,0.14,73.7,6.5,227,2026-09-25 19:05:00,PT5M,0.0,0.0,0.0,0.0,0.0
0,0,0,0,27,0.14,74.1,6.5,227,2026-09-25 19:10:00,PT5M,0.0,0.0,0.0,0.0,0.0
0,0,0,0,27,0.14,74.5,6.5,227,2026-09-25 19:15:00,PT5M,0.0,0.0,0.0,0.0,0.0
0,0,0,0,27,0.14,74.9,6.4,227,2026-09-25 19:20:00,PT5M,0.0,0.0,0.0,0.0,0.0
0,0,0,0,27,0.14,75.3,6.4,227,2026-09-25 19:25:00,PT5M,0.0,0.0,0.0,0.0,0.0
0,0,0,0,27,0.14,75.7,6.4,226,2026-09-25 19:30:00,PT5M,0.0,0.0,0.0,0.0,0.0
0,0,0,0,27,0.14,76.0,6.4,226,2026-09-25 19:35:00,PT5M,0.0,0.0,0.0,0.0,0.0
0,0,0,0,27,0.14,76.2,6.4,226,2026-09-25 19:40:00,PT5M,0.0,0.0,0.0,0.0,0.0
0,0,0,0,27,0.14,76.4,6.4,225,2026-09-25 19:45:00,PT5M,0.0,0.0,0.0,0.0,0.0
0,0,0,0,27,0.14,76.6,6.4,225,2026-09-25 19:50:00,PT5M,0.0,0.0,0.0,0.0,0.0
0,0,0,0,27,0.14,76.8,6.4,225,2026-09-25 19:55:00,PT5M,0.0,0.0,0.0,0.0,0.0
0,0,0,0,27,0.14,77.0,6.4,225,2026-09-25 20:00:00,PT5M,0.0,0.0,0.0,0.0,0.0
0,0,0,0,27,0.14,77.2,6.4,224,2026-09-25 20:05:00,PT5M,0.0,0.0,0.0,0.0,0.0
0,0,0,0,27,0.14,77.4,6.4,224,2026-09-25 20:10:00,PT5M,0.0,0.0,0.0,0.0,0.0
0,0,0,0,27,0.14,77.6,6.4,224,2026-09-25 20:15:00,PT5M,0.0,0.0,0.0,0.0,0.0
0,0,0,0,27,0.14,77.8,6.4,223,2026-09-25 20:20:00,PT5M,0.0,0.0,0.0,0.0,0.0
0,0,0,0,27,0.14,77.9,6.4,223,2026-09-25 20:25:00,PT5M,0.0,0.0,0.0,0.0,0.0
0,0,0,0,27,0.14,78.1,6.4,223,2026-09-25 20:30:00,PT5M,0.0,0.0,0.0,0.0,0.0
0,0,0,0,27,0.14,78.3,6.4,223,2026-09-25 20:35:00,PT5M,0.0,0.0,0.0,0.0,0.0
0,0,0,0,27,0.14,78.4,6.4,223,2026-09-25 20:40:00,PT5M,0.0,0.0,0.0,0.0,0.0
0,0,0,0,26,0.14,78.5,6.4,223,2026-09-25 20:45:00,PT5M,0.0,0.0,0.0,0.0,0.0
0,0,0,0,26,0.14,78.6,6.4,224,2026-09-25 20:50:00,PT5M,0.0,0.0,0.0,0.0,0.0
0,0,0,0,26,0.14,78.8,6.4,224,2026-09-25 20:55:00,PT5M,0.0,0.0,0.0,0.0,0.0
0,0,0,0,26,0.14,78.9,6.5,225,2026-09-25 21:00:00,PT5M,0.0,0.0,0.0,0.0,0.0
0,0,0,0,26,0.14,79.0,6.5,225,2026-09-25 21:05:00,PT5M,0.0,0.0,0.0,0.0,0.0
0,0,0,0,26,0.14,79.1,6.5,225,2026-09-25 21:10:00,PT5M,0.0,0.0,0.0,0.0,0.0
0,0,0,0,26,0.14,79.2,6.5,226,2026-09-25 21:15:00,PT5M,0.0,0.0,0.0,0.0,0.0
0,0,0,0,26,0.14,79.3,6.5,226,2026-09-25 21:20:00,PT5M,0.0,0.0,0.0,0.0,0.0
0,0,0,0,26,0.14,79.5,6.6,226,2026-09-25 21:25:00,PT5M,0.0,0.0,0.0,0.0,0.0
0,0,0,0,26,0.14,79.6,6.6,227,2026-09-25 21:30:00,PT5M,0.0,0.0,0.0,0.0,0.0
0,0,0,0,26,0.14,79.7,6.6,227,2026-09-25 21:35:00,PT5M,0.0,0.0,0.0,0.0,0.0
0,0,0,0,26,0.14,79.7,6.5,227,2026-09-25 21:40:00,PT5M,0.0,0.0,0.0,0.0,0.0
0,0,0,0,26,0.14,79.8,6.5,227,2026-09-25 21:45:00,PT5M,0.0,0.0,0.0,0.0,0.0
0,0,0,0,26,0.14,79.9,6.4,227,2026-09-25 21:50:00,PT5M,0.0,0.0,0.0,0.0,0.0
0,0,0,0,26,0.14,80.0,6.4,227,2026-09-25 21:55:00,PT5M,0.0,0.0,0.0,0.0,0.0
0,0,0,0,26,0.14,80.1,6.3,227,2026-09-25 22:00:00,PT5M,0.0,0.0,0.0,0.0,0.0
0,0,0,0,26,0.14,80.1,6.3,227,2026-09-25 22:05:00,PT5M,0.0,0.0,0.0,0.0,0.0
0,0,0,0,26,0.14,80.2,6.2,227,2026-09-25 22:10:00,PT5M,0.0,0.0,0.0,0.0,0.0
0,0,0,0,26,0.14,80.3,6.2,227,2026-09-25 22:15:00,PT5M,0.0,0.0,0.0,0.0,0.0
0,0,0,0,26,0.14,80.4,6.1,227,2026-09-25 22:20:00,PT5M,0.0,0.0,0.0,0.0,0.0
0,0,0,0,26,0.14,80.4,6.1,227,2026-09-25 22:25:00,PT5M,0.0,0.0,0.0,0.0,0.0
0,0,0,0,26,0.14,80.5,6.0,227,2026-09-25 22:30:00,PT5M,0.0,0.0,0.0,0.0,0.0
0,0,0,0,26,0.14,80.6,6.0,227,2026-09-25 22:35:00,PT5M,0.0,0.0,0.0,0.0,0.0
0,0,0,0,26,0.14,80.8,6.0,227,2026-09-25 22:40:00,PT5M,0.0,0.0,0.0,0.0,0.0
0,0,0,0,26,0.14,81.0,6.0,226,2026-09-25 22:45:00,PT5M,0.0,0.0,0.0,0.0,0.0
0,0,0,0,26,0.14,81.1,6.1,226,2026-09-25 22:50:00,PT5M,0.0,0.0,0.0,0.0,0.0
0,0,0,0,26,0.14,81.3,6.1,226,2026-09-25 22:55:00,PT5M,0.0,0.0,0.0,0.0,0.0
0,0,0,0,26,0.14,81.4,6.1,225,2026-09-25 23:00:00,PT5M,0.0,0.0,0.0,0.0,0.0
0,0,0,0,26,0.14,81.6,6.1,225,2026-09-25 23:05:00,PT5M,0.0,0.0,0.0,0.0,0.0
0,0,0,0,26,0.14,81.8,6.1,225,2026-09-25 23:10:00,PT5M,0.0,0.0,0.0,0.0,0.0
0,0,0,0,26,0.14,81.9,6.1,224,2026-09-25 23:15:00,PT5M,0.0,0.0,0.0,0.0,0.0
0,0,0,0,26,0.14,82.1,6.1,224,2026-09-25 23:20:00,PT5M,0.0,0.0,0.0,0.0,0.0
0,0,0,0,26,0.14,82.2,6.1,224,2026-09-25 23:25:00,PT5M,0.0,0.0,0.0,0.0,0.0
0,0,0,0,25,0.14,82.4,6.1,223,2026-09-25 23:30:00,PT5M,0.0,0.0,0.0,0.0,0.0
0,0,0,0,25,0.14,82.5,6.1,223,2026-09-25 23:35:00,PT5M,0.0,0.0,0.0,0.0,0.0
0,0,0,0,25,0.14,82.5,6.1,224,2026-09-25 23:40:00,PT5M,0.0,0.0,0.0,0.0,0.0
0,0,0,0,25,0.14,82.5,6.1,224,2026-09-25 23:45:00,PT5M,0.0,0.0,0.0,0.0,0.0
0,0,0,0,25,0.14,82.5,6.0,224,2026-09-25 23:50:00,PT5M,0.0,0.0,0.0,0.0,0.0
0,0,0,0,25,0.14,82.5,6.0,224,2026-09-25 23:55:00,PT5M,0.0,0.0,0.0,0.0,0.0
0,0,0,0,25,0.14,82.5,6.0,225,2026-09-26 00:00:00,PT5M,0.0,0.0,0.0,0.0,0.0
0,0,0,0,25,0.14,82.5,5.9,225,2026-09-26 00:05:00,PT5M,0.0,0.0,0.0,0.0,0.0
0,0,0,0,25,0.14,82.5,5.9,226,2026-09-26 00:10:00,PT5M,0.0,0.0,0.0,0.0,0.0
0,0,0,0,25,0.14,82.5,5.9,226,2026-09-26 00:15:00,PT5M,0.0,0.0,0.0,0.0,0.0
0,0,0,0,25,0.14,82.5,5.8,226,2026-09-26 00:20:00,PT5M,0.0,0.0,0.0,0.0,0.0
0,0,0,0,25,0.14,82.5,5.8,227,2026-09-26 00:25:00,PT5M,0.0,0.0,0.0,0.0,0.0
0,0,0,0,25,0.14,82.5,5.7,227,2026-09-26 00:30:00,PT5M,0.0,0.0,0.0,0.0,0.0
0,0,0,0,25,0.14,82.5,5.7,227,2026-09-26 00:35:00,PT5M,0.0,0.0,0.0,0.0,0.0
0,0,0,0,25,0.14,82.6,5.7,227,2026-09-26 00:40:00,PT5M,0.0,0.0,0.0,0.0,0.0
0,0,0,0,25,0.14,82.7,5.7,227,2026-09-26 00:45:00,PT5M,0.0,0.0,0.0,0.0,0.0
0,0,0,0,25,0.14,82.8,5.7,226,2026-09-26 00:50:00,PT5M,0.0,0.0,0.0,0.0,0.0
0,0,0,0,25,0.14,82.8,5.7,226,2026-09-26 00:55:00,PT5M,0.0,0.0,0.0,0.0,0.0
0,0,0,0,25,0.14,82.9,5.7,226,2026-09-26 01:00:00,PT5M,0.0,0.0,0.0,0.0,0.0
0,0,0,0,25,0.14,83.0,5.7,226,2026-09-26 01:05:00,PT5M,0.0,0.0,0.0,0.0,0.0
0,0,0,0,25,0.14,83.1,5.7,225,2026-09-26 01:10:00,PT5M,0.0,0.0,0.0,0.0,0.0
0,0,0,0,25,0.14,83.2,5.7,225,2026-09-26 01:15:00,PT5M,0.0,0.0,0.0,0.0,0.0
0,0,0,0,25,0.14,83.3,5.7,225,2026-09-26 01:20:00,PT5M,0.0,0.0,0.0,0.0,0.0
0,0,0,0,25,0.14,83.3,5.7,225,2026-09-26 01:25:00,PT5M,0.0,0.0,0.0,0.0,0.0
0,0,0,0,25,0.14,83.4,5.7,224,2026-09-26 01:30:00,PT5M,0.0,0.0,0.0,0.0,0.0
0,0,0,0,25,0.14,83.5,5.7,224,2026-09-26 01:35:00,PT5M,0.0,0.0,0.0,0.0,0.0
0,0,0,0,25,0.14,83.6,5.8,225,2026-09-26 01:40:00,PT5M,0.0,0.0,0.0,0.0,0.0
0,0,0,0,25,0.14,83.7,5.8,225,2026-09-26 01:45:00,PT5M,0.0,0.0,0.0,0.0,0.0
0,0,0,0,25,0.14,83.8,5.8,225,2026-09-26 01:50:00,PT5M,0.0,0.0,0.0,0.0,0.0
0,0,0,0,25,0.14,83.9,5.9,225,2026-09-26 01:55:00,PT5M,0.0,0.0,0.0,0.0,0.0
0,0,0,0,25,0.14,83.9,5.9,225,2026-09-26 02:00:00,PT5M,0.0,0.0,0.0,0.0,0.0
0,0,0,0,25,0.14,84.0,5.9,225,2026-09-26 02:05:00,PT5M,0.0,0.0,0.0,0.0,0.0
0,0,0,0,25,0.14,84.1,5.9,226,2026-09-26 02:10:00,PT5M,0.0,0.0,0.0,0.0,0.0
0,0,0,0,25,0.14,84.2,6.0,226,2026-09-26 02:15:00,PT5M,0.0,0.0,0.0,0.0,0.0
0,0,0,0,25,0.14,84.3,6.0,226,2026-09-26 02:20:00,PT5M,0.0,0.0,0.0,0.0,0.0
0,0,0,0,25,0.14,84.4,6.0,226,2026-09-26 02:25:00,PT5M,0.0,0.0,0.0,0.0,0.0
0,0,0,0,25,0.14,84.5,6.1,226,2026-09-26 02:30:00,PT5M,0.0,0.0,0.0,0.0,0.0
0,0,0,0,25,0.14,84.5,6.0,226,2026-09-26 02:35:00,PT5M,0.0,0.0,0.0,0.0,0.0
0,0,0,0,25,0.14,84.6,6.0,226,2026-09-26 02:40:00,PT5M,0.0,0.0,0.0,0.0,0.0
0,0,0,0,25,0.14,84.6,5.9,226,2026-09-26 02:45:00,PT5M,0.0,0.0,0.0,0.0,0.0
0,0,0,0,25,0.14,84.7,5.8,226,2026-09-26 02:50:00,PT5M,0.0,0.0,0.0,0.0,0.0
0,0,0,0,25,0.14,84.7,5.8,225,2026-09-26 02:55:00,PT5M,0.0,0.0,0.0,0.0,0.0
0,0,0,0,25,0.14,84.7,5.7,225,2026-09-26 03:00:00,PT5M,0.0,0.0,0.0,0.0,0.0
0,0,0,0,25,0.14,84.8,5.6,225,2026-09-26 03:05:00,PT5M,0.0,0.0,0.0,0.0,0.0
0,0,0,0,25,0.14,84.8,5.6,225,2026-09-26 03:10:00,PT5M,0.0,0.0,0.0,0.0,0.0
0,0,0,0,25,0.14,84.9,5.5,224,2026-09-26 03:15:00,PT5M,0.0,0.0,0.0,0.0,0.0
0,0,0,0,25,0.14,84.9,5.4,224,2026-09-26 03:20:00,PT5M,0.0,0.0,0.0,0.0,0.0
0,0,0,0,25,0.14,85.0,5.3,224,2026-09-26 03:25:00,PT5M,0.0,0.0,0.0,0.0,0.0
0,0,0,0,25,0.14,85.0,5.3,224,2026-09-26 03:30:00,PT5M,0.0,0.0,0.0,0.0,0.0
0,0,0,0,25,0.14,85.0,5.2,224,2026-09-26 03:35:00,PT5M,0.0,0.0,0.0,0.0,0.0
0,0,0,0,25,0.14,85.0,5.3,224,2026-09-26 03:40:00,PT5M,0.0,0.0,0.0,0.0,0.0
0,0,0,0,25,0.14,84.9,5.3,224,2026-09-26 03:45:00,PT5M,0.0,0.0,0.0,0.0,0.0
0,0,0,0,25,0.14,84.9,5.3,224,2026-09-26 03:50:00,PT5M,0.0,0.0,0.0,0.0,0.0
0,0,0,0,25,0.14,84.8,5.3,224,2026-09-26 03:55:00,PT5M,0.0,0.0,0.0,0.0,0.0
0,0,0,0,25,0.14,84.8,5.4,224,2026-09-26 04:00:00,PT5M,0.0,0.0,0.0,0.0,0.0
0,0,0,0,25,0.14,84.7,5.4,224,2026-09-26 04:05:00,PT5M,0.0,0.0,0.0,0.0,0.0
0,0,0,0,25,0.14,84.7,5.4,224,2026-09-26 04:10:00,PT5M,0.0,0.0,0.0,0.0,0.0
0,0,0,0,25,0.14,84.7,5.4,225,2026-09-26 04:15:00,PT5M,0.0,0.0,0.0,0.0,0.0
0,0,0,0,25,0.14,84.6,5.5,225,2026-09-26 04:20:00,PT5M,0.0,0.0,0.0,0.0,0.0
0,0,0,0,25,0.14,84.6,5.5,225,2026-09-26 04:25:00,PT5M,0.0,0.0,0.0,0.0,0.0
0,0,0,0,25,0.14,84.5,5.5,225,2026-09-26 04:30:00,PT5M,0.0,0.0,0.0,0.0,0.0
0,0,0,0,25,0.14,84.5,5.5,225,2026-09-26 04:35:00,PT5M,0.0,0.0,0.0,0.0,0.0
0,0,0,0,25,0.14,84.4,5.5,225,2026-09-26 04:40:00,PT5M,0.0,0.0,0.0,0.0,0.0
0,0,0,0,25,0.14,84.4,5.4,224,2026-09-26 04:45:00,PT5M,0.0,0.0,0.0,0.0,0.0
0,0,0,0,25,0.14,84.4,5.4,224,2026-09-26 04:50:00,PT5M,0.0,0.0,0.0,0.0,0.0
0,0,0,0,25,0.14,84.3,5.4,224,2026-09-26 04:55:00,PT5M,0.0,0.0,0.0,0.0,0.0
0,0,0,0,25,0.14,84.3,5.3,224,2026-09-26 05:00:00,PT5M,0.0,0.0,0.0,0.0,0.0
0,0,0,0,25,0.14,84.2,5.3,223,2026-09-26 05:05:00,PT5M,0.0,0.0,0.0,0.0,0.0
0,0,0,0,25,0.14,84.2,5.3,223,2026-09-26 05:10:00,PT5M,0.0,0.0,0.0,0.0,0.0
0,0,0,0,25,0.14,84.1,5.2,223,2026-09-26 05:15:00,PT5M,0.0,0.0,0.0,0.0,0.0
0,0,0,0,25,0.14,84.1,5.2,223,2026-09-26 05:20:00,PT5M,0.0,0.0,0.0,0.0,0.0
0,0,0,0,25,0.14,84.1,5.2,222,2026-09-26 05:25:00,PT5M,0.0,0.0,0.0,0.0,0.0
0,0,0,0,25,0.14,84.0,5.1,222,2026-09-26 05:30:00,PT5M,0.0,0.0,0.0,0.0,0.0
0,0,0,0,25,0.14,83.9,5.1,222,2026-09-26 05:35:00,PT5M,0.0,0.0,0.0,0.0,0.0
0,0,0,0,25,0.14,83.8,5.2,223,2026-09-26 05:40:00,PT5M,0.0,0.0,0.0,0.0,0.0
0,0,0,0,25,0.14,83.7,5.2,223,2026-09-26 05:45:00,PT5M,0.0,0.0,0.0,0.0,0.0
0,0,0,0,25,0.14,83.5,5.2,223,2026-09-26 05:50:00,PT5M,0.0,0.0,0.0,0.0,0.0
0,0,0,0,25,0.14,83.4,5.3,224,2026-09-26 05:55:00,PT5M,0.0,0.0,0.0,0.0,0.0
1,1,0,1,25,0.14,83.3,5.3,224,2026-09-26 06:00:00,PT5M,0.0,0.0,0.0,0.0,0.0
4,5,0,5,25,0.14,83.2,5.4,225,2026-09-26 06:05:00,PT5M,0.0,0.389,0.2047,0.0,0.0
9,9,0,9,25,0.14,83.0,5.4,225,2026-09-26 06:10:00,PT5M,0.481,1.565,1.0515,0.0,0.0
14,14,0,14,25,0.14,82.9,5.4,226,2026-09-26 06:15:00,PT5M,1.127,3.252,2.2454,0.0086,0.0
19,19,0,19,25,0.14,82.8,5.5,226,2026-09-26 06:20:00,PT5M,1.824,5.4255,3.7195,0.0,0.0
25,25,0,25,25,0.14,82.7,5.5,227,2026-09-26 06:25:00,PT5M,2.583,7.7705,5.3132,0.0,0.0
32,32,0,32,25,0.14,82.5,5.6,227,2026-09-26 06:30:00,PT5M,3.482,10.5475,7.2006,0.0,0.0
40,40,0,40,26,0.14,82.2,5.6,227,2026-09-26 06:35:00,PT5M,4.55,15.1545,10.1312,0.0,0.0
51,51,0,51,26,0.14,81.7,5.5,227,2026-09-26 06:40:00,PT5M,5.836,18.7175,12.6156,0.0,0.0
63,63,0,63,26,0.14,81.2,5.5,226,2026-09-26 06:45:00,PT5M,7.343,22.3465,15.2394,0.0,0.0
76,76,0,76,26,0.14,80.7,5.4,226,2026-09-26 06:50:00,PT5M,9.078,26.157,18.0668,0.0892,0.0
91,91,0,91,26,0.14,80.1,5.4,225,2026-09-26 06:55:00,PT5M,10.864,30.015,20.9433,0.7847,0.0
106,107,7,105,26,0.14,79.6,5.4,225,2026-09-26 07:00:00,PT5M,13.113,34.39,24.3112,1.9148,0.0
123,124,32,114,26,0.14,79.1,5.3,224,2026-09-26 07:05:00,PT5M,16.384,39.82,28.7185,4.0495,0.0
142,142,61,123,26,0.14,78.6,5.3,224,2026-09-26 07:10:00,PT5M,20.251,45.836,33.7166,6.7854,0.0
161,161,93,131,27,0.14,78.1,5.2,223,2026-09-26 07:15:00,PT5M,24.546,52.2465,39.125,9.967,0.0
182,182,128,138,27,0.14,77.6,5.2,223,2026-09-26 07:20:00,PT5M,29.486,59.255,45.1536,13.8184,0.0
205,204,167,143,27,0.14,77.1,5.2,223,2026-09-26 07:25:00,PT5M,35.004,66.7865,51.7314,18.2766,3.2215
229,228,210,147,27,0.14,76.7,5.1,222,2026-09-26 07:30:00,PT5M,41.123,74.955,58.929,23.317,7.291
249,248,237,151,27,0.14,76.2,5.1,222,2026-09-26 07:35:00,PT5M,46.003,81.968,64.9316,27.0744,10.038
264,263,246,158,27,0.14,75.7,5.2,222,2026-09-26 07:40:00,PT5M,49.217,87.554,69.394,29.04,10.88
280,279,256,165,27,0.14,75.2,5.2,223,2026-09-26 07:45:00,PT5M,51.521,90.8875,72.2399,30.8021,12.1545
296,295,265,171,27,0.14,74.7,5.2,223,2026-09-26 07:50:00,PT5M,53.495,93.41,74.5025,32.4875,13.58
311,310,273,178,27,0.14,74.3,5.3,223,2026-09-26 07:55:00,PT5M,55.409,95.8285,76.6821,34.1359,14.9895
327,326,282,184,28,0.14,73.8,5.3,224,2026-09-26 08:00:00,PT5M,57.254,98.1285,78.7665,35.7415,16.3795
343,341,290,190,28,0.14,73.3,5.4,224,2026-09-26 08:05:00,PT5M,59.021,100.0,80.7412,37.3008,17.752
358,357,298,196,28,0.14,72.9,5.4,224,2026-09-26 08:10:00,PT5M,60.701,100.0,82.5906,38.8114,19.11
374,372,306,201,28,0.14,72.4,5.4,225,2026-09-26 08:15:00,PT5M,62.287,100.0,84.3037,40.2703,20.4545
389,387,314,207,28,0.14,72.0,5.5,225,2026-09-26 08:20:00,PT5M,63.774,100.0,85.8692,41.6788,21.7925
404,403,321,212,28,0.14,71.5,5.5,225,2026-09-26 08:25:00,PT5M,65.167,100.0,87.2864,43.0476,23.1395
420,418,328,218,28,0.14,71.1,5.6,226,2026-09-26 08:30:00,PT5M,66.5,100.0,88.6581,44.3419,24.399
435,433,336,222,28,0.14,70.5,5.6,226,2026-09-26 08:35:00,PT5M,67.909,100.0,90.0121,45.8059,25.9125
451,449,345,227,29,0.14,70.0,5.6,226,2026-09-26 08:40:00,PT5M,69.398,100.0,91.2953,47.5007,27.7925
467,465,355,231,29,0.14,69.4,5.6,227,2026-09-26 08:45:00,PT5M,70.834,100.0,92.5271,49.1409,29.6165
483,481,364,234,29,0.14,68.8,5.6,227,2026-09-26 08:50:00,PT5M,72.225,100.0,93.7199,50.7301,31.384
499,497,374,238,29,0.14,68.3,5.6,227,2026-09-26 08:55:00,PT5M,73.585,100.0,94.8849,52.2851,33.1145
515,513,383,241,29,0.14,67.7,5.6,228,2026-09-26 09:00:00,PT5M,74.911,100.0,96.0151,53.8069,34.8125
532,529,394,244,29,0.14,67.2,5.6,228,2026-09-26 09:05:00,PT5M,76.31,100.0,97.2131,55.4069,36.5935
548,545,405,246,30,0.14,66.6,5.6,228,2026-09-26 09:10:00,PT5M,77.671,100.0,98.3722,56.9698,38.338
564,561,416,248,30,0.14,66.1,5.6,229,2026-09-26 09:15:00,PT5M,78.995,100.0,99.4939,58.4961,40.0465
580,577,427,250,30,0.14,65.6,5.6,229,2026-09-26 09:20:00,PT5M,80.282,100.0,100.0,59.986,41.719
596,593,438,251,30,0.14,65.0,5.6,230,2026-09-26 09:25:00,PT5M,81.534,100.0,100.0,61.4409,43.3565
612,608,449,252,30,0.14,64.5,5.6,230,2026-09-26 09:30:00,PT5M,82.751,100.0,100.0,62.8608,44.959
626,622,458,254,30,0.14,64.0,5.6,230,2026-09-26 09:35:00,PT5M,83.744,100.0,100.0,64.032,46.2905
639,635,463,256,30,0.14,63.6,5.6,230,2026-09-26 09:40:00,PT5M,84.519,100.0,100.0,64.9583,47.353
651,647,468,259,31,0.14,63.2,5.6,231,2026-09-26 09:45:00,PT5M,85.217,100.0,100.0,65.8021,48.328
663,659,473,261,31,0.14,62.8,5.7,231,2026-09-26 09:50:00,PT5M,85.883,100.0,100.0,66.6104,49.2645
674,671,478,263,31,0.14,62.4,5.7,231,2026-09-26 09:55:00,PT5M,86.524,100.0,100.0,67.3906,50.17
686,682,482,265,31,0.14,61.9,5.7,231,2026-09-26 10:00:00,PT5M,87.138,100.0,100.0,68.1386,51.0385
697,692,487,267,31,0.14,61.5,5.7,232,2026-09-26 10:05:00,PT5M,87.725,100.0,100.0,68.8556,51.8725
707,703,491,269,31,0.14,61.1,5.7,232,2026-09-26 10:10:00,PT5M,88.286,100.0,100.0,69.5426,52.673
717,713,495,271,31,0.14,60.7,5.7,232,2026-09-26 10:15:00,PT5M,88.822,100.0,100.0,70.201,53.4415
727,723,499,272,31,0.14,60.3,5.7,232,2026-09-26 10:20:00,PT5M,89.332,100.0,100.0,70.8299,54.1775
737,732,504,273,32,0.14,59.9,5.8,232,2026-09-26 10:25:00,PT5M,89.82,100.0,100.0,71.4337,54.8855
746,741,508,274,32,0.14,59.5,5.8,233,2026-09-26 10:30:00,PT5M,90.287,100.0,100.0,72.0134,55.5665
752,748,506,278,32,0.14,59.1,5.8,233,2026-09-26 10:35:00,PT5M,90.414,100.0,100.0,72.188,55.784
755,751,500,283,32,0.14,58.7,5.7,233,2026-09-26 10:40:00,PT5M,90.208,100.0,100.0,71.9625,55.541
758,753,493,289,32,0.14,58.3,5.7,233,2026-09-26 10:45:00,PT5M,89.985,100.0,100.0,71.714,55.2695
760,755,486,294,32,0.14,57.9,5.7,234,2026-09-26 10:50:00,PT5M,89.743,100.0,100.0,71.4391,54.965
761,757,479,300,32,0.14,57.5,5.6,234,2026-09-26 10:55:00,PT5M,89.476,100.0,100.0,71.1274,54.613
762,758,472,305,32,0.14,57.1,5.6,234,2026-09-26 11:00:00,PT5M,89.181,100.0,100.0,70.7745,54.208
763,758,465,310,33,0.14,56.7,5.6,235,2026-09-26 11:05:00,PT5M,88.888,100.0,100.0,70.4315,53.82
763,759,458,315,33,0.14,56.3,5.5,235,2026-09-26 11:10:00,PT5M,88.585,100.0,100.0,70.0782,53.4215
763,758,450,319,33,0.14,55.9,5.5,235,2026-09-26 11:15:00,PT5M,88.254,100.0,100.0,69.6856,52.9735
762,758,443,324,33,0.14,55.5,5.5,236,2026-09-26 11:20:00,PT5M,87.901,100.0,100.0,69.2634,52.489
761,757,436,328,33,0.14,55.1,5.5,236,2026-09-26 11:25:00,PT5M,87.527,100.0,100.0,68.8147,51.973
759,755,429,333,33,0.14,54.7,5.4,236,2026-09-26 11:30:00,PT5M,87.131,100.0,100.0,68.3392,51.426
757,753,422,337,33,0.14,54.4,5.4,236,2026-09-26 11:35:00,PT5M,86.717,100.0,100.0,67.8626,50.893
754,750,414,340,33,0.14,54.1,5.4,236,2026-09-26 11:40:00,PT5M,86.282,100.0,100.0,67.3813,50.37
751,747,407,344,33,0.14,53.9,5.4,237,2026-09-26 11:45:00,PT5M,85.822,100.0,100.0,66.8702,49.813
747,744,400,348,33,0.14,53.6,5.4,237,2026-09-26 11:50:00,PT5M,85.335,100.0,100.0,66.3277,49.2205
743,740,392,351,34,0.14,53.4,5.3,237,2026-09-26 11:55:00,PT5M,84.82,100.0,100.0,65.7522,48.5905
739,735,385,354,34,0.14,53.1,5.3,237,2026-09-26 12:00:00,PT5M,84.326,100.0,100.0,65.1932,47.973
734,731,377,357,34,0.14,52.9,5.3,237,2026-09-26 12:05:00,PT5M,83.872,100.0,100.0,64.6694,47.3865
729,725,369,360,34,0.14,52.6,5.3,237,2026-09-26 12:10:00,PT5M,83.388,100.0,100.0,64.1115,46.762
723,720,362,362,34,0.14,52.4,5.3,237,2026-09-26 12:15:00,PT5M,82.874,100.0,100.0,63.5193,46.0995
717,714,354,364,34,0.14,52.1,5.3,237,2026-09-26 12:20:00,PT5M,82.33,100.0,100.0,62.8935,45.4
710,707,346,366,34,0.14,51.9,5.2,237,2026-09-26 12:25:00,PT5M,81.786,100.0,100.0,62.2637,44.693
703,700,338,368,34,0.14,51.6,5.2,237,2026-09-26 12:30:00,PT5M,81.171,100.0,100.0,61.56,43.9095
697,694,332,369,34,0.14,52.3,5.2,238,2026-09-26 12:35:00,PT5M,80.707,100.0,100.0,61.0294,43.319
692,689,328,369,34,0.14,53.8,5.2,240,2026-09-26 12:40:00,PT5M,80.389,100.0,100.0,60.6659,42.9145
686,683,324,369,33,0.14,55.5,5.2,242,2026-09-26 12:45:00,PT5M,80.039,100.0,99.8126,60.2654,42.4685
680,677,320,368,33,0.14,57.1,5.2,244,2026-09-26 12:50:00,PT5M,79.642,100.0,99.4759,59.8081,41.957
673,670,315,367,32,0.14,58.8,5.2,245,2026-09-26 12:55:00,PT5M,79.224,100.0,99.1187,59.3293,41.4235
666,664,311,366,32,0.14,60.6,5.2,247,2026-09-26 13:00:00,PT5M,78.809,100.0,98.7574,58.8606,40.9065
659,656,307,365,31,0.14,62.4,5.2,249,2026-09-26 13:05:00,PT5M,78.358,100.0,98.3658,58.3502,40.3425
651,649,302,364,31,0.14,64.3,5.2,250,2026-09-26 13:10:00,PT5M,77.855,100.0,97.9326,57.7774,39.707
644,641,298,362,31,0.14,66.3,5.2,252,2026-09-26 13:15:00,PT5M,77.316,100.0,97.4678,57.1642,39.027
635,633,293,361,30,0.14,68.3,5.2,254,2026-09-26 13:20:00,PT5M,76.744,100.0,96.9737,56.5143,38.307
627,625,289,359,30,0.14,70.4,5.3,256,2026-09-26 13:25:00,PT5M,76.142,100.0,96.4522,55.8318,37.552
618,616,284,357,29,0.14,72.5,5.3,257,2026-09-26 13:30:00,PT5M,75.51,100.0,95.9028,55.1172,36.763
604,602,272,356,29,0.14,73.4,5.2,258,2026-09-26 13:35:00,PT5M,74.147,100.0,94.7277,53.5663,35.043
585,583,252,358,29,0.14,73.0,5.0,258,2026-09-26 13:40:00,PT5M,72.053,100.0,92.9206,51.1854,32.404
566,564,233,358,29,0.14,72.6,4.7,258,2026-09-26 13:45:00,PT5M,69.929,100.0,91.0779,48.7801,29.7455
547,546,215,358,30,0.14,72.1,4.5,257,2026-09-26 13:50:00,PT5M,67.777,100.0,89.2022,46.3518,27.0685
528,527,197,357,30,0.14,71.7,4.3,257,2026-09-26 13:55:00,PT5M,65.58,100.0,87.2757,43.8843,24.3575
510,509,180,355,30,0.14,71.3,4.1,257,2026-09-26 14:00:00,PT5M,63.38,100.0,85.3404,41.4196,21.6545
491,490,164,353,30,0.14,70.9,3.8,257,2026-09-26 14:05:00,PT5M,61.149,100.0,83.3694,38.9286,18.9295
473,472,148,349,30,0.14,70.5,3.6,256,2026-09-26 14:10:00,PT5M,58.901,100.0,81.3748,36.4272,16.2
455,454,133,345,30,0.14,70.1,3.4,256,2026-09-26 14:15:00,PT5M,56.636,99.8055,79.3564,33.9156,13.4665
437,437,119,341,30,0.14,69.7,3.2,256,2026-09-26 14:20:00,PT5M,54.322,97.95,77.2837,31.3603,10.694
419,419,105,336,30,0.14,69.3,2.9,255,2026-09-26 14:25:00,PT5M,52.001,96.083,75.2017,28.8003,7.919
401,401,91,330,30,0.14,68.9,2.7,255,2026-09-26 14:30:00,PT5M,49.834,94.368,73.2726,26.3954,5.3
388,388,84,324,30,0.14,68.5,2.6,254,2026-09-26 14:35:00,PT5M,48.185,93.011,71.7772,24.5928,3.359
379,380,81,318,30,0.14,68.2,2.7,254,2026-09-26 14:40:00,PT5M,47.18,92.1515,70.8488,23.5112,2.2085
370,371,79,313,31,0.14,67.9,2.8,254,2026-09-26 14:45:00,PT5M,46.146,91.2645,69.8922,22.3998,1.0275
361,361,76,307,31,0.14,67.6,2.9,253,2026-09-26 14:50:00,PT5M,45.081,90.348,68.9053,21.2567,0.0
352,352,73,300,31,0.14,67.3,2.9,253,2026-09-26 14:55:00,PT5M,43.985,89.4015,67.888,20.082,0.0
343,343,71,294,31,0.14,67.0,3.0,253,2026-09-26 15:00:00,PT5M,42.914,88.4785,66.8949,18.9331,0.0
333,334,68,288,31,0.14,66.7,3.1,253,2026-09-26 15:05:00,PT5M,41.821,87.5255,65.8756,17.7664,0.0
324,324,65,281,31,0.14,66.4,3.1,252,2026-09-26 15:10:00,PT5M,40.695,86.1865,64.6375,16.7525,0.0
314,315,63,274,31,0.14,66.2,3.2,252,2026-09-26 15:15:00,PT5M,39.535,84.7915,63.3538,15.7162,0.0
305,305,60,267,31,0.14,65.9,3.3,252,2026-09-26 15:20:00,PT5M,38.323,83.323,62.0068,14.6392,0.0
295,295,57,260,31,0.14,65.6,3.4,252,2026-09-26 15:25:00,PT5M,37.073,81.7865,60.606,13.54,0.0
284,285,54,253,31,0.14,65.3,3.4,252,2026-09-26 15:30:00,PT5M,35.784,80.175,59.1473,12.4207,0.0
274,274,50,245,31,0.14,65.1,3.5,251,2026-09-26 15:35:00,PT5M,34.408,78.4775,57.6021,11.2139,0.0
263,263,47,237,31,0.14,65.1,3.6,250,2026-09-26 15:40:00,PT5M,32.986,76.6975,55.9917,9.9803,0.0
252,252,43,229,31,0.14,65.1,3.6,249,2026-09-26 15:45:00,PT5M,31.55,74.8135,54.3199,8.7801,0.0
241,241,39,220,31,0.14,65.1,3.7,248,2026-09-26 15:50:00,PT5M,30.081,72.8175,52.5735,7.5885,0.0
229,230,35,212,31,0.14,65.1,3.8,247,2026-09-26 15:55:00,PT5M,28.579,70.6515,50.7221,6.4359,0.0
218,219,31,204,31,0.14,65.1,3.9,246,2026-09-26 16:00:00,PT5M,27.045,68.4565,48.8402,5.2498,0.0
207,207,27,195,31,0.14,65.1,3.9,245,2026-09-26 16:05:00,PT5M,25.771,66.4705,47.1914,4.3506,0.0
196,196,22,186,31,0.14,65.1,4.0,244,2026-09-26 16:10:00,PT5M,24.168,64.111,45.1903,3.1457,0.0
185,185,18,178,31,0.14,65.1,4.1,244,2026-09-26 16:15:00,PT5M,22.567,61.5805,43.1001,2.0339,0.0
174,174,13,169,31,0.14,65.1,4.2,243,2026-09-26 16:20:00,PT5M,21.177,57.744,40.4225,1.9315,0.0
163,163,8,160,30,0.14,65.1,4.2,242,2026-09-26 16:25:00,PT5M,19.679,53.904,37.6919,1.6661,0.0
152,152,4,151,30,0.14,65.1,4.3,241,2026-09-26 16:30:00,PT5M,18.15,50.056,34.9424,1.3576,0.0
141,142,0,142,30,0.14,65.2,4.3,241,2026-09-26 16:35:00,PT5M,16.739,46.344,32.3203,1.1577,0.0
131,131,0,131,30,0.14,65.4,4.3,240,2026-09-26 16:40:00,PT5M,15.577,42.879,29.9462,1.2078,0.0
121,121,0,121,30,0.14,65.6,4.3,239,2026-09-26 16:45:00,PT5M,14.365,39.3655,27.5229,1.2071,0.0
111,111,0,111,30,0.14,65.8,4.3,238,2026-09-26 16:50:00,PT5M,13.139,35.853,25.0935,1.1845,0.0
100,101,0,101,30,0.14,66.0,4.3,237,2026-09-26 16:55:00,PT5M,11.913,32.374,22.6818,1.1442,0.0
90,90,0,90,30,0.14,66.2,4.3,236,2026-09-26 17:00:00,PT5M,10.662,28.942,20.2829,1.0411,0.0
80,80,0,80,30,0.14,66.5,4.2,235,2026-09-26 17:05:00,PT5M,9.423,25.6175,17.9463,0.8997,0.0
69,70,0,70,30,0.14,66.7,4.2,234,2026-09-26 17:10:00,PT5M,8.12,22.28,15.5725,0.6675,0.0
60,60,0,60,30,0.14,66.9,4.2,233,2026-09-26 17:15:00,PT5M,6.884,19.005,13.2634,0.5046,0.0
50,50,0,50,30,0.14,67.1,4.2,232,2026-09-26 17:20:00,PT5M,5.77,15.824,11.0615,0.4785,0.0
41,41,0,41,29,0.14,67.3,4.2,231,2026-09-26 17:25:00,PT5M,4.661,12.6655,8.8738,0.4482,0.0
33,33,0,33,29,0.14,67.6,4.2,230,2026-09-26 17:30:00,PT5M,3.552,9.614,6.7425,0.3615,0.0
25,25,0,25,29,0.14,67.8,4.2,230,2026-09-26 17:35:00,PT5M,2.569,6.9055,4.8513,0.2867,0.0
18,18,0,18,29,0.14,68.2,4.2,230,2026-09-26 17:40:00,PT5M,1.663,4.262,3.0309,0.2951,0.0
11,12,0,12,29,0.14,68.6,4.2,230,2026-09-26 17:45:00,PT5M,0.837,2.12,1.5123,0.1617,0.0
6,6,0,6,29,0.14,68.9,4.2,229,2026-09-26 17:50:00,PT5M,0.107,0.5635,0.3473,0.0,0.0
2,2,0,2,29,0.14,69.3,4.3,229,2026-09-26 17:55:00,PT5M,0.0,0.0,0.0,0.0,0.0
0,0,0,0,29,0.14,69.6,4.3,229,2026-09-26 18:00:00,PT5M,0.0,0.0,0.0,0.0,0.0
0,0,0,0,29,0.14,70.0,4.3,229,2026-09-26 18:05:00,PT5M,0.0,0.0,0.0,0.0,0.0
0,0,0,0,29,0.14,70.4,4.3,229,2026-09-26 18:10:00,PT5M,0.0,0.0,0.0,0.0,0.0
0,0,0,0,28,0.14,70.8,4.3,229,2026-09-26 18:15:00,PT5M,0.0,0.0,0.0,0.0,0.0
0,0,0,0,28,0.14,71.1,4.4,229,2026-09-26 18:20:00,PT5M,0.0,0.0,0.0,0.0,0.0
0,0,0,0,28,0.14,71.5,4.4,229,2026-09-26 18:25:00,PT5M,0.0,0.0,0.0,0.0,0.0
0,0,0,0,28,0.14,71.9,4.4,229,2026-09-26 18:30:00,PT5M,0.0,0.0,0.0,0.0,0.0
0,0,0,0,28,0.14,72.2,4.4,229,2026-09-26 18:35:00,PT5M,0.0,0.0,0.0,0.0,0.0
0,0,0,0,28,0.14,72.6,4.4,229,2026-09-26 18:40:00,PT5M,0.0,0.0,0.0,0.0,0.0
0,0,0,0,28,0.14,72.9,4.4,228,2026-09-26 18:45:00,PT5M,0.0,0.0,0.0,0.0,0.0
0,0,0,0,28,0.14,73.2,4.4,228,2026-09-26 18:50:00,PT5M,0.0,0.0,0.0,0.0,0.0
0,0,0,0,28,0.14,73.5,4.4,228,2026-09-26 18:55:00,PT5M,0.0,0.0,0.0,0.0,0.0
0,0,0,0,28,0.14,73.8,4.4,228,2026-09-26 19:00:00,PT5M,0.0,0.0,0.0,0.0,0.0
0,0,0,0,28,0.14,74.2,4.4,228,2026-09-26 19:05:00,PT5M,0.0,0.0,0.0,0.0,0.0
0,0,0,0,28,0.14,74.5,4.4,228,2026-09-26 19:10:00,PT5M,0.0,0.0,0.0,0.0,0.0
0,0,0,0,27,0.14,74.8,4.4,228,2026-09-26 19:15:00,PT5M,0.0,0.0,0.0,0.0,0.0
0,0,0,0,27,0.14,75.2,4.4,228,2026-09-26 19:20:00,PT5M,0.0,0.0,0.0,0.0,0.0
0,0,0,0,27,0.14,75.5,4.5,228,2026-09-26 19:25:00,PT5M,0.0,0.0,0.0,0.0,0.0
0,0,0,0,27,0.14,75.8,4.5,228,2026-09-26 19:30:00,PT5M,0.0,0.0,0.0,0.0,0.0
0,0,0,0,27,0.14,76.1,4.5,228,2026-09-26 19:35:00,PT5M,0.0,0.0,0.0,0.0,0.0
0,0,0,0,27,0.14,76.3,4.5,228,2026-09-26 19:40:00,PT5M,0.0,0.0,0.0,0.0,0.0
0,0,0,0,27,0.14,76.6,4.5,228,2026-09-26 19:45:00,PT5M,0.0,0.0,0.0,0.0,0.0
0,0,0,0,27,0.14,76.8,4.5,229,2026-09-26 19:50:00,PT5M,0.0,0.0,0.0,0.0,0.0
0,0,0,0,27,0.14,77.0,4.5,229,2026-09-26 19:55:00,PT5M,0.0,0.0,0.0,0.0,0.0
0,0,0,0,27,0.14,77.2,4.5,229,2026-09-26 20:00:00,PT5M,0.0,0.0,0.0,0.0,0.0
0,0,0,0,27,0.14,77.5,4.5,230,2026-09-26 20:05:00,PT5M,0.0,0.0,0.0,0.0,0.0
0,0,0,0,27,0.14,77.7,4.5,230,2026-09-26 20:10:00,PT5M,0.0,0.0,0.0,0.0,0.0
0,0,0,0,27,0.14,77.9,4.5,230,2026-09-26 20:15:00,PT5M,0.0,0.0,0.0,0.0,0.0
0,0,0,0,27,0.14,78.2,4.5,231,2026-09-26 20:20:00,PT5M,0.0,0.0,0.0,0.0,0.0
0,0,0,0,27,0.14,78.4,4.5,231,2026-09-26 20:25:00,PT5M,0.0,0.0,0.0,0.0,0.0
0,0,0,0,27,0.14,78.6,4.5,231,2026-09-26 20:30:00,PT5M,0.0,0.0,0.0,0.0,0.0
0,0,0,0,27,0.14,78.8,4.5,231,2026-09-26 20:35:00,PT5M,0.0,0.0,0.0,0.0,0.0
0,0,0,0,27,0.14,79.0,4.5,231,2026-09-26 20:40:00,PT5M,0.0,0.0,0.0,0.0,0.0
0,0,0,0,27,0.14,79.1,4.5,231,2026-09-26 20:45:00,PT5M,0.0,0.0,0.0,0.0,0.0
0,0,0,0,27,0.14,79.3,4.5,231,2026-09-26 20:50:00,PT5M,0.0,0.0,0.0,0.0,0.0
0,0,0,0,27,0.14,79.4,4.5,231,2026-09-26 20:55:00,PT5M,0.0,0.0,0.0,0.0,0.0
0,0,0,0,27,0.14,79.6,4.4,231,2026-09-26 21:00:00,PT5M,0.0,0.0,0.0,0.0,0.0
0,0,0,0,27,0.14,79.8,4.4,231,2026-09-26 21:05:00,PT5M,0.0,0.0,0.0,0.0,0.0
0,0,0,0,27,0.14,79.9,4.4,231,2026-09-26 21:10:00,PT5M,0.0,0.0,0.0,0.0,0.0
0,0,0,0,27,0.14,80.1,4.4,231,2026-09-26 21:15:00,PT5M,0.0,0.0,0.0,0.0,0.0
0,0,0,0,27,0.14,80.2,4.4,231,2026-09-26 21:20:00,PT5M,0.0,0.0,0.0,0.0,0.0
0,0,0,0,26,0.14,80.4,4.4,231,2026-09-26 21:25:00,PT5M,0.0,0.0,0.0,0.0,0.0
0,0,0,0,26,0.14,80.6,4.4,231,2026-09-26 21:30:00,PT5M,0.0,0.0,0.0,0.0,0.0
0,0,0,0,26,0.14,80.7,4.4,231,2026-09-26 21:35:00,PT5M,0.0,0.0,0.0,0.0,0.0
0,0,0,0,26,0.14,80.8,4.4,231,2026-09-26 21:40:00,PT5M,0.0,0.0,0.0,0.0,0.0
0,0,0,0,26,0.14,80.9,4.4,231,2026-09-26 21:45:00,PT5M,0.0,0.0,0.0,0.0,0.0
0,0,0,0,26,0.14,81.1,4.4,231,2026-09-26 21:50:00,PT5M,0.0,0.0,0.0,0.0,0.0
0,0,0,0,26,0.14,81.2,4.5,231,2026-09-26 21:55:00,PT5M,0.0,0.0,0.0,0.0,0.0
0,0,0,0,26,0.14,81.3,4.5,231,2026-09-26 22:00:00,PT5M,0.0,0.0,0.0,0.0,0.0
0,0,0,0,26,0.14,81.4,4.5,231,2026-09-26 22:05:00,PT5M,0.0,0.0,0.0,0.0,0.0
0,0,0,0,26,0.14,81.5,4.5,232,2026-09-26 22:10:00,PT5M,0.0,0.0,0.0,0.0,0.0
0,0,0,0,26,0.14,81.7,4.5,232,2026-09-26 22:15:00,PT5M,0.0,0.0,0.0,0.0,0.0
0,0,0,0,26,0.14,81.8,4.5,232,2026-09-26 22:20:00,PT5M,0.0,0.0,0.0,0.0,0.0
0,0,0,0,26,0.14,81.9,4.5,232,2026-09-26 22:25:00,PT5M,0.0,0.0,0.0,0.0,0.0
0,0,0,0,26,0.14,82.0,4.6,232,2026-09-26 22:30:00,PT5M,0.0,0.0,0.0,0.0,0.0
0,0,0,0,26,0.14,82.1,4.6,232,2026-09-26 22:35:00,PT5M,0.0,0.0,0.0,0.0,0.0
0,0,0,0,26,0.14,82.2,4.6,233,2026-09-26 22:40:00,PT5M,0.0,0.0,0.0,0.0,0.0
0,0,0,0,26,0.14,82.3,4.6,233,2026-09-26 22:45:00,PT5M,0.0,0.0,0.0,0.0,0.0
0,0,0,0,26,0.14,82.4,4.6,233,2026-09-26 22:50:00,PT5M,0.0,0.0,0.0,0.0,0.0
0,0,0,0,26,0.14,82.4,4.7,234,2026-09-26 22:55:00,PT5M,0.0,0.0,0.0,0.0,0.0
0,0,0,0,26,0.14,82.5,4.7,234,2026-09-26 23:00:00,PT5M,0.0,0.0,0.0,0.0,0.0
0,0,0,0,26,0.14,82.6,4.7,234,2026-09-26 23:05:00,PT5M,0.0,0.0,0.0,0.0,0.0
0,0,0,0,26,0.14,82.7,4.7,235,2026-09-26 23:10:00,PT5M,0.0,0.0,0.0,0.0,0.0
0,0,0,0,26,0.14,82.8,4.7,235,2026-09-26 23:15:00,PT5M,0.0,0.0,0.0,0.0,0.0
0,0,0,0,26,0.14,82.9,4.8,235,2026-09-26 23:20:00,PT5M,0.0,0.0,0.0,0.0,0.0
0,0,0,0,26,0.14,82.9,4.8,236,2026-09-26 23:25:00,PT5M,0.0,0.0,0.0,0.0,0.0
0,0,0,0,26,0.14,83.0,4.8,236,2026-09-26 23:30:00,PT5M,0.0,0.0,0.0,0.0,0.0
0,0,0,0,26,0.14,83.0,4.8,236,2026-09-26 23:35:00,PT5M,0.0,0.0,0.0,0.0,0.0
0,0,0,0,26,0.14,83.0,4.8,236,2026-09-26 23:40:00,PT5M,0.0,0.0,0.0,0.0,0.0
0,0,0,0,26,0.14,82.9,4.8,237,2026-09-26 23:45:00,PT5M,0.0,0.0,0.0,0.0,0.0
0,0,0,0,26,0.14,82.9,4.7,237,2026-09-26 23:50:00,PT5M,0.0,0.0,0.0,0.0,0.0
0,0,0,0,26,0.14,82.9,4.7,237,2026-09-26 23:55:00,PT5M,0.0,0.0,0.0,0.0,0.0
0,0,0,0,26,0.14,82.8,4.7,238,2026-09-27 00:00:00,PT5M,0.0,0.0,0.0,0.0,0.0
0,0,0,0,26,0.14,82.8,4.7,238,2026-09-27 00:05:00,PT5M,0.0,0.0,0.0,0.0,0.0
0,0,0,0,26,0.14,82.7,4.6,238,2026-09-27 00:10:00,PT5M,0.0,0.0,0.0,0.0,0.0
0,0,0,0,26,0.14,82.7,4.6,238,2026-09-27 00:15:00,PT5M,0.0,0.0,0.0,0.0,0.0
0,0,0,0,26,0.14,82.6,4.6,239,2026-09-27 00:20:00,PT5M,0.0,0.0,0.0,0.0,0.0
0,0,0,0,26,0.14,82.6,4.6,239,2026-09-27 00:25:00,PT5M,0.0,0.0,0.0,0.0,0.0
0,0,0,0,26,0.14,82.5,4.5,239,2026-09-27 00:30:00,PT5M,0.0,0.0,0.0,0.0,0.0
0,0,0,0,26,0.14,82.5,4.5,239,2026-09-27 00:35:00,PT5M,0.0,0.0,0.0,0.0,0.0
0,0,0,0,26,0.14,82.3,4.5,239,2026-09-27 00:40:00,PT5M,0.0,0.0,0.0,0.0,0.0
0,0,0,0,26,0.14,82.2,4.4,239,2026-09-27 00:45:00,PT5M,0.0,0.0,0.0,0.0,0.0
0,0,0,0,26,0.14,82.1,4.4,238,2026-09-27 00:50:00,PT5M,0.0,0.0,0.0,0.0,0.0
0,0,0,0,26,0.14,82.0,4.4,238,2026-09-27 00:55:00,PT5M,0.0,0.0,0.0,0.0,0.0
0,0,0,0,26,0.14,81.8,4.4,237,2026-09-27 01:00:00,PT5M,0.0,0.0,0.0,0.0,0.0
0,0,0,0,26,0.14,81.7,4.3,237,2026-09-27 01:05:00,PT5M,0.0,0.0,0.0,0.0,0.0
0,0,0,0,26,0.14,81.6,4.3,237,2026-09-27 01:10:00,PT5M,0.0,0.0,0.0,0.0,0.0
0,0,0,0,26,0.14,81.5,4.3,236,2026-09-27 01:15:00,PT5M,0.0,0.0,0.0,0.0,0.0
0,0,0,0,26,0.14,81.3,4.2,236,2026-09-27 01:20:00,PT5M,0.0,0.0,0.0,0.0,0.0
0,0,0,0,26,0.14,81.2,4.2,235,2026-09-27 01:25:00,PT5M,0.0,0.0,0.0,0.0,0.0
0,0,0,0,26,0.14,81.1,4.2,235,2026-09-27 01:30:00,PT5M,0.0,0.0,0.0,0.0,0.0
0,0,0,0,26,0.14,81.1,4.1,235,2026-09-27 01:35:00,PT5M,0.0,0.0,0.0,0.0,0.0
0,0,0,0,26,0.14,81.2,4.1,235,2026-09-27 01:40:00,PT5M,0.0,0.0,0.0,0.0,0.0
0,0,0,0,26,0.14,81.3,4.1,236,2026-09-27 01:45:00,PT5M,0.0,0.0,0.0,0.0,0.0
0,0,0,0,26,0.14,81.4,4.1,236,2026-09-27 01:50:00,PT5M,0.0,0.0,0.0,0.0,0.0
0,0,0,0,26,0.14,81.6,4.0,236,2026-09-27 01:55:00,PT5M,0.0,0.0,0.0,0.0,0.0
0,0,0,0,26,0.14,81.7,4.0,237,2026-09-27 02:00:00,PT5M,0.0,0.0,0.0,0.0,0.0
0,0,0,0,25,0.14,81.8,4.0,237,2026-09-27 02:05:00,PT5M,0.0,0.0,0.0,0.0,0.0
0,0,0,0,25,0.14,81.9,4.0,237,2026-09-27 02:10:00,PT5M,0.0,0.0,0.0,0.0,0.0
0,0,0,0,25,0.14,82.0,3.9,238,2026-09-27 02:15:00,PT5M,0.0,0.0,0.0,0.0,0.0
0,0,0,0,25,0.14,82.2,3.9,238,2026-09-27 02:20:00,PT5M,0.0,0.0,0.0,0.0,0.0
0,0,0,0,25,0.14,82.3,3.9,238,2026-09-27 02:25:00,PT5M,0.0,0.0,0.0,0.0,0.0
0,0,0,0,25,0.14,82.4,3.9,239,2026-09-27 02:30:00,PT5M,0.0,0.0,0.0,0.0,0.0
0,0,0,0,25,0.14,82.5,3.9,239,2026-09-27 02:35:00,PT5M,0.0,0.0,0.0,0.0,0.0
0,0,0,0,25,0.14,82.5,3.9,239,2026-09-27 02:40:00,PT5M,0.0,0.0,0.0,0.0,0.0
0,0,0,0,25,0.14,82.6,3.9,239,2026-09-27 02:45:00,PT5M,0.0,0.0,0.0,0.0,0.0
0,0,0,0,25,0.14,82.6,3.9,240,2026-09-27 02:50:00,PT5M,0.0,0.0,0.0,0.0,0.0
0,0,0,0,25,0.14,82.7,3.9,240,2026-09-27 02:55:00,PT5M,0.0,0.0,0.0,0.0,0.0
0,0,0,0,25,0.14,82.7,3.9,240,2026-09-27 03:00:00,PT5M,0.0,0.0,0.0,0.0,0.0
0,0,0,0,25,0.14,82.7,3.9,241,2026-09-27 03:05:00,PT5M,0.0,0.0,0.0,0.0,0.0
0,0,0,0,25,0.14,82.8,3.8,241,2026-09-27 03:10:00,PT5M,0.0,0.0,0.0,0.0,0.0
0,0,0,0,25,0.14,82.8,3.8,241,2026-09-27 03:15:00,PT5M,0.0,0.0,0.0,0.0,0.0
0,0,0,0,25,0.14,82.9,3.8,241,2026-09-27 03:20:00,PT5M,0.0,0.0,0.0,0.0,0.0
0,0,0,0,25,0.14,82.9,3.8,242,2026-09-27 03:25:00,PT5M,0.0,0.0,0.0,0.0,0.0
0,0,0,0,25,0.14,82.9,3.8,242,2026-09-27 03:30:00,PT5M,0.0,0.0,0.0,0.0,0.0
0,0,0,0,25,0.14,83.0,3.8,242,2026-09-27 03:35:00,PT5M,0.0,0.0,0.0,0.0,0.0
0,0,0,0,25,0.14,83.1,3.8,242,2026-09-27 03:40:00,PT5M,0.0,0.0,0.0,0.0,0.0
0,0,0,0,25,0.14,83.2,3.8,242,2026-09-27 03:45:00,PT5M,0.0,0.0,0.0,0.0,0.0
0,0,0,0,25,0.14,83.2,3.8,242,2026-09-27 03:50:00,PT5M,0.0,0.0,0.0,0.0,0.0
0,0,0,0,25,0.14,83.3,3.7,242,2026-09-27 03:55:00,PT5M,0.0,0.0,0.0,0.0,0.0
0,0,0,0,25,0.14,83.4,3.7,242,2026-09-27 04:00:00,PT5M,0.0,0.0,0.0,0.0,0.0
0,0,0,0,25,0.14,83.5,3.7,242,2026-09-27 04:05:00,PT5M,0.0,0.0,0.0,0.0,0.0
0,0,0,0,25,0.14,83.6,3.7,242,2026-09-27 04:10:00,PT5M,0.0,0.0,0.0,0.0,0.0
0,0,0,0,25,0.14,83.7,3.6,242,2026-09-27 04:15:00,PT5M,0.0,0.0,0.0,0.0,0.0
0,0,0,0,25,0.14,83.7,3.6,241,2026-09-27 04:20:00,PT5M,0.0,0.0,0.0,0.0,0.0
0,0,0,0,25,0.14,83.8,3.6,241,2026-09-27 04:25:00,PT5M,0.0,0.0,0.0,0.0,0.0
0,0,0,0,25,0.14,83.9,3.5,241,2026-09-27 04:30:00,PT5M,0.0,0.0,0.0,0.0,0.0
0,0,0,0,25,0.14,84.0,3.5,241,2026-09-27 04:35:00,PT5M,0.0,0.0,0.0,0.0,0.0
0,0,0,0,25,0.14,84.0,3.5,241,2026-09-27 04:40:00,PT5M,0.0,0.0,0.0,0.0,0.0
0,0,0,0,25,0.14,84.1,3.6,241,2026-09-27 04:45:00,PT5M,0.0,0.0,0.0,0.0,0.0
0,0,0,0,25,0.14,84.1,3.6,241,2026-09-27 04:50:00,PT5M,0.0,0.0,0.0,0.0,0.0
0,0,0,0,25,0.14,84.1,3.6,242,2026-09-27 04:55:00,PT5M,0.0,0.0,0.0,0.0,0.0
0,0,0,0,25,0.14,84.2,3.6,242,2026-09-27 05:00:00,PT5M,0.0,0.0,0.0,0.0,0.0
0,0,0,0,25,0.14,84.2,3.6,242,2026-09-27 05:05:00,PT5M,0.0,0.0,0.0,0.0,0.0
0,0,0,0,25,0.14,84.3,3.6,242,2026-09-27 05:10:00,PT5M,0.0,0.0,0.0,0.0,0.0
0,0,0,0,25,0.14,84.3,3.6,242,2026-09-27 05:15:00,PT5M,0.0,0.0,0.0,0.0,0.0
0,0,0,0,25,0.14,84.3,3.6,242,2026-09-27 05:20:00,PT5M,0.0,0.0,0.0,0.0,0.0
0,0,0,0,25,0.14,84.4,3.6,242,2026-09-27 05:25:00,PT5M,0.0,0.0,0.0,0.0,0.0
0,0,0,0,25,0.14,84.4,3.6,242,2026-09-27 05:30:00,PT5M,0.0,0.0,0.0,0.0,0.0
0,0,0,0,25,0.14,84.4,3.6,242,2026-09-27 05:35:00,PT5M,0.0,0.0,0.0,0.0,0.0
0,0,0,0,25,0.14,84.3,3.6,243,2026-09-27 05:40:00,PT5M,0.0,0.0,0.0,0.0,0.0
0,0,0,0,25,0.14,84.2,3.6,243,2026-09-27 05:45:00,PT5M,0.0,0.0,0.0,0.0,0.0
0,0,0,0,25,0.14,84.2,3.6,243,2026-09-27 05:50:00,PT5M,0.0,0.0,0.0,0.0,0.0
0,0,0,0,25,0.14,84.1,3.7,244,2026-09-27 05:55:00,PT5M,0.0,0.0,0.0,0.0,0.0
2,2,0,2,25,0.14,84.0,3.7,244,2026-09-27 06:00:00,PT5M,0.0,0.0,0.0,0.0,0.0
10,10,0,10,25,0.14,83.9,3.7,244,2026-09-27 06:05:00,PT5M,0.676,1.095,0.8965,0.4555,0.257
19,19,0,19,25,0.14,83.8,3.7,245,2026-09-27 06:10:00,PT5M,1.926,2.94,2.4597,1.3923,0.912
29,30,26,28,25,0.14,83.8,3.7,245,2026-09-27 06:15:00,PT5M,3.458,5.464,4.5138,2.4022,1.452
42,42,65,35,25,0.14,83.7,3.7,245,2026-09-27 06:20:00,PT5M,5.579,9.04,7.4005,3.7575,2.118
55,55,98,43,25,0.14,83.6,3.7,246,2026-09-27 06:25:00,PT5M,8.089,13.064,10.7074,5.4706,3.114
69,69,131,50,25,0.14,83.5,3.7,246,2026-09-27 06:30:00,PT5M,11.099,17.773,14.6116,7.5864,4.425
85,84,166,57,25,0.14,83.2,3.7,246,2026-09-27 06:35:00,PT5M,14.54,23.036,19.0115,10.0685,6.044
101,100,202,64,25,0.14,82.7,3.6,246,2026-09-27 06:40:00,PT5M,18.242,28.593,23.6898,12.7942,7.891
119,118,238,70,26,0.14,82.2,3.6,245,2026-09-27 06:45:00,PT5M,22.187,34.3325,28.5793,15.7947,10.0415
137,136,272,75,26,0.14,81.8,3.6,245,2026-09-27 06:50:00,PT5M,26.409,40.3105,33.7255,19.0925,12.5075
156,154,306,79,26,0.14,81.3,3.5,245,2026-09-27 06:55:00,PT5M,30.745,46.463,39.0175,22.4725,15.027
175,173,337,84,26,0.14,80.8,3.5,244,2026-09-27 07:00:00,PT5M,35.241,52.867,44.5177,25.9643,17.615
193,192,360,89,26,0.14,80.3,3.4,244,2026-09-27 07:05:00,PT5M,39.615,59.2315,49.9393,29.2907,19.9985
212,210,382,93,26,0.14,79.9,3.4,244,2026-09-27 07:10:00,PT5M,44.114,65.7545,55.5035,32.7245,22.4735
231,229,403,97,26,0.14,79.4,3.3,243,2026-09-27 07:15:00,PT5M,48.699,72.3795,61.1622,36.2358,25.0185
251,248,423,101,26,0.14,78.9,3.3,243,2026-09-27 07:20:00,PT5M,53.332,79.0645,66.8752,39.7888,27.5995
270,268,442,105,27,0.14,78.5,3.2,242,2026-09-27 07:25:00,PT5M,58.004,85.7865,72.6261,43.3819,30.2215
290,287,460,108,27,0.14,78.0,3.2,242,2026-09-27 07:30:00,PT5M,62.718,92.557,78.4225,47.0135,32.879
309,306,475,112,27,0.14,77.5,3.2,242,2026-09-27 07:35:00,PT5M,67.263,99.2115,84.0777,50.4483,35.3145
327,324,487,116,27,0.14,76.8,3.1,242,2026-09-27 07:40:00,PT5M,71.691,100.0,89.7254,53.6566,37.425
346,343,498,120,27,0.14,76.2,3.1,242,2026-09-27 07:45:00,PT5M,74.136,100.0,92.6294,55.6426,38.998
364,361,509,124,27,0.14,75.6,3.1,242,2026-09-27 07:50:00,PT5M,75.991,100.0,94.7281,57.2539,40.39
382,379,519,127,28,0.14,75.0,3.1,242,2026-09-27 07:55:00,PT5M,77.816,100.0,96.776,58.856,41.7915
400,397,528,131,28,0.14,74.4,3.1,243,2026-09-27 08:00:00,PT5M,79.478,100.0,98.6366,60.3194,43.076
419,415,537,134,28,0.14,73.8,3.0,243,2026-09-27 08:05:00,PT5M,81.026,100.0,100.0,61.6984,44.303
436,433,545,138,28,0.14,73.2,3.0,243,2026-09-27 08:10:00,PT5M,82.443,100.0,100.0,62.9815,45.4655
454,450,554,141,28,0.14,72.6,3.0,243,2026-09-27 08:15:00,PT5M,83.718,100.0,100.0,64.1625,46.562
472,468,561,144,29,0.14,72.0,3.0,243,2026-09-27 08:20:00,PT5M,84.838,100.0,100.0,65.2349,47.5915
489,485,568,147,29,0.14,71.4,2.9,243,2026-09-27 08:25:00,PT5M,85.802,100.0,100.0,66.2002,48.558
506,501,574,151,29,0.14,70.8,2.9,243,2026-09-27 08:30:00,PT5M,86.692,100.0,100.0,67.1094,49.4845
523,518,581,153,29,0.14,70.2,2.9,243,2026-09-27 08:35:00,PT5M,87.582,100.0,100.0,68.0484,50.4675
540,535,588,156,29,0.14,69.4,2.9,243,2026-09-27 08:40:00,PT5M,88.48,100.0,100.0,69.1119,51.68
557,552,595,158,30,0.14,68.7,2.9,242,2026-09-27 08:45:00,PT5M,89.33,100.0,100.0,70.1966,52.976
573,568,602,161,30,0.14,68.0,2.9,242,2026-09-27 08:50:00,PT5M,90.139,100.0,100.0,71.2369,54.2245
590,585,609,163,30,0.14,67.3,2.8,241,2026-09-27 08:55:00,PT5M,90.911,100.0,100.0,72.2379,55.4315
606,601,616,165,30,0.14,66.5,2.8,241,2026-09-27 09:00:00,PT5M,91.656,100.0,100.0,73.2095,56.607
622,617,624,166,30,0.14,65.9,2.8,240,2026-09-27 09:05:00,PT5M,92.489,100.0,100.0,74.2735,57.879
638,633,632,167,30,0.14,65.2,2.8,239,2026-09-27 09:10:00,PT5M,93.288,100.0,100.0,75.3007,59.1115
655,649,640,168,31,0.14,64.5,2.8,239,2026-09-27 09:15:00,PT5M,94.055,100.0,100.0,76.2929,60.3065
670,665,648,168,31,0.14,63.8,2.8,238,2026-09-27 09:20:00,PT5M,94.791,100.0,100.0,77.251,61.4645
686,680,656,169,31,0.14,63.1,2.8,238,2026-09-27 09:25:00,PT5M,95.498,100.0,100.0,78.1767,62.587
701,695,664,169,31,0.14,62.5,2.8,237,2026-09-27 09:30:00,PT5M,96.177,100.0,100.0,79.0707,63.6745
715,709,670,170,31,0.14,61.9,2.8,236,2026-09-27 09:35:00,PT5M,96.758,100.0,100.0,79.8533,64.6385
729,723,674,172,31,0.14,61.3,2.8,235,2026-09-27 09:40:00,PT5M,97.246,100.0,100.0,80.5289,65.483
742,735,677,173,32,0.14,60.8,2.8,234,2026-09-27 09:45:00,PT5M,97.658,100.0,100.0,81.1191,66.2335
754,748,680,175,32,0.14,60.2,2.8,233,2026-09-27 09:50:00,PT5M,98.045,100.0,100.0,81.6784,66.948
766,760,683,177,32,0.14,59.7,2.8,232,2026-09-27 09:55:00,PT5M,98.415,100.0,100.0,82.2155,67.6355
777,771,686,179,32,0.14,59.2,2.9,230,2026-09-27 10:00:00,PT5M,98.766,100.0,100.0,82.7255,68.2885
789,782,689,180,32,0.14,58.6,2.9,229,2026-09-27 10:05:00,PT5M,99.099,100.0,100.0,83.2111,68.9115
799,793,691,182,32,0.14,58.1,2.9,228,2026-09-27 10:10:00,PT5M,99.411,100.0,100.0,83.6697,69.502
810,803,694,183,33,0.14,57.6,2.9,227,2026-09-27 10:15:00,PT5M,99.705,100.0,100.0,84.1045,70.0635
819,813,696,184,33,0.14,57.1,3.0,226,2026-09-27 10:20:00,PT5M,99.979,100.0,100.0,84.5137,70.5945
829,822,698,186,33,0.14,56.6,3.0,225,2026-09-27 10:25:00,PT5M,100.0,100.0,100.0,84.6647,70.8625
838,831,701,187,33,0.14,56.1,3.0,224,2026-09-27 10:30:00,PT5M,100.0,100.0,100.0,84.7897,71.1
846,839,701,189,33,0.14,55.6,3.0,224,2026-09-27 10:35:00,PT5M,100.0,100.0,100.0,84.8876,71.286
853,846,701,191,33,0.14,55.3,3.1,224,2026-09-27 10:40:00,PT5M,100.0,100.0,100.0,84.9571,71.418
859,852,700,193,33,0.14,55.0,3.1,224,2026-09-27 10:45:00,PT5M,100.0,100.0,100.0,85.0192,71.536
865,858,699,195,33,0.14,54.6,3.1,224,2026-09-27 10:50:00,PT5M,100.0,100.0,100.0,85.0721,71.6365
871,864,698,197,34,0.14,54.3,3.1,224,2026-09-27 10:55:00,PT5M,100.0,100.0,100.0,85.1089,71.7065
876,869,697,199,34,0.14,54.0,3.1,224,2026-09-27 11:00:00,PT5M,100.0,100.0,100.0,85.1308,71.748
881,873,696,201,34,0.14,53.6,3.1,224,2026-09-27 11:05:00,PT5M,100.0,100.0,100.0,85.1629,71.809
885,877,695,203,34,0.14,53.3,3.1,224,2026-09-27 11:10:00,PT5M,100.0,100.0,100.0,85.1945,71.869
888,881,694,205,34,0.14,53.0,3.1,224,2026-09-27 11:15:00,PT5M,100.0,100.0,100.0,85.2097,71.898
891,884,692,207,34,0.14,52.7,3.2,224,2026-09-27 11:20:00,PT5M,100.0,100.0,100.0,85.2152,71.9085
894,886,690,209,34,0.14,52.4,3.2,224,2026-09-27 11:25:00,PT5M,100.0,100.0,100.0,85.2126,71.9035
895,888,689,211,34,0.14,52.0,3.2,224,2026-09-27 11:30:00,PT5M,100.0,100.0,100.0,85.2029,71.885
893,886,679,217,34,0.14,51.8,3.2,224,2026-09-27 11:35:00,PT5M,100.0,100.0,100.0,85.1276,71.742
887,880,662,226,34,0.14,51.7,3.2,224,2026-09-27 11:40:00,PT5M,99.355,100.0,100.0,84.3408,70.8275
880,873,645,236,34,0.14,51.5,3.2,224,2026-09-27 11:45:00,PT5M,98.52,100.0,100.0,83.3571,69.71
873,866,628,245,34,0.14,51.4,3.2,224,2026-09-27 11:50:00,PT5M,97.665,100.0,100.0,82.3466,68.5595
865,859,611,253,34,0.14,51.2,3.2,224,2026-09-27 11:55:00,PT5M,96.789,100.0,100.0,81.3085,67.3755
857,850,594,262,35,0.14,51.1,3.1,224,2026-09-27 12:00:00,PT5M,95.946,100.0,100.0,80.297,66.2125
848,842,577,270,35,0.14,50.9,3.1,224,2026-09-27 12:05:00,PT5M,95.137,100.0,100.0,79.3136,65.072
839,833,561,278,35,0.14,50.8,3.1,225,2026-09-27 12:10:00,PT5M,94.304,100.0,100.0,78.3003,63.8965
829,823,544,286,35,0.14,50.6,3.1,225,2026-09-27 12:15:00,PT5M,93.445,100.0,100.0,77.2561,62.6855
819,813,528,293,35,0.14,50.5,3.1,225,2026-09-27 12:20:00,PT5M,92.625,100.0,100.0,76.2461,61.5045
808,803,511,300,35,0.14,50.4,3.1,225,2026-09-27 12:25:00,PT5M,91.72,100.0,100.0,75.1469,60.2305
797,792,495,306,35,0.14,50.2,3.1,225,2026-09-27 12:30:00,PT5M,90.79,100.0,100.0,74.0192,58.925
787,782,481,312,35,0.14,50.4,3.2,226,2026-09-27 12:35:00,PT5M,89.976,100.0,100.0,73.0408,57.7985
777,773,469,316,34,0.14,51.0,3.3,227,2026-09-27 12:40:00,PT5M,89.273,100.0,100.0,72.2041,56.8415
767,763,457,320,34,0.14,51.6,3.4,229,2026-09-27 12:45:00,PT5M,88.539,100.0,100.0,71.3298,55.841
757,753,445,323,34,0.14,52.2,3.5,230,2026-09-27 12:50:00,PT5M,87.765,100.0,100.0,70.404,54.7785
747,742,433,326,34,0.14,52.8,3.6,231,2026-09-27 12:55:00,PT5M,86.966,100.0,100.0,69.4547,53.694
736,731,422,329,34,0.14,53.5,3.7,232,2026-09-27 13:00:00,PT5M,86.157,100.0,100.0,68.5057,52.619
724,720,410,332,34,0.14,54.1,3.8,233,2026-09-27 13:05:00,PT5M,85.308,100.0,100.0,67.5078,51.487
713,709,398,334,33,0.14,54.7,3.9,234,2026-09-27 13:10:00,PT5M,84.412,100.0,100.0,66.452,50.2875
701,697,387,336,33,0.14,55.4,4.0,235,2026-09-27 13:15:00,PT5M,83.478,100.0,100.0,65.3536,49.041
689,685,375,337,33,0.14,56.0,4.1,236,2026-09-27 13:20:00,PT5M,82.507,100.0,100.0,64.2152,47.752
677,673,364,338,33,0.14,56.7,4.2,237,2026-09-27 13:25:00,PT5M,81.5,100.0,99.961,63.039,46.4235
664,661,353,339,33,0.14,57.4,4.3,238,2026-09-27 13:30:00,PT5M,80.458,100.0,99.0895,61.8265,45.0575
648,645,336,341,32,0.14,58.3,4.3,239,2026-09-27 13:35:00,PT5M,78.911,100.0,97.7907,60.0313,43.039
629,626,315,345,32,0.14,59.6,4.2,241,2026-09-27 13:40:00,PT5M,76.986,100.0,96.1867,57.7853,40.504
609,607,294,347,32,0.14,60.8,4.0,243,2026-09-27 13:45:00,PT5M,75.022,100.0,94.5396,55.5044,37.938
590,588,274,348,32,0.14,62.1,3.9,245,2026-09-27 13:50:00,PT5M,73.019,100.0,92.8489,53.1891,35.3415
571,569,255,349,31,0.14,63.4,3.8,247,2026-09-27 13:55:00,PT5M,70.976,100.0,91.1136,50.8384,32.714
552,550,236,349,31,0.14,64.7,3.7,250,2026-09-27 14:00:00,PT5M,68.896,100.0,89.3367,48.4553,30.058
533,532,218,348,31,0.14,66.1,3.6,252,2026-09-27 14:05:00,PT5M,66.775,100.0,87.5149,46.0351,27.3685
514,513,201,347,31,0.14,67.5,3.5,255,2026-09-27 14:10:00,PT5M,64.617,100.0,85.6503,43.5837,24.653
496,495,184,344,31,0.14,68.9,3.4,258,2026-09-27 14:15:00,PT5M,62.43,100.0,83.7507,41.1093,21.92
477,476,167,342,30,0.14,70.4,3.4,260,2026-09-27 14:20:00,PT5M,60.179,100.0,81.7826,38.5754,19.1315
459,458,151,338,30,0.14,71.9,3.3,263,2026-09-27 14:25:00,PT5M,57.904,99.4755,79.7834,36.0246,16.3325
440,440,136,334,30,0.14,73.4,3.2,267,2026-09-27 14:30:00,PT5M,55.607,97.689,77.7551,33.4589,13.525
426,426,127,329,30,0.14,74.3,3.1,269,2026-09-27 14:35:00,PT5M,53.904,96.3475,76.2423,31.5657,11.4605
416,415,123,323,30,0.14,74.6,3.0,269,2026-09-27 14:40:00,PT5M,52.786,95.462,75.2467,30.3253,10.11
405,405,120,317,30,0.14,74.9,2.8,270,2026-09-27 14:45:00,PT5M,51.637,94.547,74.2208,29.0532,8.727
395,394,116,311,30,0.14,75.2,2.7,271,2026-09-27 14:50:00,PT5M,50.458,93.603,73.1655,27.7505,7.313
384,384,112,304,30,0.14,75.5,2.5,272,2026-09-27 14:55:00,PT5M,49.249,92.63,72.0807,26.4173,5.868
373,373,109,298,30,0.14,75.8,2.4,273,2026-09-27 15:00:00,PT5M,48.083,91.6955,71.0366,25.1294,4.4705
363,362,105,291,30,0.14,76.1,2.2,274,2026-09-27 15:05:00,PT5M,47.103,90.6875,70.0418,24.1642,3.5185
352,352,102,284,30,0.14,76.4,2.1,276,2026-09-27 15:10:00,PT5M,45.88,89.3475,68.7573,23.0027,2.4125
341,341,98,277,30,0.14,76.7,1.9,278,2026-09-27 15:15:00,PT5M,44.62,87.9505,67.4252,21.8148,1.2895
330,329,95,270,30,0.14,77.0,1.8,279,2026-09-27 15:20:00,PT5M,43.311,86.4845,66.0335,20.5885,0.1375
318,318,91,263,30,0.14,77.3,1.7,282,2026-09-27 15:25:00,PT5M,41.963,84.95,64.5874,19.3386,0.0
307,307,87,255,30,0.14,77.6,1.5,284,2026-09-27 15:30:00,PT5M,40.574,83.3395,63.0818,18.0662,0.0
295,295,82,248,30,0.14,77.8,1.4,284,2026-09-27 15:35:00,PT5M,39.04,81.445,61.3581,16.7219,0.0
283,283,76,240,30,0.14,77.8,1.4,281,2026-09-27 15:40:00,PT5M,37.385,79.371,59.4825,15.2875,0.0
270,270,70,233,30,0.14,77.9,1.3,277,2026-09-27 15:45:00,PT5M,35.688,77.156,57.5129,13.8631,0.0
258,258,63,225,29,0.14,78.0,1.3,274,2026-09-27 15:50:00,PT5M,33.94,74.8,55.4449,12.4351,0.0
245,246,57,217,29,0.14,78.1,1.3,269,2026-09-27 15:55:00,PT5M,32.141,72.3125,53.2835,10.9985,0.0
233,233,50,209,29,0.14,78.1,1.2,265,2026-09-27 16:00:00,PT5M,30.291,69.7015,51.033,9.549,0.0
220,221,43,201,29,0.14,78.2,1.2,261,2026-09-27 16:05:00,PT5M,28.394,66.981,48.7026,8.0854,0.0
208,208,36,192,29,0.14,78.3,1.2,256,2026-09-27 16:10:00,PT5M,26.452,64.1575,46.2967,6.6073,0.0
196,196,29,184,29,0.14,78.4,1.2,251,2026-09-27 16:15:00,PT5M,24.818,61.2875,44.0122,5.6238,0.0
183,184,21,175,29,0.14,78.4,1.2,247,2026-09-27 16:20:00,PT5M,23.001,56.9715,40.8799,5.1221,0.0
171,171,14,166,29,0.14,78.5,1.2,242,2026-09-27 16:25:00,PT5M,21.115,52.6805,37.7281,4.5019,0.0
159,159,6,157,29,0.14,78.6,1.2,237,2026-09-27 16:30:00,PT5M,19.224,48.4135,34.5866,3.8614,0.0
147,148,0,148,29,0.14,78.7,1.2,235,2026-09-27 16:35:00,PT5M,17.518,44.41,31.6715,3.3645,0.0
136,137,0,137,29,0.14,78.7,1.2,234,2026-09-27 16:40:00,PT5M,16.248,40.896,29.2204,3.2756,0.0
125,125,0,125,29,0.14,78.8,1.2,234,2026-09-27 16:45:00,PT5M,14.931,37.348,26.7292,3.1328,0.0
114,114,0,114,29,0.14,78.9,1.2,233,2026-09-27 16:50:00,PT5M,13.603,33.8165,24.2415,2.9645,0.0
103,103,0,103,29,0.14,79.0,1.2,233,2026-09-27 16:55:00,PT5M,12.281,30.2995,21.7643,2.7977,0.0
92,92,0,92,29,0.14,79.0,1.2,232,2026-09-27 17:00:00,PT5M,10.929,26.8795,19.3239,2.5341,0.0
81,81,0,81,29,0.14,79.1,1.2,231,2026-09-27 17:05:00,PT5M,9.606,23.5925,16.9672,2.2448,0.0
70,70,0,70,29,0.14,79.2,1.2,231,2026-09-27 17:10:00,PT5M,8.211,20.2875,14.5669,1.8551,0.0
60,60,0,60,29,0.14,79.3,1.2,230,2026-09-27 17:15:00,PT5M,6.918,17.107,12.2805,1.5555,0.0
50,50,0,50,29,0.14,79.3,1.2,230,2026-09-27 17:20:00,PT5M,5.749,14.065,10.1258,1.3722,0.0
41,41,0,41,29,0.14,79.4,1.2,229,2026-09-27 17:25:00,PT5M,4.585,11.09,8.0086,1.1614,0.0
32,32,0,32,29,0.14,79.5,1.2,229,2026-09-27 17:30:00,PT5M,3.454,8.2875,5.9979,0.9101,0.0
24,25,0,25,29,0.14,79.5,1.2,228,2026-09-27 17:35:00,PT5M,2.482,5.906,4.2841,0.6799,0.0
17,17,0,17,29,0.14,79.6,1.3,227,2026-09-27 17:40:00,PT5M,1.594,3.696,2.7003,0.4877,0.0
11,11,0,11,29,0.14,79.6,1.3,227,2026-09-27 17:45:00,PT5M,0.781,1.849,1.3431,0.2189,0.0
6,6,0,6,29,0.14,79.6,1.3,226,2026-09-27 17:50:00,PT5M,0.052,0.409,0.2399,0.0,0.0
1,1,0,1,29,0.14,79.7,1.4,226,2026-09-27 17:55:00,PT5M,0.0,0.0,0.0,0.0,0.0
0,0,0,0,29,0.14,79.7,1.4,225,2026-09-27 18:00:00,PT5M,0.0,0.0,0.0,0.0,0.0
0,0,0,0,29,0.14,79.7,1.4,225,2026-09-27 18:05:00,PT5M,0.0,0.0,0.0,0.0,0.0
0,0,0,0,29,0.14,79.8,1.5,224,2026-09-27 18:10:00,PT5M,0.0,0.0,0.0,0.0,0.0
0,0,0,0,29,0.14,79.8,1.5,224,2026-09-27 18:15:00,PT5M,0.0,0.0,0.0,0.0,0.0
0,0,0,0,29,0.14,79.8,1.5,223,2026-09-27 18:20:00,PT5M,0.0,0.0,0.0,0.0,0.0
0,0,0,0,29,0.14,79.9,1.6,223,2026-09-27 18:25:00,PT5M,0.0,0.0,0.0,0.0,0.0
0,0,0,0,28,0.14,79.9,1.6,223,2026-09-27 18:30:00,PT5M,0.0,0.0,0.0,0.0,0.0
0,0,0,0,28,0.14,80.0,1.6,222,2026-09-27 18:35:00,PT5M,0.0,0.0,0.0,0.0,0.0
0,0,0,0,28,0.14,80.0,1.7,222,2026-09-27 18:40:00,PT5M,0.0,0.0,0.0,0.0,0.0
0,0,0,0,28,0.14,80.1,1.7,222,2026-09-27 18:45:00,PT5M,0.0,0.0,0.0,0.0,0.0
0,0,0,0,28,0.14,80.2,1.8,222,2026-09-27 18:50:00,PT5M,0.0,0.0,0.0,0.0,0.0
0,0,0,0,28,0.14,80.3,1.8,222,2026-09-27 18:55:00,PT5M,0.0,0.0,0.0,0.0,0.0
0,0,0,0,28,0.14,80.3,1.9,222,2026-09-27 19:00:00,PT5M,0.0,0.0,0.0,0.0,0.0
0,0,0,0,28,0.14,80.4,1.9,222,2026-09-27 19:05:00,PT5M,0.0,0.0,0.0,0.0,0.0
0,0,0,0,28,0.14,80.5,1.9,222,2026-09-27 19:10:00,PT5M,0.0,0.0,0.0,0.0,0.0
0,0,0,0,28,0.14,80.6,2.0,222,2026-09-27 19:15:00,PT5M,0.0,0.0,0.0,0.0,0.0
0,0,0,0,28,0.14,80.6,2.0,221,2026-09-27 19:20:00,PT5M,0.0,0.0,0.0,0.0,0.0
0,0,0,0,28,0.14,80.7,2.1,221,2026-09-27 19:25:00,PT5M,0.0,0.0,0.0,0.0,0.0
0,0,0,0,28,0.14,80.8,2.1,221,2026-09-27 19:30:00,PT5M,0.0,0.0,0.0,0.0,0.0
0,0,0,0,28,0.14,80.8,2.1,221,2026-09-27 19:35:00,PT5M,0.0,0.0,0.0,0.0,0.0
0,0,0,0,28,0.14,80.9,2.2,221,2026-09-27 19:40:00,PT5M,0.0,0.0,0.0,0.0,0.0
0,0,0,0,28,0.14,81.0,2.2,221,2026-09-27 19:45:00,PT5M,0.0,0.0,0.0,0.0,0.0
0,0,0,0,28,0.14,81.1,2.3,220,2026-09-27 19:50:00,PT5M,0.0,0.0,0.0,0.0,0.0
0,0,0,0,28,0.14,81.1,2.3,220,2026-09-27 19:55:00,PT5M,0.0,0.0,0.0,0.0,0.0
0,0,0,0,28,0.14,81.2,2.4,220,2026-09-27 20:00:00,PT5M,0.0,0.0,0.0,0.0,0.0
0,0,0,0,28,0.14,81.3,2.4,220,2026-09-27 20:05:00,PT5M,0.0,0.0,0.0,0.0,0.0
0,0,0,0,27,0.14,81.4,2.5,220,2026-09-27 20:10:00,PT5M,0.0,0.0,0.0,0.0,0.0
0,0,0,0,27,0.14,81.4,2.5,220,2026-09-27 20:15:00,PT5M,0.0,0.0,0.0,0.0,0.0
0,0,0,0,27,0.14,81.5,2.6,219,2026-09-27 20:20:00,PT5M,0.0,0.0,0.0,0.0,0.0
0,0,0,0,27,0.14,81.6,2.6,219,2026-09-27 20:25:00,PT5M,0.0,0.0,0.0,0.0,0.0
0,0,0,0,27,0.14,81.7,2.7,219,2026-09-27 20:30:00,PT5M,0.0,0.0,0.0,0.0,0.0
0,0,0,0,27,0.14,81.8,2.7,219,2026-09-27 20:35:00,PT5M,0.0,0.0,0.0,0.0,0.0
0,0,0,0,27,0.14,81.8,2.7,220,2026-09-27 20:40:00,PT5M,0.0,0.0,0.0,0.0,0.0
0,0,0,0,27,0.14,81.9,2.7,220,2026-09-27 20:45:00,PT5M,0.0,0.0,0.0,0.0,0.0
0,0,0,0,27,0.14,82.0,2.7,221,2026-09-27 20:50:00,PT5M,0.0,0.0,0.0,0.0,0.0
0,0,0,0,27,0.14,82.1,2.7,221,2026-09-27 20:55:00,PT5M,0.0,0.0,0.0,0.0,0.0
0,0,0,0,27,0.14,82.1,2.8,222,2026-09-27 21:00:00,PT5M,0.0,0.0,0.0,0.0,0.0
0,0,0,0,27,0.14,82.2,2.8,222,2026-09-27 21:05:00,PT5M,0.0,0.0,0.0,0.0,0.0
0,0,0,0,27,0.14,82.3,2.8,223,2026-09-27 21:10:00,PT5M,0.0,0.0,0.0,0.0,0.0
0,0,0,0,27,0.14,82.4,2.8,223,2026-09-27 21:15:00,PT5M,0.0,0.0,0.0,0.0,0.0
0,0,0,0,27,0.14,82.5,2.8,224,2026-09-27 21:20:00,PT5M,0.0,0.0,0.0,0.0,0.0
0,0,0,0,27,0.14,82.5,2.8,224,2026-09-27 21:25:00,PT5M,0.0,0.0,0.0,0.0,0.0
0,0,0,0,27,0.14,82.6,2.8,225,2026-09-27 21:30:00,PT5M,0.0,0.0,0.0,0.0,0.0
0,0,0,0,27,0.14,82.7,2.8,225,2026-09-27 21:35:00,PT5M,0.0,0.0,0.0,0.0,0.0
0,0,0,0,27,0.14,82.9,2.9,226,2026-09-27 21:40:00,PT5M,0.0,0.0,0.0,0.0,0.0
0,0,0,0,27,0.14,83.1,2.9,226,2026-09-27 21:45:00,PT5M,0.0,0.0,0.0,0.0,0.0
0,0,0,0,27,0.14,83.2,2.9,227,2026-09-27 21:50:00,PT5M,0.0,0.0,0.0,0.0,0.0
0,0,0,0,27,0.14,83.4,2.9,228,2026-09-27 21:55:00,PT5M,0.0,0.0,0.0,0.0,0.0
0,0,0,0,27,0.14,83.5,2.9,228,2026-09-27 22:00:00,PT5M,0.0,0.0,0.0,0.0,0.0
0,0,0,0,27,0.14,83.7,2.9,229,2026-09-27 22:05:00,PT5M,0.0,0.0,0.0,0.0,0.0
0,0,0,0,27,0.14,83.9,3.0,229,2026-09-27 22:10:00,PT5M,0.0,0.0,0.0,0.0,0.0
0,0,0,0,26,0.14,84.0,3.0,230,2026-09-27 22:15:00,PT5M,0.0,0.0,0.0,0.0,0.0
0,0,0,0,26,0.14,84.2,3.0,230,2026-09-27 22:20:00,PT5M,0.0,0.0,0.0,0.0,0.0
0,0,0,0,26,0.14,84.4,3.0,231,2026-09-27 22:25:00,PT5M,0.0,0.0,0.0,0.0,0.0
0,0,0,0,26,0.14,84.5,3.1,231,2026-09-27 22:30:00,PT5M,0.0,0.0,0.0,0.0,0.0
0,0,0,0,26,0.14,84.7,3.1,232,2026-09-27 22:35:00,PT5M,0.0,0.0,0.0,0.0,0.0
0,0,0,0,26,0.14,84.8,3.1,233,2026-09-27 22:40:00,PT5M,0.0,0.0,0.0,0.0,0.0
0,0,0,0,26,0.14,84.9,3.1,233,2026-09-27 22:45:00,PT5M,0.0,0.0,0.0,0.0,0.0
0,0,0,0,26,0.14,85.0,3.1,234,2026-09-27 22:50:00,PT5M,0.0,0.0,0.0,0.0,0.0
0,0,0,0,26,0.14,85.2,3.1,234,2026-09-27 22:55:00,PT5M,0.0,0.0,0.0,0.0,0.0
0,0,0,0,26,0.14,85.3,3.2,235,2026-09-27 23:00:00,PT5M,0.0,0.0,0.0,0.0,0.0
0,0,0,0,26,0.14,85.4,3.2,236,2026-09-27 23:05:00,PT5M,0.0,0.0,0.0,0.0,0.0
0,0,0,0,26,0.14,85.6,3.2,236,2026-09-27 23:10:00,PT5M,0.0,0.0,0.0,0.0,0.0
0,0,0,0,26,0.14,85.7,3.2,237,2026-09-27 23:15:00,PT5M,0.0,0.0,0.0,0.0,0.0
0,0,0,0,26,0.14,85.8,3.2,237,2026-09-27 23:20:00,PT5M,0.0,0.0,0.0,0.0,0.0
0,0,0,0,26,0.14,85.9,3.2,238,2026-09-27 23:25:00,PT5M,0.0,0.0,0.0,0.0,0.0
0,0,0,0,26,0.14,86.1,3.3,238,2026-09-27 23:30:00,PT5M,0.0,0.0,0.0,0.0,0.0
0,0,0,0,26,0.14,86.1,3.3,239,2026-09-27 23:35:00,PT5M,0.0,0.0,0.0,0.0,0.0
0,0,0,0,26,0.14,86.2,3.3,239,2026-09-27 23:40:00,PT5M,0.0,0.0,0.0,0.0,0.0
0,0,0,0,26,0.14,86.2,3.3,239,2026-09-27 23:45:00,PT5M,0.0,0.0,0.0,0.0,0.0
0,0,0,0,26,0.14,86.3,3.3,239,2026-09-27 23:50:00,PT5M,0.0,0.0,0.0,0.0,0.0
0,0,0,0,26,0.14,86.3,3.3,239,2026-09-27 23:55:00,PT5M,0.0,0.0,0.0,0.0,0.0
0,0,0,0,26,0.14,86.3,3.3,239,2026-09-28 00:00:00,PT5M,0.0,0.0,0.0,0.0,0.0
0,0,0,0,26,0.14,86.4,3.2,240,2026-09-28 00:05:00,PT5M,0.0,0.0,0.0,0.0,0.0
0,0,0,0,26,0.14,86.4,3.2,240,2026-09-28 00:10:00,PT5M,0.0,0.0,0.0,0.0,0.0
0,0,0,0,26,0.14,86.5,3.2,240,2026-09-28 00:15:00,PT5M,0.0,0.0,0.0,0.0,0.0
0,0,0,0,26,0.14,86.5,3.2,240,2026-09-28 00:20:00,PT5M,0.0,0.0,0.0,0.0,0.0
0,0,0,0,26,0.14,86.6,3.2,240,2026-09-28 00:25:00,PT5M,0.0,0.0,0.0,0.0,0.0
0,0,0,0,26,0.14,86.6,3.2,240,2026-09-28 00:30:00,PT5M,0.0,0.0,0.0,0.0,0.0
0,0,0,0,26,0.14,86.7,3.2,240,2026-09-28 00:35:00,PT5M,0.0,0.0,0.0,0.0,0.0
0,0,0,0,26,0.14,86.7,3.2,241,2026-09-28 00:40:00,PT5M,0.0,0.0,0.0,0.0,0.0
0,0,0,0,26,0.14,86.8,3.2,241,2026-09-28 00:45:00,PT5M,0.0,0.0,0.0,0.0,0.0
0,0,0,0,26,0.14,86.9,3.2,241,2026-09-28 00:50:00,PT5M,0.0,0.0,0.0,0.0,0.0
0,0,0,0,26,0.14,87.0,3.2,241,2026-09-28 00:55:00,PT5M,0.0,0.0,0.0,0.0,0.0
0,0,0,0,26,0.14,87.1,3.2,241,2026-09-28 01:00:00,PT5M,0.0,0.0,0.0,0.0,0.0
0,0,0,0,26,0.14,87.2,3.2,242,2026-09-28 01:05:00,PT5M,0.0,0.0,0.0,0.0,0.0
0,0,0,0,26,0.14,87.3,3.2,242,2026-09-28 01:10:00,PT5M,0.0,0.0,0.0,0.0,0.0
0,0,0,0,26,0.14,87.4,3.3,242,2026-09-28 01:15:00,PT5M,0.0,0.0,0.0,0.0,0.0
0,0,0,0,26,0.14,87.4,3.3,242,2026-09-28 01:20:00,PT5M,0.0,0.0,0.0,0.0,0.0
0,0,0,0,26,0.14,87.5,3.3,242,2026-09-28 01:25:00,PT5M,0.0,0.0,0.0,0.0,0.0
0,0,0,0,26,0.14,87.6,3.3,243,2026-09-28 01:30:00,PT5M,0.0,0.0,0.0,0.0,0.0
0,0,0,0,26,0.14,87.7,3.3,243,2026-09-28 01:35:00,PT5M,0.0,0.0,0.0,0.0,0.0
0,0,0,0,26,0.14,87.9,3.3,243,2026-09-28 01:40:00,PT5M,0.0,0.0,0.0,0.0,0.0
0,0,0,0,25,0.14,88.0,3.3,243,2026-09-28 01:45:00,PT5M,0.0,0.0,0.0,0.0,0.0
0,0,0,0,25,0.14,88.1,3.3,243,2026-09-28 01:50:00,PT5M,0.0,0.0,0.0,0.0,0.0
0,0,0,0,25,0.14,88.2,3.3,243,2026-09-28 01:55:00,PT5M,0.0,0.0,0.0,0.0,0.0
0,0,0,0,25,0.14,88.4,3.3,243,2026-09-28 02:00:00,PT5M,0.0,0.0,0.0,0.0,0.0
0,0,0,0,25,0.14,88.5,3.3,243,2026-09-28 02:05:00,PT5M,0.0,0.0,0.0,0.0,0.0
0,0,0,0,25,0.14,88.6,3.3,243,2026-09-28 02:10:00,PT5M,0.0,0.0,0.0,0.0,0.0
0,0,0,0,25,0.14,88.8,3.3,243,2026-09-28 02:15:00,PT5M,0.0,0.0,0.0,0.0,0.0
0,0,0,0,25,0.14,88.9,3.3,243,2026-09-28 02:20:00,PT5M,0.0,0.0,0.0,0.0,0.0
0,0,0,0,25,0.14,89.0,3.3,243,2026-09-28 02:25:00,PT5M,0.0,0.0,0.0,0.0,0.0
0,0,0,0,25,0.14,89.2,3.3,243,2026-09-28 02:30:00,PT5M,0.0,0.0,0.0,0.0,0.0
0,0,0,0,25,0.14,89.3,3.3,242,2026-09-28 02:35:00,PT5M,0.0,0.0,0.0,0.0,0.0
0,0,0,0,25,0.14,89.3,3.3,242,2026-09-28 02:40:00,PT5M,0.0,0.0,0.0,0.0,0.0
0,0,0,0,25,0.14,89.3,3.3,242,2026-09-28 02:45:00,PT5M,0.0,0.0,0.0,0.0,0.0
0,0,0,0,25,0.14,89.4,3.3,242,2026-09-28 02:50:00,PT5M,0.0,0.0,0.0,0.0,0.0
0,0,0,0,25,0.14,89.4,3.3,241,2026-09-28 02:55:00,PT5M,0.0,0.0,0.0,0.0,0.0
0,0,0,0,25,0.14,89.5,3.3,241,2026-09-28 03:00:00,PT5M,0.0,0.0,0.0,0.0,0.0
0,0,0,0,25,0.14,89.5,3.3,241,2026-09-28 03:05:00,PT5M,0.0,0.0,0.0,0.0,0.0
0,0,0,0,25,0.14,89.6,3.3,240,2026-09-28 03:10:00,PT5M,0.0,0.0,0.0,0.0,0.0
0,0,0,0,25,0.14,89.6,3.3,240,2026-09-28 03:15:00,PT5M,0.0,0.0,0.0,0.0,0.0
0,0,0,0,25,0.14,89.7,3.3,240,2026-09-28 03:20:00,PT5M,0.0,0.0,0.0,0.0,0.0
0,0,0,0,25,0.14,89.7,3.3,239,2026-09-28 03:25:00,PT5M,0.0,0.0,0.0,0.0,0.0
0,0,0,0,25,0.14,89.7,3.3,239,2026-09-28 03:30:00,PT5M,0.0,0.0,0.0,0.0,0.0
0,0,0,0,25,0.14,89.8,3.3,238,2026-09-28 03:35:00,PT5M,0.0,0.0,0.0,0.0,0.0
0,0,0,0,25,0.14,89.8,3.3,238,2026-09-28 03:40:00,PT5M,0.0,0.0,0.0,0.0,0.0
0,0,0,0,25,0.14,89.9,3.2,238,2026-09-28 03:45:00,PT5M,0.0,0.0,0.0,0.0,0.0
0,0,0,0,25,0.14,89.9,3.2,237,2026-09-28 03:50:00,PT5M,0.0,0.0,0.0,0.0,0.0
0,0,0,0,25,0.14,90.0,3.2,237,2026-09-28 03:55:00,PT5M,0.0,0.0,0.0,0.0,0.0
0,0,0,0,25,0.14,90.0,3.2,236,2026-09-28 04:00:00,PT5M,0.0,0.0,0.0,0.0,0.0
0,0,0,0,25,0.14,90.1,3.2,236,2026-09-28 04:05:00,PT5M,0.0,0.0,0.0,0.0,0.0
0,0,0,0,25,0.14,90.1,3.2,235,2026-09-28 04:10:00,PT5M,0.0,0.0,0.0,0.0,0.0
0,0,0,0,25,0.14,90.1,3.2,235,2026-09-28 04:15:00,PT5M,0.0,0.0,0.0,0.0,0.0
0,0,0,0,25,0.14,90.2,3.2,234,2026-09-28 04:20:00,PT5M,0.0,0.0,0.0,0.0,0.0
0,0,0,0,25,0.14,90.2,3.2,234,2026-09-28 04:25:00,PT5M,0.0,0.0,0.0,0.0,0.0
0,0,0,0,25,0.14,90.3,3.1,233,2026-09-28 04:30:00,PT5M,0.0,0.0,0.0,0.0,0.0
0,0,0,0,25,0.14,90.3,3.1,233,2026-09-28 04:35:00,PT5M,0.0,0.0,0.0,0.0,0.0
0,0,0,0,25,0.14,90.4,3.1,232,2026-09-28 04:40:00,PT5M,0.0,0.0,0.0,0.0,0.0
0,0,0,0,25,0.14,90.5,3.1,232,2026-09-28 04:45:00,PT5M,0.0,0.0,0.0,0.0,0.0
0,0,0,0,25,0.14,90.6,3.1,232,2026-09-28 04:50:00,PT5M,0.0,0.0,0.0,0.0,0.0
0,0,0,0,25,0.14,90.7,3.1,232,2026-09-28 04:55:00,PT5M,0.0,0.0,0.0,0.0,0.0
0,0,0,0,25,0.14,90.8,3.1,232,2026-09-28 05:00:00,PT5M,0.0,0.0,0.0,0.0,0.0
0,0,0,0,25,0.14,90.9,3.1,231,2026-09-28 05:05:00,PT5M,0.0,0.0,0.0,0.0,0.0
0,0,0,0,25,0.14,91.0,3.1,231,2026-09-28 05:10:00,PT5M,0.0,0.0,0.0,0.0,0.0
0,0,0,0,25,0.14,91.1,3.1,231,2026-09-28 05:15:00,PT5M,0.0,0.0,0.0,0.0,0.0
0,0,0,0,25,0.14,91.2,3.1,231,2026-09-28 05:20:00,PT5M,0.0,0.0,0.0,0.0,0.0
0,0,0,0,25,0.14,91.3,3.1,231,2026-09-28 05:25:00,PT5M,0.0,0.0,0.0,0.0,0.0
0,0,0,0,25,0.14,91.3,3.1,230,2026-09-28 05:30:00,PT5M,0.0,0.0,0.0,0.0,0.0
0,0,0,0,25,0.14,91.0,3.1,230,2026-09-28 05:35:00,PT5M,0.0,0.0,0.0,0.0,0.0
0,0,0,0,25,0.14,90.3,3.2,230,2026-09-28 05:40:00,PT5M,0.0,0.0,0.0,0.0,0.0
0,0,0,0,25,0.14,89.6,3.2,230,2026-09-28 05:45:00,PT5M,0.0,0.0,0.0,0.0,0.0
0,0,0,0,25,0.14,88.9,3.2,230,2026-09-28 05:50:00,PT5M,0.0,0.0,0.0,0.0,0.0
0,0,0,0,25,0.14,88.2,3.3,230,2026-09-28 05:55:00,PT5M,0.0,0.0,0.0,0.0,0.0
2,2,0,2,26,0.14,87.5,3.3,231,2026-09-28 06:00:00,PT5M,0.0,0.0,0.0,0.0,0.0
10,10,0,10,26,0.14,86.8,3.3,231,2026-09-28 06:05:00,PT5M,0.679,1.08,0.89,0.468,0.278
19,19,0,19,26,0.14,86.1,3.3,231,2026-09-28 06:10:00,PT5M,1.894,2.744,2.3414,1.4466,1.044
29,29,16,28,26,0.14,85.4,3.4,231,2026-09-28 06:15:00,PT5M,3.327,4.879,4.1438,2.5102,1.775
41,41,50,36,26,0.14,84.8,3.4,231,2026-09-28 06:20:00,PT5M,5.296,7.9155,6.6747,3.9173,2.6765
54,54,82,44,26,0.14,84.1,3.4,231,2026-09-28 06:25:00,PT5M,7.662,11.4605,9.6612,5.6628,3.8635
68,68,116,52,26,0.14,83.4,3.5,231,2026-09-28 06:30:00,PT5M,10.667,15.846,13.3927,7.9413,5.488
84,83,152,59,27,0.14,82.8,3.5,231,2026-09-28 06:35:00,PT5M,14.038,20.7325,17.5614,10.5146,7.3435
100,99,186,65,27,0.14,82.3,3.5,231,2026-09-28 06:40:00,PT5M,17.63,25.9035,21.9844,13.2756,9.3565
118,117,220,72,27,0.14,81.7,3.6,231,2026-09-28 06:45:00,PT5M,21.47,31.3145,26.6512,16.2888,11.6255
136,135,253,78,27,0.14,81.1,3.6,232,2026-09-28 06:50:00,PT5M,25.528,36.9475,31.5382,19.5178,14.1085
155,153,285,83,27,0.14,80.6,3.6,232,2026-09-28 06:55:00,PT5M,29.779,42.8465,36.6565,22.9015,16.7115
173,172,313,89,27,0.14,80.0,3.7,232,2026-09-28 07:00:00,PT5M,34.093,48.909,41.8908,26.2952,19.277
192,190,333,94,27,0.14,79.5,3.7,232,2026-09-28 07:05:00,PT5M,38.286,54.959,47.0611,29.5109,21.613
210,208,353,100,27,0.14,78.9,3.7,233,2026-09-28 07:10:00,PT5M,42.601,61.193,52.3861,32.8159,24.009
229,227,371,105,27,0.14,78.4,3.7,233,2026-09-28 07:15:00,PT5M,46.966,67.5545,57.8019,36.1301,26.3775
248,246,388,111,28,0.14,77.9,3.8,233,2026-09-28 07:20:00,PT5M,51.34,73.906,63.2166,39.4634,28.774
267,264,404,116,28,0.14,77.3,3.8,233,2026-09-28 07:25:00,PT5M,55.712,80.269,68.6365,42.7875,31.155
286,283,418,121,28,0.14,76.8,3.8,233,2026-09-28 07:30:00,PT5M,60.084,86.65,74.0659,46.1021,33.518
305,302,431,126,28,0.14,76.3,3.9,234,2026-09-28 07:35:00,PT5M,64.39,93.002,79.4487,49.3313,35.778
323,320,442,131,28,0.14,75.7,3.9,234,2026-09-28 07:40:00,PT5M,68.695,99.4685,84.8913,52.4987,37.9215
341,338,453,135,28,0.14,75.2,3.9,234,2026-09-28 07:45:00,PT5M,71.083,100.0,87.7354,54.4306,39.443
360,357,463,140,28,0.14,74.6,4.0,234,2026-09-28 07:50:00,PT5M,72.996,100.0,89.9397,56.0523,40.8025
378,375,473,145,28,0.14,74.1,4.0,234,2026-09-28 07:55:00,PT5M,74.807,100.0,92.0172,57.5968,42.107
396,392,482,149,29,0.14,73.6,4.0,234,2026-09-28 08:00:00,PT5M,76.506,100.0,93.9552,59.0568,43.352
414,410,490,154,29,0.14,73.0,4.1,235,2026-09-28 08:05:00,PT5M,78.109,100.0,95.7721,60.4459,44.5485
432,428,499,158,29,0.14,72.5,4.1,235,2026-09-28 08:10:00,PT5M,79.599,100.0,97.4442,61.7538,45.6925
449,445,506,162,29,0.14,72.0,4.1,235,2026-09-28 08:15:00,PT5M,80.94,100.0,98.925,62.955,46.768
466,462,513,166,29,0.14,71.5,4.2,235,2026-09-28 08:20:00,PT5M,82.121,100.0,100.0,64.0447,47.7755
483,479,520,170,29,0.14,70.9,4.2,235,2026-09-28 08:25:00,PT5M,83.143,100.0,100.0,65.023,48.7145
500,496,525,174,29,0.14,70.4,4.2,235,2026-09-28 08:30:00,PT5M,84.084,100.0,100.0,65.9406,49.611
517,512,532,178,30,0.14,69.9,4.2,235,2026-09-28 08:35:00,PT5M,85.035,100.0,100.0,66.8842,50.548
533,529,539,181,30,0.14,69.5,4.2,235,2026-09-28 08:40:00,PT5M,86.003,100.0,100.0,67.8565,51.524
550,545,546,184,30,0.14,69.0,4.2,235,2026-09-28 08:45:00,PT5M,86.97,100.0,100.0,68.835,52.513
566,561,552,187,30,0.14,68.5,4.2,235,2026-09-28 08:50:00,PT5M,87.825,100.0,100.0,69.68,53.349
582,577,558,190,30,0.14,68.1,4.2,235,2026-09-28 08:55:00,PT5M,88.635,100.0,100.0,70.5179,54.212
597,592,564,193,30,0.14,67.6,4.2,235,2026-09-28 09:00:00,PT5M,89.41,100.0,100.0,71.3277,55.053
613,608,571,195,30,0.14,67.2,4.2,235,2026-09-28 09:05:00,PT5M,90.25,100.0,100.0,72.2432,56.0365
629,623,578,197,30,0.14,66.7,4.2,234,2026-09-28 09:10:00,PT5M,91.034,100.0,100.0,73.2325,57.2105
644,639,584,199,30,0.14,66.3,4.2,234,2026-09-28 09:15:00,PT5M,91.783,100.0,100.0,74.1817,58.34
659,653,590,201,30,0.14,65.8,4.2,234,2026-09-28 09:20:00,PT5M,92.498,100.0,100.0,75.0922,59.4265
674,668,596,203,31,0.14,65.4,4.2,234,2026-09-28 09:25:00,PT5M,93.181,100.0,100.0,75.9655,60.471
688,682,602,205,31,0.14,65.0,4.2,234,2026-09-28 09:30:00,PT5M,93.833,100.0,100.0,76.8028,61.475
702,696,608,206,31,0.14,64.5,4.2,234,2026-09-28 09:35:00,PT5M,94.453,100.0,100.0,77.6022,62.436
715,709,613,208,31,0.14,64.1,4.2,233,2026-09-28 09:40:00,PT5M,95.043,100.0,100.0,78.3659,63.356
728,722,617,210,31,0.14,63.6,4.2,233,2026-09-28 09:45:00,PT5M,95.553,100.0,100.0,79.0393,64.1765
740,734,621,211,31,0.14,63.1,4.2,232,2026-09-28 09:50:00,PT5M,96.03,100.0,100.0,79.6734,64.952
752,746,625,213,31,0.14,62.7,4.3,232,2026-09-28 09:55:00,PT5M,96.485,100.0,100.0,80.2792,65.6935
764,757,629,215,31,0.14,62.3,4.3,232,2026-09-28 10:00:00,PT5M,96.916,100.0,100.0,80.8518,66.3935
775,768,632,216,32,0.14,61.8,4.3,231,2026-09-28 10:05:00,PT5M,97.333,100.0,100.0,81.4048,67.069
786,779,636,217,32,0.14,61.4,4.3,231,2026-09-28 10:10:00,PT5M,97.737,100.0,100.0,81.9391,67.7205
796,790,640,218,32,0.14,60.9,4.3,231,2026-09-28 10:15:00,PT5M,98.116,100.0,100.0,82.442,68.335
806,800,644,219,32,0.14,60.5,4.3,230,2026-09-28 10:20:00,PT5M,98.47,100.0,100.0,82.9134,68.912
816,809,648,219,32,0.14,60.1,4.3,230,2026-09-28 10:25:00,PT5M,98.803,100.0,100.0,83.3583,69.4575
825,818,651,220,32,0.14,59.7,4.3,230,2026-09-28 10:30:00,PT5M,99.116,100.0,100.0,83.7776,69.9725
833,826,652,221,32,0.14,59.3,4.3,230,2026-09-28 10:35:00,PT5M,99.282,100.0,100.0,84.0333,70.309
839,832,650,224,32,0.14,58.9,4.3,229,2026-09-28 10:40:00,PT5M,99.303,100.0,100.0,84.1264,70.467
845,837,649,227,33,0.14,58.5,4.3,229,2026-09-28 10:45:00,PT5M,99.303,100.0,100.0,84.1911,70.59
850,842,647,230,33,0.14,58.1,4.3,229,2026-09-28 10:50:00,PT5M,99.28,100.0,100.0,84.2234,70.672
854,847,645,232,33,0.14,57.7,4.3,229,2026-09-28 10:55:00,PT5M,99.232,100.0,100.0,84.2133,70.696
858,851,642,235,33,0.14,57.3,4.4,228,2026-09-28 11:00:00,PT5M,99.163,100.0,100.0,84.1698,70.6755
862,854,640,238,33,0.14,57.0,4.4,228,2026-09-28 11:05:00,PT5M,99.077,100.0,100.0,84.118,70.6545
865,857,636,241,33,0.14,56.6,4.4,228,2026-09-28 11:10:00,PT5M,98.967,100.0,100.0,84.0401,70.6055
867,860,633,243,33,0.14,56.2,4.4,228,2026-09-28 11:15:00,PT5M,98.834,100.0,100.0,83.9227,70.502
869,862,630,246,33,0.14,55.9,4.4,227,2026-09-28 11:20:00,PT5M,98.681,100.0,100.0,83.7757,70.3605
870,863,626,249,33,0.14,55.5,4.4,227,2026-09-28 11:25:00,PT5M,98.509,100.0,100.0,83.6014,70.184
871,864,623,252,34,0.14,55.1,4.4,227,2026-09-28 11:30:00,PT5M,98.318,100.0,100.0,83.4017,69.9765
869,862,615,256,34,0.14,55.3,4.4,227,2026-09-28 11:35:00,PT5M,97.977,100.0,100.0,83.0146,69.548
866,859,604,262,33,0.14,56.0,4.4,227,2026-09-28 11:40:00,PT5M,97.487,100.0,100.0,82.4404,68.898
861,855,593,268,33,0.14,56.7,4.4,226,2026-09-28 11:45:00,PT5M,96.975,100.0,100.0,81.8371,68.2125
857,850,582,274,33,0.14,57.4,4.3,226,2026-09-28 11:50:00,PT5M,96.44,100.0,100.0,81.2034,67.49
851,845,571,280,33,0.14,58.1,4.3,226,2026-09-28 11:55:00,PT5M,95.881,100.0,100.0,80.5384,66.7295
846,839,559,286,33,0.14,58.8,4.3,226,2026-09-28 12:00:00,PT5M,95.358,100.0,100.0,79.9025,65.992
839,833,547,291,33,0.14,59.5,4.3,226,2026-09-28 12:05:00,PT5M,94.845,100.0,100.0,79.2676,65.2475
832,826,535,297,32,0.14,60.3,4.3,226,2026-09-28 12:10:00,PT5M,94.348,100.0,100.0,78.6412,64.5045
824,818,522,303,32,0.14,61.0,4.3,226,2026-09-28 12:15:00,PT5M,93.771,100.0,100.0,77.9284,63.6695
816,811,510,309,32,0.14,61.8,4.3,225,2026-09-28 12:20:00,PT5M,93.166,100.0,100.0,77.1818,62.7955
808,802,497,314,32,0.14,62.6,4.3,225,2026-09-28 12:25:00,PT5M,92.533,100.0,100.0,76.4019,61.8835
799,794,485,319,32,0.14,63.4,4.2,225,2026-09-28 12:30:00,PT5M,91.872,100.0,100.0,75.5896,60.935
789,783,470,324,31,0.14,64.1,4.2,225,2026-09-28 12:35:00,PT5M,91.065,100.0,100.0,74.6266,59.8315
777,772,454,330,31,0.14,65.0,4.2,225,2026-09-28 12:40:00,PT5M,90.109,100.0,100.0,73.509,58.5685
765,760,438,336,31,0.14,65.8,4.2,225,2026-09-28 12:45:00,PT5M,89.118,100.0,100.0,72.3499,57.258
752,748,422,341,31,0.14,66.6,4.2,224,2026-09-28 12:50:00,PT5M,88.082,100.0,100.0,71.1341,55.8805
740,735,406,346,31,0.14,67.4,4.2,224,2026-09-28 12:55:00,PT5M,87.02,100.0,100.0,69.8953,54.4825
727,722,391,350,31,0.14,68.3,4.2,224,2026-09-28 13:00:00,PT5M,85.944,100.0,100.0,68.654,53.0925
714,709,376,354,30,0.14,69.1,4.2,224,2026-09-28 13:05:00,PT5M,84.834,100.0,100.0,67.3682,51.6485
700,696,362,356,30,0.14,70.0,4.2,224,2026-09-28 13:10:00,PT5M,83.69,100.0,100.0,66.0406,50.1555
687,683,348,359,30,0.14,70.9,4.1,224,2026-09-28 13:15:00,PT5M,82.454,100.0,100.0,64.6167,48.5625
673,670,334,360,30,0.14,71.8,4.1,223,2026-09-28 13:20:00,PT5M,81.227,100.0,99.2549,63.1991,46.9735
659,656,321,362,30,0.14,72.7,4.1,223,2026-09-28 13:25:00,PT5M,79.963,100.0,98.1827,61.7433,45.345
645,642,307,362,30,0.14,73.6,4.1,223,2026-09-28 13:30:00,PT5M,78.662,100.0,97.0749,60.2491,43.677
630,627,293,363,29,0.14,74.5,4.1,223,2026-09-28 13:35:00,PT5M,77.204,100.0,95.8403,58.5677,41.7945
614,611,277,364,29,0.14,75.4,4.1,223,2026-09-28 13:40:00,PT5M,75.584,100.0,94.4726,56.6954,39.695
597,595,262,364,29,0.14,76.4,4.1,223,2026-09-28 13:45:00,PT5M,73.925,100.0,93.0649,54.7851,37.5585
581,579,247,364,29,0.14,77.3,4.1,222,2026-09-28 13:50:00,PT5M,72.226,100.0,91.6162,52.8358,35.384
565,563,232,363,29,0.14,78.2,4.1,222,2026-09-28 13:55:00,PT5M,70.487,100.0,90.1264,50.8476,33.1715
548,547,218,362,29,0.14,79.2,4.0,222,2026-09-28 14:00:00,PT5M,68.708,100.0,88.5956,48.8204,30.921
532,530,204,359,28,0.14,80.2,4.0,222,2026-09-28 14:05:00,PT5M,66.887,100.0,87.0219,46.7521,28.63
516,514,190,357,28,0.14,81.2,4.0,222,2026-09-28 14:10:00,PT5M,65.054,100.0,85.4331,44.6749,26.333
499,498,177,354,28,0.14,82.2,4.0,222,2026-09-28 14:15:00,PT5M,63.175,100.0,83.797,42.553,23.9925
483,482,164,350,28,0.14,83.2,4.0,221,2026-09-28 14:20:00,PT5M,61.232,100.0,82.0959,40.3681,21.59
467,466,152,346,28,0.14,84.2,4.0,221,2026-09-28 14:25:00,PT5M,59.26,99.355,80.3623,38.1577,19.165
450,450,139,341,28,0.14,85.2,4.0,221,2026-09-28 14:30:00,PT5M,57.26,97.8015,78.5973,35.9227,16.7185
436,436,131,336,27,0.14,85.9,4.0,221,2026-09-28 14:35:00,PT5M,55.576,96.49,77.1093,34.0427,14.662
424,424,125,330,27,0.14,86.1,3.9,221,2026-09-28 14:40:00,PT5M,54.207,95.4245,75.9001,32.5139,12.9895
412,412,120,324,27,0.14,86.4,3.9,221,2026-09-28 14:45:00,PT5M,52.808,94.3335,74.6632,30.9528,11.2825
400,400,114,317,27,0.14,86.6,3.9,221,2026-09-28 14:50:00,PT5M,51.379,93.23,73.4055,29.3525,9.528
388,388,109,311,27,0.14,86.9,3.9,220,2026-09-28 14:55:00,PT5M,49.93,92.0705,72.1088,27.7512,7.7895
376,376,104,304,27,0.14,87.1,3.9,220,2026-09-28 15:00:00,PT5M,48.735,90.8715,70.9117,26.5583,6.5985
364,364,99,297,27,0.14,87.4,3.9,220,2026-09-28 15:05:00,PT5M,47.254,89.3435,69.406,25.102,5.1645
351,351,93,290,27,0.14,87.7,3.8,220,2026-09-28 15:10:00,PT5M,45.691,87.625,67.7612,23.6208,3.757
339,339,86,283,27,0.14,87.9,3.8,220,2026-09-28 15:15:00,PT5M,44.086,85.895,66.0904,22.0816,2.277
326,326,80,276,27,0.14,88.2,3.8,220,2026-09-28 15:20:00,PT5M,42.427,84.0815,64.3501,20.5039,0.7725
314,314,74,269,27,0.14,88.4,3.8,220,2026-09-28 15:25:00,PT5M,40.724,82.186,62.5457,18.9023,0.0
301,301,67,262,27,0.14,88.7,3.8,220,2026-09-28 15:30:00,PT5M,38.978,80.204,60.6755,17.2805,0.0
289,289,61,254,27,0.14,89.0,3.8,220,2026-09-28 15:35:00,PT5M,37.245,78.153,58.7752,15.7148,0.0
277,277,56,246,27,0.14,89.2,3.7,219,2026-09-28 15:40:00,PT5M,35.562,76.021,56.8559,14.2681,0.0
264,265,50,238,27,0.14,89.5,3.7,219,2026-09-28 15:45:00,PT5M,33.839,73.756,54.8476,12.8304,0.0
252,252,44,230,27,0.14,89.8,3.7,219,2026-09-28 15:50:00,PT5M,32.069,71.3525,52.7442,11.3938,0.0
240,240,37,221,27,0.14,90.0,3.7,219,2026-09-28 15:55:00,PT5M,30.253,68.8195,50.5508,9.9552,0.0
227,228,31,213,27,0.14,90.3,3.7,219,2026-09-28 16:00:00,PT5M,28.713,66.4935,48.5971,8.8289,0.0
215,215,25,204,27,0.14,90.6,3.7,218,2026-09-28 16:05:00,PT5M,26.843,63.8055,46.2966,7.3894,0.0
203,203,19,195,27,0.14,90.8,3.7,218,2026-09-28 16:10:00,PT5M,24.975,61.095,43.9852,5.9648,0.0
191,191,13,186,27,0.14,91.1,3.7,218,2026-09-28 16:15:00,PT5M,23.192,57.9725,41.4972,4.8868,0.0
179,179,7,177,27,0.14,91.4,3.7,218,2026-09-28 16:20:00,PT5M,21.56,53.963,38.6139,4.5061,0.0
167,167,1,167,27,0.14,91.6,3.7,217,2026-09-28 16:25:00,PT5M,19.848,49.9535,35.6927,4.0033,0.0
155,156,0,156,27,0.14,91.9,3.6,217,2026-09-28 16:30:00,PT5M,18.529,46.367,33.1803,3.8777,0.0
144,144,0,144,27,0.14,92.2,3.6,217,2026-09-28 16:35:00,PT5M,17.274,42.8245,30.7214,3.8266,0.0
133,134,0,134,27,0.14,92.4,3.6,217,2026-09-28 16:40:00,PT5M,16.035,39.346,28.3037,3.7663,0.0
123,123,0,123,27,0.14,92.6,3.6,216,2026-09-28 16:45:00,PT5M,14.746,35.8385,25.8471,3.6449,0.0
112,112,0,112,27,0.14,92.8,3.6,216,2026-09-28 16:50:00,PT5M,13.442,32.352,23.3945,3.4895,0.0
101,101,0,101,27,0.14,93.1,3.6,216,2026-09-28 16:55:00,PT5M,12.138,28.9235,20.9723,3.3037,0.0
90,90,0,90,27,0.14,93.3,3.6,215,2026-09-28 17:00:00,PT5M,10.792,25.5535,18.5611,3.0229,0.0
79,79,0,79,26,0.14,93.5,3.5,215,2026-09-28 17:05:00,PT5M,9.484,22.3425,16.2515,2.7165,0.0
69,69,0,69,26,0.14,93.8,3.5,215,2026-09-28 17:10:00,PT5M,8.091,19.1135,13.8922,2.2898,0.0
58,59,0,59,26,0.14,94.0,3.5,214,2026-09-28 17:15:00,PT5M,6.819,16.0385,11.6713,1.9667,0.0
49,49,0,49,26,0.14,94.2,3.5,214,2026-09-28 17:20:00,PT5M,5.659,13.108,9.5795,1.7385,0.0
40,40,0,40,26,0.14,94.5,3.5,214,2026-09-28 17:25:00,PT5M,4.492,10.252,7.5235,1.4605,0.0
31,32,0,32,26,0.14,94.7,3.5,213,2026-09-28 17:30:00,PT5M,3.376,7.605,5.6018,1.1502,0.0
24,24,0,24,26,0.14,94.8,3.5,213,2026-09-28 17:35:00,PT5M,2.422,5.3545,3.9654,0.8786,0.0
17,17,0,17,26,0.14,94.9,3.5,213,2026-09-28 17:40:00,PT5M,1.543,3.3435,2.4906,0.5954,0.0
11,11,0,11,26,0.14,94.9,3.5,213,2026-09-28 17:45:00,PT5M,0.735,1.6735,1.2289,0.2411,0.0
5,5,0,5,26,0.14,95.0,3.5,213,2026-09-28 17:50:00,PT5M,0.003,0.2855,0.1517,0.0,0.0
1,1,0,1,26,0.14,95.0,3.5,213,2026-09-28 17:55:00,PT5M,0.0,0.0,0.0,0.0,0.0
0,0,0,0,26,0.14,95.1,3.5,213,2026-09-28 18:00:00,PT5M,0.0,0.0,0.0,0.0,0.0
0,0,0,0,26,0.14,95.1,3.5,213,2026-09-28 18:05:00,PT5M,0.0,0.0,0.0,0.0,0.0
0,0,0,0,26,0.14,95.1,3.5,213,2026-09-28 18:10:00,PT5M,0.0,0.0,0.0,0.0,0.0
0,0,0,0,26,0.14,95.2,3.5,213,2026-09-28 18:15:00,PT5M,0.0,0.0,0.0,0.0,0.0
0,0,0,0,26,0.14,95.2,3.5,213,2026-09-28 18:20:00,PT5M,0.0,0.0,0.0,0.0,0.0
0,0,0,0,26,0.14,95.3,3.5,212,2026-09-28 18:25:00,PT5M,0.0,0.0,0.0,0.0,0.0
0,0,0,0,26,0.14,95.3,3.5,212,2026-09-28 18:30:00,PT5M,0.0,0.0,0.0,0.0,0.0
0,0,0,0,26,0.14,95.4,3.6,212,2026-09-28 18:35:00,PT5M,0.0,0.0,0.0,0.0,0.0
0,0,0,0,26,0.14,95.4,3.6,212,2026-09-28 18:40:00,PT5M,0.0,0.0,0.0,0.0,0.0
0,0,0,0,26,0.14,95.4,3.6,212,2026-09-28 18:45:00,PT5M,0.0,0.0,0.0,0.0,0.0
0,0,0,0,26,0.14,95.4,3.6,212,2026-09-28 18:50:00,PT5M,0.0,0.0,0.0,0.0,0.0
0,0,0,0,26,0.14,95.4,3.6,213,2026-09-28 18:55:00,PT5M,0.0,0.0,0.0,0.0,0.0
0,0,0,0,26,0.14,95.3,3.6,213,2026-09-28 19:00:00,PT5M,0.0,0.0,0.0,0.0,0.0
0,0,0,0,26,0.14,95.3,3.6,213,2026-09-28 19:05:00,PT5M,0.0,0.0,0.0,0.0,0.0
0,0,0,0,26,0.14,95.3,3.6,213,2026-09-28 19:10:00,PT5M,0.0,0.0,0.0,0.0,0.0
0,0,0,0,26,0.14,95.3,3.6,213,2026-09-28 19:15:00,PT5M,0.0,0.0,0.0,0.0,0.0
0,0,0,0,26,0.14,95.3,3.7,213,2026-09-28 19:20:00,PT5M,0.0,0.0,0.0,0.0,0.0
0,0,0,0,26,0.14,95.3,3.7,213,2026-09-28 19:25:00,PT5M,0.0,0.0,0.0,0.0,0.0
0,0,0,0,25,0.14,95.3,3.7,213,2026-09-28 19:30:00,PT5M,0.0,0.0,0.0,0.0,0.0
0,0,0,0,25,0.14,95.4,3.7,213,2026-09-28 19:35:00,PT5M,0.0,0.0,0.0,0.0,0.0
0,0,0,0,25,0.14,95.4,3.7,213,2026-09-28 19:40:00,PT5M,0.0,0.0,0.0,0.0,0.0
0,0,0,0,25,0.14,95.5,3.7,212,2026-09-28 19:45:00,PT5M,0.0,0.0,0.0,0.0,0.0
0,0,0,0,25,0.14,95.5,3.7,212,2026-09-28 19:50:00,PT5M,0.0,0.0,0.0,0.0,0.0
0,0,0,0,25,0.14,95.6,3.8,212,2026-09-28 19:55:00,PT5M,0.0,0.0,0.0,0.0,0.0
0,0,0,0,25,0.14,95.6,3.8,212,2026-09-28 20:00:00,PT5M,0.0,0.0,0.0,0.0,0.0
0,0,0,0,25,0.14,95.6,3.8,212,2026-09-28 20:05:00,PT5M,0.0,0.0,0.0,0.0,0.0
0,0,0,0,25,0.14,95.7,3.8,212,2026-09-28 20:10:00,PT5M,0.0,0.0,0.0,0.0,0.0
0,0,0,0,25,0.14,95.7,3.8,212,2026-09-28 20:15:00,PT5M,0.0,0.0,0.0,0.0,0.0
0,0,0,0,25,0.14,95.8,3.8,212,2026-09-28 20:20:00,PT5M,0.0,0.0,0.0,0.0,0.0
0,0,0,0,25,0.14,95.8,3.8,211,2026-09-28 20:25:00,PT5M,0.0,0.0,0.0,0.0,0.0
0,0,0,0,25,0.14,95.9,3.9,211,2026-09-28 20:30:00,PT5M,0.0,0.0,0.0,0.0,0.0
0,0,0,0,25,0.14,95.9,3.9,211,2026-09-28 20:35:00,PT5M,0.0,0.0,0.0,0.0,0.0
0,0,0,0,25,0.14,95.8,3.8,212,2026-09-28 20:40:00,PT5M,0.0,0.0,0.0,0.0,0.0
0,0,0,0,25,0.14,95.8,3.8,212,2026-09-28 20:45:00,PT5M,0.0,0.0,0.0,0.0,0.0
0,0,0,0,25,0.14,95.7,3.8,213,2026-09-28 20:50:00,PT5M,0.0,0.0,0.0,0.0,0.0
0,0,0,0,25,0.14,95.7,3.8,213,2026-09-28 20:55:00,PT5M,0.0,0.0,0.0,0.0,0.0
0,0,0,0,25,0.14,95.6,3.8,213,2026-09-28 21:00:00,PT5M,0.0,0.0,0.0,0.0,0.0
0,0,0,0,25,0.14,95.6,3.8,214,2026-09-28 21:05:00,PT5M,0.0,0.0,0.0,0.0,0.0
0,0,0,0,25,0.14,95.5,3.8,214,2026-09-28 21:10:00,PT5M,0.0,0.0,0.0,0.0,0.0
0,0,0,0,25,0.14,95.5,3.8,215,2026-09-28 21:15:00,PT5M,0.0,0.0,0.0,0.0,0.0
0,0,0,0,25,0.14,95.4,3.7,215,2026-09-28 21:20:00,PT5M,0.0,0.0,0.0,0.0,0.0
0,0,0,0,25,0.14,95.4,3.7,216,2026-09-28 21:25:00,PT5M,0.0,0.0,0.0,0.0,0.0
0,0,0,0,25,0.14,95.3,3.7,216,2026-09-28 21:30:00,PT5M,0.0,0.0,0.0,0.0,0.0
0,0,0,0,25,0.14,95.3,3.7,216,2026-09-28 21:35:00,PT5M,0.0,0.0,0.0,0.0,0.0
0,0,0,0,25,0.14,95.2,3.7,217,2026-09-28 21:40:00,PT5M,0.0,0.0,0.0,0.0,0.0
0,0,0,0,25,0.14,95.2,3.7,217,2026-09-28 21:45:00,PT5M,0.0,0.0,0.0,0.0,0.0
0,0,0,0,25,0.14,95.1,3.7,217,2026-09-28 21:50:00,PT5M,0.0,0.0,0.0,0.0,0.0
0,0,0,0,25,0.14,95.1,3.7,217,2026-09-28 21:55:00,PT5M,0.0,0.0,0.0,0.0,0.0
0,0,0,0,25,0.14,95.1,3.7,218,2026-09-28 22:00:00,PT5M,0.0,0.0,0.0,0.0,0.0
0,0,0,0,25,0.14,95.0,3.7,218,2026-09-28 22:05:00,PT5M,0.0,0.0,0.0,0.0,0.0
0,0,0,0,25,0.14,95.0,3.7,218,2026-09-28 22:10:00,PT5M,0.0,0.0,0.0,0.0,0.0
0,0,0,0,25,0.14,94.9,3.7,218,2026-09-28 22:15:00,PT5M,0.0,0.0,0.0,0.0,0.0
0,0,0,0,25,0.14,94.9,3.6,219,2026-09-28 22:20:00,PT5M,0.0,0.0,0.0,0.0,0.0
0,0,0,0,25,0.14,94.8,3.6,219,2026-09-28 22:25:00,PT5M,0.0,0.0,0.0,0.0,0.0
0,0,0,0,25,0.14,94.8,3.6,219,2026-09-28 22:30:00,PT5M,0.0,0.0,0.0,0.0,0.0
0,0,0,0,25,0.14,94.7,3.6,220,2026-09-28 22:35:00,PT5M,0.0,0.0,0.0,0.0,0.0
0,0,0,0,25,0.14,94.7,3.6,220,2026-09-28 22:40:00,PT5M,0.0,0.0,0.0,0.0,0.0
0,0,0,0,25,0.14,94.6,3.6,220,2026-09-28 22:45:00,PT5M,0.0,0.0,0.0,0.0,0.0
0,0,0,0,24,0.14,94.6,3.6,220,2026-09-28 22:50:00,PT5M,0.0,0.0,0.0,0.0,0.0
0,0,0,0,24,0.14,94.5,3.6,221,2026-09-28 22:55:00,PT5M,0.0,0.0,0.0,0.0,0.0
0,0,0,0,24,0.14,94.5,3.6,221,2026-09-28 23:00:00,PT5M,0.0,0.0,0.0,0.0,0.0
0,0,0,0,24,0.14,94.4,3.6,221,2026-09-28 23:05:00,PT5M,0.0,0.0,0.0,0.0,0.0
0,0,0,0,24,0.14,94.4,3.6,221,2026-09-28 23:10:00,PT5M,0.0,0.0,0.0,0.0,0.0
0,0,0,0,24,0.14,94.3,3.6,222,2026-09-28 23:15:00,PT5M,0.0,0.0,0.0,0.0,0.0
0,0,0,0,24,0.14,94.3,3.6,222,2026-09-28 23:20:00,PT5M,0.0,0.0,0.0,0.0,0.0
0,0,0,0,24,0.14,94.2,3.5,222,2026-09-28 23:25:00,PT5M,0.0,0.0,0.0,0.0,0.0
0,0,0,0,24,0.14,94.2,3.5,223,2026-09-28 23:30:00,PT5M,0.0,0.0,0.0,0.0,0.0
0,0,0,0,24,0.14,94.1,3.5,223,2026-09-28 23:35:00,PT5M,0.0,0.0,0.0,0.0,0.0
0,0,0,0,24,0.14,94.1,3.6,223,2026-09-28 23:40:00,PT5M,0.0,0.0,0.0,0.0,0.0
0,0,0,0,24,0.14,94.0,3.6,224,2026-09-28 23:45:00,PT5M,0.0,0.0,0.0,0.0,0.0
0,0,0,0,24,0.14,94.0,3.6,224,2026-09-28 23:50:00,PT5M,0.0,0.0,0.0,0.0,0.0
0,0,0,0,24,0.14,93.9,3.6,224,2026-09-28 23:55:00,PT5M,0.0,0.0,0.0,0.0,0.0
0,0,0,0,24,0.14,93.9,3.6,225,2026-09-29 00:00:00,PT5M,0.0,0.0,0.0,0.0,0.0
0,0,0,0,24,0.14,93.9,3.6,225,2026-09-29 00:05:00,PT5M,0.0,0.0,0.0,0.0,0.0
0,0,0,0,24,0.14,93.8,3.6,226,2026-09-29 00:10:00,PT5M,0.0,0.0,0.0,0.0,0.0
0,0,0,0,24,0.14,93.8,3.6,226,2026-09-29 00:15:00,PT5M,0.0,0.0,0.0,0.0,0.0
0,0,0,0,24,0.14,93.7,3.6,226,2026-09-29 00:20:00,PT5M,0.0,0.0,0.0,0.0,0.0
0,0,0,0,24,0.14,93.7,3.7,227,2026-09-29 00:25:00,PT5M,0.0,0.0,0.0,0.0,0.0
0,0,0,0,24,0.14,93.6,3.7,227,2026-09-29 00:30:00,PT5M,0.0,0.0,0.0,0.0,0.0
0,0,0,0,24,0.14,93.5,3.7,227,2026-09-29 00:35:00,PT5M,0.0,0.0,0.0,0.0,0.0
0,0,0,0,24,0.14,93.5,3.7,228,2026-09-29 00:40:00,PT5M,0.0,0.0,0.0,0.0,0.0
0,0,0,0,24,0.14,93.4,3.7,228,2026-09-29 00:45:00,PT5M,0.0,0.0,0.0,0.0,0.0
0,0,0,0,24,0.14,93.3,3.7,228,2026-09-29 00:50:00,PT5M,0.0,0.0,0.0,0.0,0.0
0,0,0,0,24,0.14,93.2,3.7,229,2026-09-29 00:55:00,PT5M,0.0,0.0,0.0,0.0,0.0
0,0,0,0,24,0.14,93.1,3.8,229,2026-09-29 01:00:00,PT5M,0.0,0.0,0.0,0.0,0.0
0,0,0,0,24,0.14,93.0,3.8,229,2026-09-29 01:05:00,PT5M,0.0,0.0,0.0,0.0,0.0
0,0,0,0,24,0.14,92.9,3.8,230,2026-09-29 01:10:00,PT5M,0.0,0.0,0.0,0.0,0.0
0,0,0,0,24,0.14,92.8,3.8,230,2026-09-29 01:15:00,PT5M,0.0,0.0,0.0,0.0,0.0
0,0,0,0,24,0.14,92.7,3.8,231,2026-09-29 01:20:00,PT5M,0.0,0.0,0.0,0.0,0.0
0,0,0,0,24,0.14,92.6,3.8,231,2026-09-29 01:25:00,PT5M,0.0,0.0,0.0,0.0,0.0
0,0,0,0,24,0.14,92.5,3.8,231,2026-09-29 01:30:00,PT5M,0.0,0.0,0.0,0.0,0.0
0,0,0,0,24,0.14,92.5,3.8,231,2026-09-29 01:35:00,PT5M,0.0,0.0,0.0,0.0,0.0
0,0,0,0,24,0.14,92.4,3.9,232,2026-09-29 01:40:00,PT5M,0.0,0.0,0.0,0.0,0.0
0,0,0,0,24,0.14,92.4,3.9,232,2026-09-29 01:45:00,PT5M,0.0,0.0,0.0,0.0,0.0
0,0,0,0,24,0.14,92.3,3.9,232,2026-09-29 01:50:00,PT5M,0.0,0.0,0.0,0.0,0.0
0,0,0,0,24,0.14,92.3,3.9,232,2026-09-29 01:55:00,PT5M,0.0,0.0,0.0,0.0,0.0
0,0,0,0,24,0.14,92.2,3.9,233,2026-09-29 02:00:00,PT5M,0.0,0.0,0.0,0.0,0.0
0,0,0,0,24,0.14,92.2,3.9,233,2026-09-29 02:05:00,PT5M,0.0,0.0,0.0,0.0,0.0
0,0,0,0,24,0.14,92.1,3.9,233,2026-09-29 02:10:00,PT5M,0.0,0.0,0.0,0.0,0.0
0,0,0,0,24,0.14,92.1,3.9,233,2026-09-29 02:15:00,PT5M,0.0,0.0,0.0,0.0,0.0
0,0,0,0,24,0.14,92.0,3.9,234,2026-09-29 02:20:00,PT5M,0.0,0.0,0.0,0.0,0.0
0,0,0,0,24,0.14,92.0,3.9,234,2026-09-29 02:25:00,PT5M,0.0,0.0,0.0,0.0,0.0
0,0,0,0,24,0.14,91.9,3.9,234,2026-09-29 02:30:00,PT5M,0.0,0.0,0.0,0.0,0.0
0,0,0,0,24,0.14,91.9,3.9,234,2026-09-29 02:35:00,PT5M,0.0,0.0,0.0,0.0,0.0
0,0,0,0,24,0.14,92.0,3.9,234,2026-09-29 02:40:00,PT5M,0.0,0.0,0.0,0.0,0.0
0,0,0,0,24,0.14,92.0,3.9,234,2026-09-29 02:45:00,PT5M,0.0,0.0,0.0,0.0,0.0
0,0,0,0,24,0.14,92.1,3.9,234,2026-09-29 02:50:00,PT5M,0.0,0.0,0.0,0.0,0.0
0,0,0,0,24,0.14,92.1,3.9,234,2026-09-29 02:55:00,PT5M,0.0,0.0,0.0,0.0,0.0
0,0,0,0,24,0.14,92.2,3.9,234,2026-09-29 03:00:00,PT5M,0.0,0.0,0.0,0.0,0.0
0,0,0,0,24,0.14,92.2,3.9,233,2026-09-29 03:05:00,PT5M,0.0,0.0,0.0,0.0,0.0
0,0,0,0,24,0.14,92.3,3.8,233,2026-09-29 03:10:00,PT5M,0.0,0.0,0.0,0.0,0.0
0,0,0,0,24,0.14,92.3,3.8,233,2026-09-29 03:15:00,PT5M,0.0,0.0,0.0,0.0,0.0
0,0,0,0,24,0.14,92.4,3.8,233,2026-09-29 03:20:00,PT5M,0.0,0.0,0.0,0.0,0.0
0,0,0,0,24,0.14,92.4,3.8,233,2026-09-29 03:25:00,PT5M,0.0,0.0,0.0,0.0,0.0
0,0,0,0,24,0.14,92.5,3.8,233,2026-09-29 03:30:00,PT5M,0.0,0.0,0.0,0.0,0.0
0,0,0,0,24,0.14,92.5,3.8,232,2026-09-29 03:35:00,PT5M,0.0,0.0,0.0,0.0,0.0
0,0,0,0,24,0.14,92.4,3.8,232,2026-09-29 03:40:00,PT5M,0.0,0.0,0.0,0.0,0.0
0,0,0,0,24,0.14,92.4,3.8,232,2026-09-29 03:45:00,PT5M,0.0,0.0,0.0,0.0,0.0
0,0,0,0,24,0.14,92.3,3.8,232,2026-09-29 03:50:00,PT5M,0.0,0.0,0.0,0.0,0.0
0,0,0,0,24,0.14,92.3,3.7,231,2026-09-29 03:55:00,PT5M,0.0,0.0,0.0,0.0,0.0
0,0,0,0,24,0.14,92.2,3.7,231,2026-09-29 04:00:00,PT5M,0.0,0.0,0.0,0.0,0.0
0,0,0,0,24,0.14,92.2,3.7,231,2026-09-29 04:05:00,PT5M,0.0,0.0,0.0,0.0,0.0
0,0,0,0,24,0.14,92.1,3.7,231,2026-09-29 04:10:00,PT5M,0.0,0.0,0.0,0.0,0.0
0,0,0,0,24,0.14,92.1,3.7,230,2026-09-29 04:15:00,PT5M,0.0,0.0,0.0,0.0,0.0
0,0,0,0,24,0.14,92.0,3.7,230,2026-09-29 04:20:00,PT5M,0.0,0.0,0.0,0.0,0.0
0,0,0,0,24,0.14,92.0,3.7,230,2026-09-29 04:25:00,PT5M,0.0,0.0,0.0,0.0,0.0
0,0,0,0,24,0.14,91.9,3.7,230,2026-09-29 04:30:00,PT5M,0.0,0.0,0.0,0.0,0.0
0,0,0,0,24,0.14,91.9,3.7,229,2026-09-29 04:35:00,PT5M,0.0,0.0,0.0,0.0,0.0
0,0,0,0,24,0.14,92.0,3.7,229,2026-09-29 04:40:00,PT5M,0.0,0.0,0.0,0.0,0.0
0,0,0,0,24,0.14,92.0,3.7,229,2026-09-29 04:45:00,PT5M,0.0,0.0,0.0,0.0,0.0
0,0,0,0,24,0.14,92.1,3.7,228,2026-09-29 04:50:00,PT5M,0.0,0.0,0.0,0.0,0.0
0,0,0,0,24,0.14,92.1,3.7,228,2026-09-29 04:55:00,PT5M,0.0,0.0,0.0,0.0,0.0
0,0,0,0,24,0.14,92.2,3.6,228,2026-09-29 05:00:00,PT5M,0.0,0.0,0.0,0.0,0.0
0,0,0,0,24,0.14,92.2,3.6,228,2026-09-29 05:05:00,PT5M,0.0,0.0,0.0,0.0,0.0
0,0,0,0,24,0.14,92.3,3.6,227,2026-09-29 05:10:00,PT5M,0.0,0.0,0.0,0.0,0.0
0,0,0,0,24,0.14,92.3,3.6,227,2026-09-29 05:15:00,PT5M,0.0,0.0,0.0,0.0,0.0
0,0,0,0,24,0.14,92.4,3.6,227,2026-09-29 05:20:00,PT5M,0.0,0.0,0.0,0.0,0.0
0,0,0,0,24,0.14,92.4,3.6,227,2026-09-29 05:25:00,PT5M,0.0,0.0,0.0,0.0,0.0
0,0,0,0,24,0.14,92.4,3.6,226,2026-09-29 05:30:00,PT5M,0.0,0.0,0.0,0.0,0.0
0,0,0,0,24,0.14,92.2,3.6,226,2026-09-29 05:35:00,PT5M,0.0,0.0,0.0,0.0,0.0
0,0,0,0,25,0.14,91.7,3.6,226,2026-09-29 05:40:00,PT5M,0.0,0.0,0.0,0.0,0.0
0,0,0,0,25,0.14,91.2,3.6,226,2026-09-29 05:45:00,PT5M,0.0,0.0,0.0,0.0,0.0
0,0,0,0,25,0.14,90.7,3.6,226,2026-09-29 05:50:00,PT5M,0.0,0.0,0.0,0.0,0.0
0,0,0,0,25,0.14,90.2,3.7,226,2026-09-29 05:55:00,PT5M,0.0,0.0,0.0,0.0,0.0
2,2,0,2,25,0.14,89.7,3.7,226,2026-09-29 06:00:00,PT5M,0.0,0.0,0.0,0.0,0.0
8,8,0,8,25,0.14,89.2,3.7,226,2026-09-29 06:05:00,PT5M,0.408,0.8585,0.6451,0.1709,0.0
15,15,0,15,25,0.14,88.8,3.7,226,2026-09-29 06:10:00,PT5M,1.373,2.586,2.0114,0.7346,0.16
23,23,0,23,25,0.14,88.3,3.7,226,2026-09-29 06:15:00,PT5M,2.445,4.721,3.6429,1.2471,0.169
33,33,0,33,25,0.14,87.8,3.7,226,2026-09-29 06:20:00,PT5M,3.604,7.247,5.5213,1.6867,0.0
43,43,0,43,26,0.14,87.3,3.7,226,2026-09-29 06:25:00,PT5M,4.887,9.982,7.5685,2.2055,0.0
54,54,0,54,26,0.14,86.9,3.7,226,2026-09-29 06:30:00,PT5M,6.408,13.157,9.96,2.856,0.0
67,67,10,65,26,0.14,86.4,3.8,226,2026-09-29 06:35:00,PT5M,8.236,16.7385,12.7109,3.7611,0.0
80,80,31,74,26,0.14,85.9,3.8,226,2026-09-29 06:40:00,PT5M,10.515,20.7945,15.9252,5.1048,0.2355
94,94,53,83,26,0.14,85.5,3.8,226,2026-09-29 06:45:00,PT5M,13.089,25.1185,19.4202,6.7578,1.0595
109,108,74,92,26,0.14,85.0,3.8,226,2026-09-29 06:50:00,PT5M,15.92,29.689,23.1667,8.6733,2.151
124,124,95,100,26,0.14,84.5,3.8,226,2026-09-29 06:55:00,PT5M,18.814,34.362,26.997,10.631,3.266
140,139,114,109,26,0.14,84.1,3.8,226,2026-09-29 07:00:00,PT5M,21.881,39.2895,31.0432,12.7188,4.4725
156,155,131,117,26,0.14,83.6,3.8,226,2026-09-29 07:05:00,PT5M,25.036,44.4375,35.2471,14.8249,5.6345
172,171,150,125,27,0.14,83.2,3.8,226,2026-09-29 07:10:00,PT5M,28.461,49.9945,39.7942,17.1278,6.9275
189,188,168,132,27,0.14,82.7,3.8,226,2026-09-29 07:15:00,PT5M,32.018,55.658,44.4599,19.5761,8.378
206,204,186,140,27,0.14,82.3,3.9,226,2026-09-29 07:20:00,PT5M,35.667,61.419,49.2205,22.1135,9.915
223,222,203,147,27,0.14,81.9,3.9,226,2026-09-29 07:25:00,PT5M,39.413,67.271,54.0749,24.7511,11.555
240,239,220,153,27,0.14,81.4,3.9,226,2026-09-29 07:30:00,PT5M,43.255,73.2185,59.025,27.485,13.2915
258,256,237,159,27,0.14,81.0,3.9,226,2026-09-29 07:35:00,PT5M,47.169,79.2605,64.059,30.279,15.0775
276,274,254,165,27,0.14,80.5,3.9,226,2026-09-29 07:40:00,PT5M,51.189,85.543,69.2698,33.1082,16.835
294,292,271,171,27,0.14,80.1,3.9,226,2026-09-29 07:45:00,PT5M,54.171,89.37,72.6965,35.6455,18.972
313,310,287,176,27,0.14,79.7,4.0,226,2026-09-29 07:50:00,PT5M,56.934,92.703,75.7595,38.1085,21.165
331,329,304,181,28,0.14,79.3,4.0,226,2026-09-29 07:55:00,PT5M,59.622,95.917,78.7243,40.5197,23.327
350,347,321,185,28,0.14,78.8,4.0,226,2026-09-29 08:00:00,PT5M,62.225,98.982,81.5705,42.8795,25.468
369,366,337,190,28,0.14,78.4,4.0,227,2026-09-29 08:05:00,PT5M,64.705,100.0,84.2478,45.1622,27.573
387,384,352,193,28,0.14,78.0,4.0,227,2026-09-29 08:10:00,PT5M,67.051,100.0,86.7409,47.3611,29.6395
406,403,368,197,28,0.14,77.6,4.0,227,2026-09-29 08:15:00,PT5M,69.281,100.0,89.0699,49.4921,31.6815
425,421,383,200,28,0.14,77.2,4.1,227,2026-09-29 08:20:00,PT5M,71.353,100.0,91.1871,51.5189,33.6675
444,440,398,203,28,0.14,76.8,4.1,227,2026-09-29 08:25:00,PT5M,73.332,100.0,93.1622,53.5018,35.654
462,459,413,206,28,0.14,76.4,4.1,227,2026-09-29 08:30:00,PT5M,75.228,100.0,95.0282,55.4278,37.607
479,475,423,209,28,0.14,75.9,4.1,227,2026-09-29 08:35:00,PT5M,76.66,100.0,96.4405,56.8795,39.0765
495,491,429,214,29,0.14,75.2,4.1,227,2026-09-29 08:40:00,PT5M,77.645,100.0,97.4541,57.8359,40.007
510,506,434,219,29,0.14,74.6,4.0,227,2026-09-29 08:45:00,PT5M,78.574,100.0,98.3708,58.7772,40.9595
524,520,438,223,29,0.14,74.0,4.0,226,2026-09-29 08:50:00,PT5M,79.46,100.0,99.2349,59.6851,41.887
539,535,443,228,29,0.14,73.4,4.0,226,2026-09-29 08:55:00,PT5M,80.305,100.0,100.0,60.5601,42.789
553,549,447,232,29,0.14,72.8,4.0,226,2026-09-29 09:00:00,PT5M,81.121,100.0,100.0,61.4313,43.71
568,563,453,236,29,0.14,72.2,3.9,226,2026-09-29 09:05:00,PT5M,82.013,100.0,100.0,62.5236,44.9825
582,577,458,239,29,0.14,71.6,3.9,226,2026-09-29 09:10:00,PT5M,82.867,100.0,100.0,63.5757,46.213
596,591,464,243,29,0.14,71.0,3.9,226,2026-09-29 09:15:00,PT5M,83.685,100.0,100.0,64.5893,47.4025
610,605,469,246,30,0.14,70.4,3.9,225,2026-09-29 09:20:00,PT5M,84.469,100.0,100.0,65.5659,48.5525
623,618,474,249,30,0.14,69.9,3.9,225,2026-09-29 09:25:00,PT5M,85.221,100.0,100.0,66.5081,49.666
636,631,478,252,30,0.14,69.3,3.8,225,2026-09-29 09:30:00,PT5M,85.942,100.0,100.0,67.416,50.742
649,644,483,255,30,0.14,68.8,3.8,225,2026-09-29 09:35:00,PT5M,86.633,100.0,100.0,68.2999,51.7995
661,656,487,258,30,0.14,68.3,3.8,224,2026-09-29 09:40:00,PT5M,87.297,100.0,100.0,69.1631,52.842
673,668,491,260,30,0.14,67.9,3.8,224,2026-09-29 09:45:00,PT5M,87.883,100.0,100.0,69.942,53.7945
685,679,494,263,30,0.14,67.4,3.7,224,2026-09-29 09:50:00,PT5M,88.435,100.0,100.0,70.6832,54.706
696,690,497,266,30,0.14,66.9,3.7,223,2026-09-29 09:55:00,PT5M,88.962,100.0,100.0,71.396,55.586
706,700,500,269,30,0.14,66.5,3.7,223,2026-09-29 10:00:00,PT5M,89.461,100.0,100.0,72.0744,56.426
717,711,504,271,31,0.14,66.1,3.7,223,2026-09-29 10:05:00,PT5M,89.945,100.0,100.0,72.735,57.2455
727,721,507,273,31,0.14,65.6,3.6,222,2026-09-29 10:10:00,PT5M,90.413,100.0,100.0,73.3764,58.043
736,730,510,275,31,0.14,65.2,3.6,222,2026-09-29 10:15:00,PT5M,90.854,100.0,100.0,73.9866,58.8055
745,739,513,276,31,0.14,64.8,3.6,221,2026-09-29 10:20:00,PT5M,91.268,100.0,100.0,74.5659,59.5335
754,748,516,278,31,0.14,64.3,3.6,221,2026-09-29 10:25:00,PT5M,91.659,100.0,100.0,75.1185,60.2315
763,756,519,279,31,0.14,63.9,3.6,221,2026-09-29 10:30:00,PT5M,92.028,100.0,100.0,75.6462,60.902
771,765,523,280,31,0.14,63.5,3.5,220,2026-09-29 10:35:00,PT5M,92.433,100.0,100.0,76.217,61.622
780,773,528,280,31,0.14,63.0,3.5,220,2026-09-29 10:40:00,PT5M,92.873,100.0,100.0,76.8304,62.3915
788,782,533,280,32,0.14,62.6,3.5,220,2026-09-29 10:45:00,PT5M,93.228,100.0,100.0,77.3538,63.0665
796,789,538,280,32,0.14,62.1,3.5,219,2026-09-29 10:50:00,PT5M,93.607,100.0,100.0,77.8944,63.7525
803,797,542,280,32,0.14,61.7,3.5,219,2026-09-29 10:55:00,PT5M,93.949,100.0,100.0,78.3827,64.3725
810,804,547,279,32,0.14,61.2,3.5,219,2026-09-29 11:00:00,PT5M,94.266,100.0,100.0,78.8376,64.9515
817,810,551,279,32,0.14,60.8,3.4,218,2026-09-29 11:05:00,PT5M,94.564,100.0,100.0,79.284,65.5315
823,816,555,279,32,0.14,60.4,3.4,218,2026-09-29 11:10:00,PT5M,94.834,100.0,100.0,79.7008,66.0805
829,822,559,278,32,0.14,59.9,3.4,218,2026-09-29 11:15:00,PT5M,95.074,100.0,100.0,80.0724,66.5705
834,827,562,278,32,0.14,59.5,3.4,217,2026-09-29 11:20:00,PT5M,95.289,100.0,100.0,80.4111,67.0205
838,831,566,277,32,0.14,59.1,3.4,217,2026-09-29 11:25:00,PT5M,95.481,100.0,100.0,80.7199,67.4345
842,835,569,277,33,0.14,58.7,3.4,217,2026-09-29 11:30:00,PT5M,95.65,100.0,100.0,81.0,67.8145
843,836,566,278,33,0.14,58.8,3.4,217,2026-09-29 11:35:00,PT5M,95.549,100.0,100.0,80.9129,67.74
841,833,558,283,32,0.14,59.6,3.4,218,2026-09-29 11:40:00,PT5M,95.179,100.0,100.0,80.4579,67.2085
837,830,550,288,32,0.14,60.3,3.4,219,2026-09-29 11:45:00,PT5M,94.786,100.0,100.0,79.9726,66.64
834,827,541,292,32,0.14,61.1,3.4,219,2026-09-29 11:50:00,PT5M,94.37,100.0,100.0,79.4566,66.034
830,823,532,296,32,0.14,61.8,3.4,220,2026-09-29 11:55:00,PT5M,93.976,100.0,100.0,78.9552,65.436
825,818,524,300,32,0.14,62.6,3.5,221,2026-09-29 12:00:00,PT5M,93.577,100.0,100.0,78.4415,64.819
820,813,515,304,31,0.14,63.4,3.5,222,2026-09-29 12:05:00,PT5M,93.194,100.0,100.0,77.9366,64.2045
814,808,506,308,31,0.14,64.2,3.5,223,2026-09-29 12:10:00,PT5M,92.783,100.0,100.0,77.3969,63.549
808,802,497,312,31,0.14,65.0,3.5,223,2026-09-29 12:15:00,PT5M,92.345,100.0,100.0,76.8239,62.8545
801,795,488,315,31,0.14,65.8,3.5,224,2026-09-29 12:20:00,PT5M,91.879,100.0,100.0,76.2172,62.121
794,788,479,319,31,0.14,66.6,3.6,225,2026-09-29 12:25:00,PT5M,91.385,100.0,100.0,75.5766,61.3485
787,781,469,322,30,0.14,67.4,3.6,226,2026-09-29 12:30:00,PT5M,90.864,100.0,100.0,74.9045,60.5405
777,772,457,326,30,0.14,68.3,3.6,226,2026-09-29 12:35:00,PT5M,90.14,100.0,100.0,74.0016,59.4765
766,760,442,331,30,0.14,69.2,3.6,227,2026-09-29 12:40:00,PT5M,89.21,100.0,100.0,72.865,58.154
754,749,427,335,30,0.14,70.1,3.6,228,2026-09-29 12:45:00,PT5M,88.245,100.0,100.0,71.6858,56.782
742,737,413,340,30,0.14,71.0,3.7,229,2026-09-29 12:50:00,PT5M,87.236,100.0,100.0,70.4529,55.3475
729,725,398,343,29,0.14,72.0,3.7,229,2026-09-29 12:55:00,PT5M,86.203,100.0,100.0,69.2012,53.899
717,712,384,347,29,0.14,72.9,3.7,230,2026-09-29 13:00:00,PT5M,85.16,100.0,100.0,67.9516,52.4635
704,699,370,350,29,0.14,73.9,3.7,231,2026-09-29 13:05:00,PT5M,84.066,100.0,100.0,66.6379,50.952
691,686,356,352,29,0.14,74.8,3.7,232,2026-09-29 13:10:00,PT5M,82.925,100.0,100.0,65.2703,49.3805
677,673,343,354,29,0.14,75.8,3.7,232,2026-09-29 13:15:00,PT5M,81.689,100.0,99.5734,63.8046,47.708
664,660,329,356,29,0.14,76.8,3.8,233,2026-09-29 13:20:00,PT5M,80.468,100.0,98.5832,62.3528,46.0485
650,646,316,357,28,0.14,77.8,3.8,234,2026-09-29 13:25:00,PT5M,79.21,100.0,97.5563,60.8637,44.3515
636,633,303,357,28,0.14,78.9,3.8,234,2026-09-29 13:30:00,PT5M,77.917,100.0,96.4938,59.3402,42.6205
621,618,290,358,28,0.14,79.9,3.8,235,2026-09-29 13:35:00,PT5M,76.533,100.0,95.359,57.707,40.763
606,603,276,358,28,0.14,81.0,3.9,235,2026-09-29 13:40:00,PT5M,75.054,100.0,94.1471,55.9609,38.7765
591,588,262,358,28,0.14,82.2,3.9,236,2026-09-29 13:45:00,PT5M,73.536,100.0,92.8944,54.1776,36.7545
576,573,249,357,27,0.14,83.3,3.9,236,2026-09-29 13:50:00,PT5M,71.979,100.0,91.6008,52.3572,34.697
560,558,236,356,27,0.14,84.4,4.0,237,2026-09-29 13:55:00,PT5M,70.384,100.0,90.2674,50.5006,32.605
545,543,223,354,27,0.14,85.6,4.0,237,2026-09-29 14:00:00,PT5M,68.749,100.0,88.8918,48.6062,30.477
529,528,210,352,27,0.14,86.8,4.0,238,2026-09-29 14:05:00,PT5M,67.053,100.0,87.4545,46.6515,28.2895
514,512,197,349,27,0.14,88.0,4.1,238,2026-09-29 14:10:00,PT5M,65.323,100.0,85.9808,44.6652,26.0725
498,497,185,347,26,0.14,89.2,4.1,239,2026-09-29 14:15:00,PT5M,63.537,100.0,84.4485,42.6255,23.8045
482,481,172,343,26,0.14,90.5,4.2,239,2026-09-29 14:20:00,PT5M,61.692,100.0,82.8548,40.5292,21.482
467,465,160,340,26,0.14,91.7,4.2,240,2026-09-29 14:25:00,PT5M,59.813,100.0,81.2226,38.4034,19.134
451,450,148,335,26,0.14,93.0,4.2,240,2026-09-29 14:30:00,PT5M,57.901,99.041,79.5533,36.2487,16.761
437,436,139,330,26,0.14,93.7,4.2,240,2026-09-29 14:35:00,PT5M,56.295,97.795,78.1367,34.4533,14.795
426,425,134,325,26,0.14,93.7,4.2,240,2026-09-29 14:40:00,PT5M,54.995,96.7665,76.9796,33.0104,13.2235
414,413,129,319,26,0.14,93.7,4.1,240,2026-09-29 14:45:00,PT5M,53.662,95.7235,75.7993,31.5247,11.6005
402,402,124,313,26,0.14,93.7,4.1,240,2026-09-29 14:50:00,PT5M,52.295,94.6455,74.5844,30.0056,9.9445
391,390,118,307,26,0.14,93.7,4.0,240,2026-09-29 14:55:00,PT5M,50.914,93.552,73.3547,28.4733,8.276
379,379,114,300,26,0.14,93.7,4.0,241,2026-09-29 15:00:00,PT5M,49.559,92.4495,72.1326,26.9854,6.6685
367,367,108,294,26,0.14,93.7,3.9,241,2026-09-29 15:05:00,PT5M,48.356,91.1355,70.8712,25.8408,5.5765
355,355,103,287,26,0.14,93.7,3.9,241,2026-09-29 15:10:00,PT5M,46.865,89.491,69.2994,24.4306,4.239
343,343,97,281,26,0.14,93.7,3.8,241,2026-09-29 15:15:00,PT5M,45.325,87.708,67.6315,23.0185,2.942
331,331,91,274,26,0.14,93.7,3.8,241,2026-09-29 15:20:00,PT5M,43.728,85.897,65.9218,21.5342,1.559
319,318,85,267,26,0.14,93.7,3.7,241,2026-09-29 15:25:00,PT5M,42.083,83.9995,64.144,20.022,0.1665
306,306,79,260,26,0.14,93.7,3.7,241,2026-09-29 15:30:00,PT5M,40.388,82.0055,62.2916,18.4844,0.0
294,294,72,252,26,0.14,93.7,3.7,241,2026-09-29 15:35:00,PT5M,38.641,79.8955,60.3535,16.9285,0.0
281,281,66,245,26,0.14,93.7,3.6,241,2026-09-29 15:40:00,PT5M,36.886,77.653,58.342,15.43,0.0
268,268,59,237,26,0.14,93.7,3.6,241,2026-09-29 15:45:00,PT5M,35.079,75.2565,56.2247,13.9333,0.0
256,256,52,229,26,0.14,93.7,3.5,241,2026-09-29 15:50:00,PT5M,33.22,72.718,54.0081,12.4319,0.0
243,243,45,221,26,0.14,93.7,3.5,241,2026-09-29 15:55:00,PT5M,31.31,70.0455,51.6968,10.9232,0.0
230,230,38,212,26,0.14,93.7,3.5,240,2026-09-29 16:00:00,PT5M,29.348,67.2485,49.2953,9.4007,0.0
218,218,31,204,26,0.14,93.7,3.4,240,2026-09-29 16:05:00,PT5M,27.409,64.4555,46.9068,7.9112,0.0
205,206,25,195,26,0.14,93.7,3.4,240,2026-09-29 16:10:00,PT5M,25.809,61.9925,44.8526,6.7654,0.0
193,193,19,185,26,0.14,93.7,3.4,240,2026-09-29 16:15:00,PT5M,23.994,58.6685,42.2434,5.7446,0.0
181,181,12,176,26,0.14,93.7,3.3,240,2026-09-29 16:20:00,PT5M,22.262,54.5675,39.2646,5.2594,0.0
169,169,6,167,26,0.14,93.7,3.3,240,2026-09-29 16:25:00,PT5M,20.464,50.469,36.2558,4.6722,0.0
157,157,0,157,26,0.14,93.7,3.2,240,2026-09-29 16:30:00,PT5M,18.737,46.4215,33.3076,4.1664,0.0
145,145,0,145,26,0.14,93.7,3.2,240,2026-09-29 16:35:00,PT5M,17.392,42.84,30.7855,3.9985,0.0
133,133,0,133,26,0.14,93.7,3.2,240,2026-09-29 16:40:00,PT5M,16.015,39.238,28.2374,3.7926,0.0
121,122,0,122,26,0.14,93.8,3.1,240,2026-09-29 16:45:00,PT5M,14.61,35.6255,25.6706,3.5494,0.0
110,110,0,110,26,0.14,93.8,3.1,240,2026-09-29 16:50:00,PT5M,13.207,32.048,23.1232,3.2908,0.0
98,99,0,99,26,0.14,93.9,3.0,240,2026-09-29 16:55:00,PT5M,11.825,28.548,20.6264,3.0236,0.0
87,87,0,87,26,0.14,93.9,3.0,240,2026-09-29 17:00:00,PT5M,10.413,25.1175,18.1521,2.6739,0.0
76,76,0,76,26,0.14,94.0,2.9,239,2026-09-29 17:05:00,PT5M,9.06,21.8605,15.797,2.323,0.0
65,65,0,65,26,0.14,94.0,2.9,239,2026-09-29 17:10:00,PT5M,7.642,18.594,13.4061,1.8779,0.0
55,55,0,55,26,0.14,94.1,2.8,239,2026-09-29 17:15:00,PT5M,6.376,15.513,11.1849,1.5671,0.0
45,46,0,46,26,0.14,94.1,2.8,239,2026-09-29 17:20:00,PT5M,5.225,12.586,9.0991,1.3509,0.0
37,37,0,37,26,0.14,94.2,2.8,239,2026-09-29 17:25:00,PT5M,4.076,9.748,7.0612,1.0908,0.0
29,29,0,29,26,0.14,94.2,2.7,239,2026-09-29 17:30:00,PT5M,3.013,7.1375,5.1838,0.8422,0.0
21,22,0,22,26,0.14,94.3,2.7,238,2026-09-29 17:35:00,PT5M,2.125,4.999,3.6376,0.6124,0.0
15,15,0,15,26,0.14,94.3,2.7,238,2026-09-29 17:40:00,PT5M,1.313,3.0175,2.2101,0.4159,0.0
9,9,0,9,26,0.14,94.4,2.7,237,2026-09-29 17:45:00,PT5M,0.568,1.422,1.0175,0.1185,0.0
4,4,0,4,26,0.14,94.4,2.7,236,2026-09-29 17:50:00,PT5M,0.0,0.2105,0.1108,0.0,0.0
0,0,0,0,26,0.14,94.4,2.7,235,2026-09-29 17:55:00,PT5M,0.0,0.0,0.0,0.0,0.0
0,0,0,0,26,0.14,94.5,2.7,235,2026-09-29 18:00:00,PT5M,0.0,0.0,0.0,0.0,0.0
0,0,0,0,26,0.14,94.5,2.6,234,2026-09-29 18:05:00,PT5M,0.0,0.0,0.0,0.0,0.0
0,0,0,0,26,0.14,94.6,2.6,233,2026-09-29 18:10:00,PT5M,0.0,0.0,0.0,0.0,0.0
0,0,0,0,26,0.14,94.6,2.6,232,2026-09-29 18:15:00,PT5M,0.0,0.0,0.0,0.0,0.0
0,0,0,0,26,0.14,94.7,2.6,232,2026-09-29 18:20:00,PT5M,0.0,0.0,0.0,0.0,0.0
0,0,0,0,26,0.14,94.7,2.6,231,2026-09-29 18:25:00,PT5M,0.0,0.0,0.0,0.0,0.0
0,0,0,0,26,0.14,94.8,2.6,230,2026-09-29 18:30:00,PT5M,0.0,0.0,0.0,0.0,0.0
0,0,0,0,26,0.14,94.8,2.6,229,2026-09-29 18:35:00,PT5M,0.0,0.0,0.0,0.0,0.0
0,0,0,0,26,0.14,94.9,2.6,228,2026-09-29 18:40:00,PT5M,0.0,0.0,0.0,0.0,0.0
0,0,0,0,26,0.14,95.0,2.6,227,2026-09-29 18:45:00,PT5M,0.0,0.0,0.0,0.0,0.0
0,0,0,0,26,0.14,95.1,2.6,226,2026-09-29 18:50:00,PT5M,0.0,0.0,0.0,0.0,0.0
0,0,0,0,26,0.14,95.2,2.6,226,2026-09-29 18:55:00,PT5M,0.0,0.0,0.0,0.0,0.0
0,0,0,0,26,0.14,95.3,2.6,225,2026-09-29 19:00:00,PT5M,0.0,0.0,0.0,0.0,0.0
0,0,0,0,26,0.14,95.4,2.7,224,2026-09-29 19:05:00,PT5M,0.0,0.0,0.0,0.0,0.0
0,0,0,0,26,0.14,95.5,2.7,223,2026-09-29 19:10:00,PT5M,0.0,0.0,0.0,0.0,0.0
0,0,0,0,25,0.14,95.6,2.7,222,2026-09-29 19:15:00,PT5M,0.0,0.0,0.0,0.0,0.0
0,0,0,0,25,0.14,95.7,2.7,221,2026-09-29 19:20:00,PT5M,0.0,0.0,0.0,0.0,0.0
0,0,0,0,25,0.14,95.8,2.7,220,2026-09-29 19:25:00,PT5M,0.0,0.0,0.0,0.0,0.0
0,0,0,0,25,0.14,95.9,2.7,219,2026-09-29 19:30:00,PT5M,0.0,0.0,0.0,0.0,0.0
0,0,0,0,25,0.14,95.9,2.7,219,2026-09-29 19:35:00,PT5M,0.0,0.0,0.0,0.0,0.0
0,0,0,0,25,0.14,96.0,2.7,218,2026-09-29 19:40:00,PT5M,0.0,0.0,0.0,0.0,0.0
0,0,0,0,25,0.14,96.0,2.7,217,2026-09-29 19:45:00,PT5M,0.0,0.0,0.0,0.0,0.0
0,0,0,0,25,0.14,96.1,2.7,216,2026-09-29 19:50:00,PT5M,0.0,0.0,0.0,0.0,0.0
0,0,0,0,25,0.14,96.1,2.7,216,2026-09-29 19:55:00,PT5M,0.0,0.0,0.0,0.0,0.0
0,0,0,0,25,0.14,96.2,2.7,215,2026-09-29 20:00:00,PT5M,0.0,0.0,0.0,0.0,0.0
0,0,0,0,25,0.14,96.2,2.7,214,2026-09-29 20:05:00,PT5M,0.0,0.0,0.0,0.0,0.0
0,0,0,0,25,0.14,96.3,2.7,213,2026-09-29 20:10:00,PT5M,0.0,0.0,0.0,0.0,0.0
0,0,0,0,25,0.14,96.3,2.7,213,2026-09-29 20:15:00,PT5M,0.0,0.0,0.0,0.0,0.0
0,0,0,0,25,0.14,96.4,2.8,212,2026-09-29 20:20:00,PT5M,0.0,0.0,0.0,0.0,0.0
0,0,0,0,25,0.14,96.4,2.8,211,2026-09-29 20:25:00,PT5M,0.0,0.0,0.0,0.0,0.0
0,0,0,0,25,0.14,96.5,2.8,211,2026-09-29 20:30:00,PT5M,0.0,0.0,0.0,0.0,0.0
0,0,0,0,25,0.14,96.5,2.8,210,2026-09-29 20:35:00,PT5M,0.0,0.0,0.0,0.0,0.0
0,0,0,0,25,0.14,96.5,2.8,211,2026-09-29 20:40:00,PT5M,0.0,0.0,0.0,0.0,0.0
0,0,0,0,25,0.14,96.5,2.8,211,2026-09-29 20:45:00,PT5M,0.0,0.0,0.0,0.0,0.0
0,0,0,0,25,0.14,96.5,2.8,211,2026-09-29 20:50:00,PT5M,0.0,0.0,0.0,0.0,0.0
0,0,0,0,25,0.14,96.5,2.8,211,2026-09-29 20:55:00,PT5M,0.0,0.0,0.0,0.0,0.0
0,0,0,0,25,0.14,96.5,2.8,212,2026-09-29 21:00:00,PT5M,0.0,0.0,0.0,0.0,0.0
0,0,0,0,25,0.14,96.5,2.8,212,2026-09-29 21:05:00,PT5M,0.0,0.0,0.0,0.0,0.0
0,0,0,0,25,0.14,96.5,2.8,212,2026-09-29 21:10:00,PT5M,0.0,0.0,0.0,0.0,0.0
0,0,0,0,25,0.14,96.5,2.8,212,2026-09-29 21:15:00,PT5M,0.0,0.0,0.0,0.0,0.0
0,0,0,0,25,0.14,96.5,2.8,213,2026-09-29 21:20:00,PT5M,0.0,0.0,0.0,0.0,0.0
0,0,0,0,25,0.14,96.5,2.7,213,2026-09-29 21:25:00,PT5M,0.0,0.0,0.0,0.0,0.0
0,0,0,0,25,0.14,96.5,2.7,213,2026-09-29 21:30:00,PT5M,0.0,0.0,0.0,0.0,0.0
0,0,0,0,25,0.14,96.4,2.7,213,2026-09-29 21:35:00,PT5M,0.0,0.0,0.0,0.0,0.0
0,0,0,0,25,0.14,96.4,2.7,214,2026-09-29 21:40:00,PT5M,0.0,0.0,0.0,0.0,0.0
0,0,0,0,25,0.14,96.3,2.8,214,2026-09-29 21:45:00,PT5M,0.0,0.0,0.0,0.0,0.0
0,0,0,0,25,0.14,96.3,2.8,214,2026-09-29 21:50:00,PT5M,0.0,0.0,0.0,0.0,0.0
0,0,0,0,25,0.14,96.2,2.8,215,2026-09-29 21:55:00,PT5M,0.0,0.0,0.0,0.0,0.0
0,0,0,0,25,0.14,96.2,2.8,215,2026-09-29 22:00:00,PT5M,0.0,0.0,0.0,0.0,0.0
0,0,0,0,25,0.14,96.2,2.8,216,2026-09-29 22:05:00,PT5M,0.0,0.0,0.0,0.0,0.0
0,0,0,0,25,0.14,96.1,2.8,216,2026-09-29 22:10:00,PT5M,0.0,0.0,0.0,0.0,0.0
0,0,0,0,25,0.14,96.1,2.8,216,2026-09-29 22:15:00,PT5M,0.0,0.0,0.0,0.0,0.0
0,0,0,0,24,0.14,96.0,2.8,217,2026-09-29 22:20:00,PT5M,0.0,0.0,0.0,0.0,0.0
0,0,0,0,24,0.14,96.0,2.8,217,2026-09-29 22:25:00,PT5M,0.0,0.0,0.0,0.0,0.0
0,0,0,0,24,0.14,95.9,2.8,218,2026-09-29 22:30:00,PT5M,0.0,0.0,0.0,0.0,0.0
0,0,0,0,24,0.14,95.9,2.8,218,2026-09-29 22:35:00,PT5M,0.0,0.0,0.0,0.0,0.0
0,0,0,0,24,0.14,95.9,2.8,218,2026-09-29 22:40:00,PT5M,0.0,0.0,0.0,0.0,0.0
0,0,0,0,24,0.14,95.9,2.8,219,2026-09-29 22:45:00,PT5M,0.0,0.0,0.0,0.0,0.0
0,0,0,0,24,0.14,95.9,2.8,219,2026-09-29 22:50:00,PT5M,0.0,0.0,0.0,0.0,0.0
0,0,0,0,24,0.14,95.9,2.7,219,2026-09-29 22:55:00,PT5M,0.0,0.0,0.0,0.0,0.0
0,0,0,0,24,0.14,95.9,2.7,220,2026-09-29 23:00:00,PT5M,0.0,0.0,0.0,0.0,0.0
0,0,0,0,24,0.14,95.9,2.7,220,2026-09-29 23:05:00,PT5M,0.0,0.0,0.0,0.0,0.0
0,0,0,0,24,0.14,95.9,2.7,220,2026-09-29 23:10:00,PT5M,0.0,0.0,0.0,0.0,0.0
0,0,0,0,24,0.14,95.9,2.7,221,2026-09-29 23:15:00,PT5M,0.0,0.0,0.0,0.0,0.0
0,0,0,0,24,0.14,95.9,2.7,221,2026-09-29 23:20:00,PT5M,0.0,0.0,0.0,0.0,0.0
0,0,0,0,24,0.14,95.9,2.7,221,2026-09-29 23:25:00,PT5M,0.0,0.0,0.0,0.0,0.0
0,0,0,0,24,0.14,95.9,2.7,222,2026-09-29 23:30:00,PT5M,0.0,0.0,0.0,0.0,0.0
0,0,0,0,24,0.14,95.9,2.7,222,2026-09-29 23:35:00,PT5M,0.0,0.0,0.0,0.0,0.0
0,0,0,0,24,0.14,96.0,2.7,223,2026-09-29 23:40:00,PT5M,0.0,0.0,0.0,0.0,0.0
0,0,0,0,24,0.14,96.1,2.7,224,2026-09-29 23:45:00,PT5M,0.0,0.0,0.0,0.0,0.0
0,0,0,0,24,0.14,96.2,2.8,225,2026-09-29 23:50:00,PT5M,0.0,0.0,0.0,0.0,0.0
0,0,0,0,24,0.14,96.3,2.8,225,2026-09-29 23:55:00,PT5M,0.0,0.0,0.0,0.0,0.0
0,0,0,0,24,0.14,96.4,2.8,226,2026-09-30 00:00:00,PT5M,0.0,0.0,0.0,0.0,0.0
0,0,0,0,24,0.14,96.5,2.8,227,2026-09-30 00:05:00,PT5M,0.0,0.0,0.0,0.0,0.0
0,0,0,0,24,0.14,96.6,2.9,227,2026-09-30 00:10:00,PT5M,0.0,0.0,0.0,0.0,0.0
0,0,0,0,24,0.14,96.7,2.9,228,2026-09-30 00:15:00,PT5M,0.0,0.0,0.0,0.0,0.0
0,0,0,0,24,0.14,96.8,2.9,229,2026-09-30 00:20:00,PT5M,0.0,0.0,0.0,0.0,0.0
0,0,0,0,24,0.14,96.9,2.9,229,2026-09-30 00:25:00,PT5M,0.0,0.0,0.0,0.0,0.0
0,0,0,0,24,0.14,97.0,3.0,230,2026-09-30 00:30:00,PT5M,0.0,0.0,0.0,0.0,0.0
0,0,0,0,24,0.14,97.0,3.0,231,2026-09-30 00:35:00,PT5M,0.0,0.0,0.0,0.0,0.0
0,0,0,0,24,0.14,97.0,3.0,231,2026-09-30 00:40:00,PT5M,0.0,0.0,0.0,0.0,0.0
0,0,0,0,24,0.14,97.0,3.0,231,2026-09-30 00:45:00,PT5M,0.0,0.0,0.0,0.0,0.0
0,0,0,0,24,0.14,97.0,2.9,231,2026-09-30 00:50:00,PT5M,0.0,0.0,0.0,0.0,0.0
0,0,0,0,24,0.14,97.0,2.9,232,2026-09-30 00:55:00,PT5M,0.0,0.0,0.0,0.0,0.0
0,0,0,0,24,0.14,97.0,2.9,232,2026-09-30 01:00:00,PT5M,0.0,0.0,0.0,0.0,0.0
0,0,0,0,24,0.14,97.0,2.9,232,2026-09-30 01:05:00,PT5M,0.0,0.0,0.0,0.0,0.0
0,0,0,0,24,0.14,97.0,2.9,232,2026-09-30 01:10:00,PT5M,0.0,0.0,0.0,0.0,0.0
0,0,0,0,24,0.14,97.0,2.9,233,2026-09-30 01:15:00,PT5M,0.0,0.0,0.0,0.0,0.0
0,0,0,0,24,0.14,97.0,2.9,233,2026-09-30 01:20:00,PT5M,0.0,0.0,0.0,0.0,0.0
0,0,0,0,24,0.14,97.0,2.9,233,2026-09-30 01:25:00,PT5M,0.0,0.0,0.0,0.0,0.0
0,0,0,0,24,0.14,97.0,2.9,233,2026-09-30 01:30:00,PT5M,0.0,0.0,0.0,0.0,0.0
0,0,0,0,24,0.14,97.0,2.9,234,2026-09-30 01:35:00,PT5M,0.0,0.0,0.0,0.0,0.0
0,0,0,0,24,0.14,97.0,2.9,234,2026-09-30 01:40:00,PT5M,0.0,0.0,0.0,0.0,0.0
0,0,0,0,24,0.14,97.0,2.8,234,2026-09-30 01:45:00,PT5M,0.0,0.0,0.0,0.0,0.0
0,0,0,0,24,0.14,97.0,2.8,234,2026-09-30 01:50:00,PT5M,0.0,0.0,0.0,0.0,0.0
0,0,0,0,24,0.14,97.0,2.8,234,2026-09-30 01:55:00,PT5M,0.0,0.0,0.0,0.0,0.0
0,0,0,0,24,0.14,97.0,2.8,234,2026-09-30 02:00:00,PT5M,0.0,0.0,0.0,0.0,0.0
0,0,0,0,24,0.14,97.0,2.8,234,2026-09-30 02:05:00,PT5M,0.0,0.0,0.0,0.0,0.0
0,0,0,0,24,0.14,97.0,2.8,235,2026-09-30 02:10:00,PT5M,0.0,0.0,0.0,0.0,0.0
0,0,0,0,24,0.14,97.0,2.8,235,2026-09-30 02:15:00,PT5M,0.0,0.0,0.0,0.0,0.0
0,0,0,0,24,0.14,97.0,2.8,235,2026-09-30 02:20:00,PT5M,0.0,0.0,0.0,0.0,0.0
0,0,0,0,24,0.14,97.0,2.8,235,2026-09-30 02:25:00,PT5M,0.0,0.0,0.0,0.0,0.0
0,0,0,0,24,0.14,97.0,2.8,235,2026-09-30 02:30:00,PT5M,0.0,0.0,0.0,0.0,0.0
0,0,0,0,24,0.14,97.0,2.8,235,2026-09-30 02:35:00,PT5M,0.0,0.0,0.0,0.0,0.0
0,0,0,0,24,0.14,97.0,2.8,235,2026-09-30 02:40:00,PT5M,0.0,0.0,0.0,0.0,0.0
0,0,0,0,24,0.14,96.9,2.8,236,2026-09-30 02:45:00,PT5M,0.0,0.0,0.0,0.0,0.0
0,0,0,0,24,0.14,96.9,2.7,236,2026-09-30 02:50:00,PT5M,0.0,0.0,0.0,0.0,0.0
0,0,0,0,24,0.14,96.8,2.7,236,2026-09-30 02:55:00,PT5M,0.0,0.0,0.0,0.0,0.0
0,0,0,0,24,0.14,96.8,2.7,236,2026-09-30 03:00:00,PT5M,0.0,0.0,0.0,0.0,0.0
0,0,0,0,24,0.14,96.7,2.7,236,2026-09-30 03:05:00,PT5M,0.0,0.0,0.0,0.0,0.0
0,0,0,0,24,0.14,96.7,2.7,237,2026-09-30 03:10:00,PT5M,0.0,0.0,0.0,0.0,0.0
0,0,0,0,24,0.14,96.6,2.7,237,2026-09-30 03:15:00,PT5M,0.0,0.0,0.0,0.0,0.0
0,0,0,0,24,0.14,96.6,2.6,237,2026-09-30 03:20:00,PT5M,0.0,0.0,0.0,0.0,0.0
0,0,0,0,24,0.14,96.5,2.6,237,2026-09-30 03:25:00,PT5M,0.0,0.0,0.0,0.0,0.0
0,0,0,0,24,0.14,96.5,2.6,237,2026-09-30 03:30:00,PT5M,0.0,0.0,0.0,0.0,0.0
0,0,0,0,24,0.14,96.4,2.6,238,2026-09-30 03:35:00,PT5M,0.0,0.0,0.0,0.0,0.0
0,0,0,0,24,0.14,96.4,2.6,238,2026-09-30 03:40:00,PT5M,0.0,0.0,0.0,0.0,0.0
0,0,0,0,24,0.14,96.4,2.6,238,2026-09-30 03:45:00,PT5M,0.0,0.0,0.0,0.0,0.0
0,0,0,0,24,0.14,96.4,2.6,238,2026-09-30 03:50:00,PT5M,0.0,0.0,0.0,0.0,0.0
0,0,0,0,24,0.14,96.4,2.6,238,2026-09-30 03:55:00,PT5M,0.0,0.0,0.0,0.0,0.0
0,0,0,0,24,0.14,96.4,2.6,238,2026-09-30 04:00:00,PT5M,0.0,0.0,0.0,0.0,0.0
0,0,0,0,24,0.14,96.4,2.6,239,2026-09-30 04:05:00,PT5M,0.0,0.0,0.0,0.0,0.0
0,0,0,0,24,0.14,96.4,2.6,239,2026-09-30 04:10:00,PT5M,0.0,0.0,0.0,0.0,0.0
0,0,0,0,24,0.14,96.4,2.6,239,2026-09-30 04:15:00,PT5M,0.0,0.0,0.0,0.0,0.0
0,0,0,0,24,0.14,96.4,2.6,239,2026-09-30 04:20:00,PT5M,0.0,0.0,0.0,0.0,0.0
0,0,0,0,24,0.14,96.4,2.6,239,2026-09-30 04:25:00,PT5M,0.0,0.0,0.0,0.0,0.0
0,0,0,0,24,0.14,96.4,2.6,239,2026-09-30 04:30:00,PT5M,0.0,0.0,0.0,0.0,0.0
0,0,0,0,24,0.14,96.4,2.5,239,2026-09-30 04:35:00,PT5M,0.0,0.0,0.0,0.0,0.0
0,0,0,0,24,0.14,96.4,2.5,240,2026-09-30 04:40:00,PT5M,0.0,0.0,0.0,0.0,0.0
0,0,0,0,24,0.14,96.4,2.5,240,2026-09-30 04:45:00,PT5M,0.0,0.0,0.0,0.0,0.0
0,0,0,0,24,0.14,96.4,2.5,240,2026-09-30 04:50:00,PT5M,0.0,0.0,0.0,0.0,0.0
0,0,0,0,24,0.14,96.4,2.5,240,2026-09-30 04:55:00,PT5M,0.0,0.0,0.0,0.0,0.0
0,0,0,0,24,0.14,96.4,2.5,240,2026-09-30 05:00:00,PT5M,0.0,0.0,0.0,0.0,0.0
0,0,0,0,24,0.14,96.4,2.5,240,2026-09-30 05:05:00,PT5M,0.0,0.0,0.0,0.0,0.0
0,0,0,0,24,0.14,96.4,2.5,240,2026-09-30 05:10:00,PT5M,0.0,0.0,0.0,0.0,0.0
0,0,0,0,24,0.14,96.4,2.5,240,2026-09-30 05:15:00,PT5M,0.0,0.0,0.0,0.0,0.0
0,0,0,0,24,0.14,96.4,2.4,240,2026-09-30 05:20:00,PT5M,0.0,0.0,0.0,0.0,0.0
0,0,0,0,24,0.14,96.4,2.4,240,2026-09-30 05:25:00,PT5M,0.0,0.0,0.0,0.0,0.0
0,0,0,0,24,0.14,96.4,2.4,240,2026-09-30 05:30:00,PT5M,0.0,0.0,0.0,0.0,0.0
0,0,0,0,24,0.14,96.1,2.4,240,2026-09-30 05:35:00,PT5M,0.0,0.0,0.0,0.0,0.0
0,0,0,0,24,0.14,95.5,2.4,240,2026-09-30 05:40:00,PT5M,0.0,0.0,0.0,0.0,0.0
0,0,0,0,24,0.14,94.9,2.3,240,2026-09-30 05:45:00,PT5M,0.0,0.0,0.0,0.0,0.0
0,0,0,0,24,0.14,94.3,2.3,240,2026-09-30 05:50:00,PT5M,0.0,0.0,0.0,0.0,0.0
0,0,0,0,24,0.14,93.7,2.2,240,2026-09-30 05:55:00,PT5M,0.0,0.0,0.0,0.0,0.0
2,2,0,2,24,0.14,93.0,2.2,239,2026-09-30 06:00:00,PT5M,0.0,0.0,0.0,0.0,0.0
9,9,0,9,24,0.14,92.4,2.1,239,2026-09-30 06:05:00,PT5M,0.473,0.925,0.7109,0.2351,0.021
16,16,0,16,24,0.14,91.8,2.1,239,2026-09-30 06:10:00,PT5M,1.482,2.5465,2.0423,0.9217,0.4175
25,25,0,25,25,0.14,91.3,2.0,239,2026-09-30 06:15:00,PT5M,2.614,4.539,3.6271,1.6009,0.689
34,35,0,35,25,0.14,90.7,2.0,239,2026-09-30 06:20:00,PT5M,3.853,7.0415,5.5311,2.1749,0.6645
45,46,0,46,25,0.14,90.1,2.0,238,2026-09-30 06:25:00,PT5M,5.24,9.8335,7.6576,2.8224,0.6465
58,58,13,56,25,0.14,89.5,1.9,238,2026-09-30 06:30:00,PT5M,7.167,13.398,10.4464,3.8876,0.936
71,71,41,65,25,0.14,88.9,1.9,238,2026-09-30 06:35:00,PT5M,9.664,17.676,13.8808,5.4472,1.652
86,86,68,73,25,0.14,88.4,1.8,238,2026-09-30 06:40:00,PT5M,12.422,22.269,17.6045,7.2395,2.575
101,101,96,81,25,0.14,87.8,1.8,237,2026-09-30 06:45:00,PT5M,15.488,27.182,21.6426,9.3334,3.794
117,117,124,89,25,0.14,87.2,1.7,237,2026-09-30 06:50:00,PT5M,18.816,32.32,25.9233,11.7087,5.312
134,133,151,96,25,0.14,86.7,1.7,237,2026-09-30 06:55:00,PT5M,22.307,37.6875,30.4019,14.2121,6.9265
151,150,175,103,26,0.14,86.1,1.6,236,2026-09-30 07:00:00,PT5M,25.949,43.3025,35.0823,16.8157,8.5955
167,166,194,110,26,0.14,85.6,1.6,236,2026-09-30 07:05:00,PT5M,29.444,48.808,39.6354,19.2526,10.08
184,182,211,117,26,0.14,85.0,1.6,236,2026-09-30 07:10:00,PT5M,32.974,54.3385,44.2183,21.7297,11.6095
200,199,226,124,26,0.14,84.5,1.5,235,2026-09-30 07:15:00,PT5M,36.588,59.9665,48.8923,24.2837,13.2095
217,215,242,131,26,0.14,83.9,1.5,235,2026-09-30 07:20:00,PT5M,40.245,65.645,53.6132,26.8768,14.845
234,232,256,137,26,0.14,83.4,1.4,235,2026-09-30 07:25:00,PT5M,43.949,71.367,58.3793,29.5187,16.531
251,249,270,144,26,0.14,82.9,1.4,234,2026-09-30 07:30:00,PT5M,47.699,77.1395,63.1937,32.2043,18.2585
268,266,284,150,26,0.14,82.3,1.3,234,2026-09-30 07:35:00,PT5M,51.496,82.988,68.0705,34.9215,20.004
286,283,297,156,27,0.14,81.8,1.3,233,2026-09-30 07:40:00,PT5M,55.386,89.0555,73.1065,37.6655,21.7165
303,301,310,161,27,0.14,81.3,1.3,232,2026-09-30 07:45:00,PT5M,57.916,92.2185,75.9697,39.8623,23.6135
321,318,323,167,27,0.14,80.8,1.2,231,2026-09-30 07:50:00,PT5M,60.24,94.962,78.5144,41.9656,25.518
338,335,336,172,27,0.14,80.3,1.2,230,2026-09-30 07:55:00,PT5M,62.487,97.578,80.9556,44.0184,27.396
356,353,349,177,27,0.14,79.7,1.2,229,2026-09-30 08:00:00,PT5M,64.649,100.0,83.2813,46.0167,29.247
374,370,361,181,27,0.14,79.2,1.1,228,2026-09-30 08:05:00,PT5M,66.715,100.0,85.476,47.954,31.0685
391,388,373,186,27,0.14,78.7,1.1,227,2026-09-30 08:10:00,PT5M,68.644,100.0,87.5266,49.7614,32.7665
409,405,385,190,27,0.14,78.2,1.0,226,2026-09-30 08:15:00,PT5M,70.485,100.0,89.4094,51.5606,34.528
427,423,396,194,27,0.14,77.7,1.0,224,2026-09-30 08:20:00,PT5M,72.198,100.0,91.1114,53.2846,36.262
444,440,407,198,27,0.14,77.3,1.0,223,2026-09-30 08:25:00,PT5M,73.795,100.0,92.6481,54.9419,37.9735
461,457,418,201,28,0.14,76.8,0.9,221,2026-09-30 08:30:00,PT5M,75.316,100.0,94.087,56.545,39.6505
477,473,426,205,28,0.14,76.3,0.9,220,2026-09-30 08:35:00,PT5M,76.539,100.0,95.2376,57.8404,41.011
492,488,430,210,28,0.14,75.9,0.9,219,2026-09-30 08:40:00,PT5M,77.475,100.0,96.1173,58.8327,42.054
507,502,435,215,28,0.14,75.4,0.8,217,2026-09-30 08:45:00,PT5M,78.36,100.0,96.941,59.779,43.0555
522,517,439,219,28,0.14,75.0,0.8,215,2026-09-30 08:50:00,PT5M,79.205,100.0,97.6471,60.7629,44.1645
536,531,443,224,28,0.14,74.5,0.7,213,2026-09-30 08:55:00,PT5M,80.013,100.0,98.2264,61.7996,45.407
550,545,447,228,28,0.14,74.1,0.7,211,2026-09-30 09:00:00,PT5M,80.795,100.0,98.7831,62.8069,46.617
564,559,452,232,28,0.14,73.7,0.7,209,2026-09-30 09:05:00,PT5M,81.637,100.0,99.3972,63.8768,47.892
578,573,457,236,29,0.14,73.3,0.6,207,2026-09-30 09:10:00,PT5M,82.43,100.0,99.9668,64.8932,49.1095
592,586,461,240,29,0.14,72.8,0.6,204,2026-09-30 09:15:00,PT5M,83.193,100.0,100.0,65.8751,50.2885
605,600,465,244,29,0.14,72.4,0.6,201,2026-09-30 09:20:00,PT5M,83.927,100.0,100.0,66.8241,51.431
618,612,469,247,29,0.14,72.0,0.5,197,2026-09-30 09:25:00,PT5M,84.632,100.0,100.0,67.7399,52.5365
631,625,473,251,29,0.14,71.6,0.5,193,2026-09-30 09:30:00,PT5M,85.31,100.0,100.0,68.6237,53.6055
644,639,480,253,29,0.14,71.2,0.5,189,2026-09-30 09:35:00,PT5M,86.168,100.0,100.0,69.722,54.92
659,653,489,254,29,0.14,70.7,0.5,185,2026-09-30 09:40:00,PT5M,87.201,100.0,100.0,71.031,56.4775
674,668,498,254,29,0.14,70.3,0.5,179,2026-09-30 09:45:00,PT5M,88.153,100.0,100.0,72.253,57.9425
688,681,507,255,29,0.14,69.8,0.4,174,2026-09-30 09:50:00,PT5M,89.065,100.0,100.0,73.4316,59.361
701,695,516,255,30,0.14,69.4,0.4,168,2026-09-30 09:55:00,PT5M,89.949,100.0,100.0,74.5793,60.746
715,708,525,256,30,0.14,69.0,0.4,162,2026-09-30 10:00:00,PT5M,90.799,100.0,100.0,75.6866,62.085
728,721,534,255,30,0.14,68.5,0.4,156,2026-09-30 10:05:00,PT5M,91.618,100.0,100.0,76.7603,63.388
741,734,543,255,30,0.14,68.1,0.4,150,2026-09-30 10:10:00,PT5M,92.426,100.0,100.0,77.8252,64.684
754,747,552,254,30,0.14,67.7,0.4,145,2026-09-30 10:15:00,PT5M,93.202,100.0,100.0,78.8604,65.9525
766,759,561,253,30,0.14,67.3,0.5,139,2026-09-30 10:20:00,PT5M,93.949,100.0,100.0,79.8603,67.18
778,771,571,251,30,0.14,66.9,0.5,134,2026-09-30 10:25:00,PT5M,94.67,100.0,100.0,80.8289,68.3715
790,782,580,250,30,0.14,66.4,0.5,129,2026-09-30 10:30:00,PT5M,95.365,100.0,100.0,81.7663,69.527
798,791,584,250,30,0.14,66.0,0.5,125,2026-09-30 10:35:00,PT5M,95.72,100.0,100.0,82.2694,70.1635
804,796,581,254,31,0.14,65.6,0.5,123,2026-09-30 10:40:00,PT5M,95.742,100.0,100.0,82.3449,70.287
809,801,579,257,31,0.14,65.2,0.6,120,2026-09-30 10:45:00,PT5M,95.742,100.0,100.0,82.3899,70.3725
813,806,576,260,31,0.14,64.8,0.6,118,2026-09-30 10:50:00,PT5M,95.72,100.0,100.0,82.4029,70.417
817,810,574,263,31,0.14,64.4,0.6,116,2026-09-30 10:55:00,PT5M,95.67,100.0,100.0,82.3671,70.394
821,813,571,267,31,0.14,64.0,0.6,114,2026-09-30 11:00:00,PT5M,95.6,100.0,100.0,82.3026,70.3345
824,817,568,270,31,0.14,63.6,0.7,112,2026-09-30 11:05:00,PT5M,95.523,100.0,100.0,82.2419,70.2885
827,819,565,273,31,0.14,63.2,0.7,110,2026-09-30 11:10:00,PT5M,95.43,100.0,100.0,82.1615,70.2195
829,821,562,275,31,0.14,62.9,0.7,109,2026-09-30 11:15:00,PT5M,95.309,100.0,100.0,82.0347,70.0875
831,823,559,278,31,0.14,62.5,0.7,107,2026-09-30 11:20:00,PT5M,95.169,100.0,100.0,81.8792,69.918
832,824,555,281,32,0.14,62.1,0.8,106,2026-09-30 11:25:00,PT5M,95.007,100.0,100.0,81.693,69.71
832,825,552,283,32,0.14,61.7,0.8,105,2026-09-30 11:30:00,PT5M,94.825,100.0,100.0,81.4797,69.4685
830,823,544,288,32,0.14,61.7,0.8,104,2026-09-30 11:35:00,PT5M,94.414,100.0,100.0,80.995,68.9175
825,818,531,295,32,0.14,62.1,0.8,105,2026-09-30 11:40:00,PT5M,93.831,100.0,100.0,80.2957,68.1135
820,813,519,301,32,0.14,62.4,0.8,106,2026-09-30 11:45:00,PT5M,93.167,100.0,100.0,79.5072,67.213
814,807,506,307,31,0.14,62.8,0.8,107,2026-09-30 11:50:00,PT5M,92.478,100.0,100.0,78.6859,66.2725
807,801,494,313,31,0.14,63.1,0.8,108,2026-09-30 11:55:00,PT5M,91.764,100.0,100.0,77.8313,65.2915
800,794,481,319,31,0.14,63.5,0.7,109,2026-09-30 12:00:00,PT5M,91.105,100.0,100.0,77.0242,64.351
793,786,468,324,31,0.14,63.9,0.7,110,2026-09-30 12:05:00,PT5M,90.438,100.0,100.0,76.1988,63.383
784,778,454,331,31,0.14,64.2,0.7,111,2026-09-30 12:10:00,PT5M,89.725,100.0,100.0,75.3176,62.3505
776,770,440,337,31,0.14,64.6,0.7,112,2026-09-30 12:15:00,PT5M,88.983,100.0,100.0,74.4011,61.277
767,761,426,342,31,0.14,65.0,0.7,114,2026-09-30 12:20:00,PT5M,88.211,100.0,100.0,73.4486,60.162
757,752,413,347,31,0.14,65.4,0.7,115,2026-09-30 12:25:00,PT5M,87.409,100.0,100.0,72.4603,59.006
747,742,399,352,31,0.14,65.8,0.7,116,2026-09-30 12:30:00,PT5M,86.577,100.0,100.0,71.4378,57.812
738,733,386,356,31,0.14,66.1,0.7,118,2026-09-30 12:35:00,PT5M,85.771,100.0,100.0,70.4247,56.6125
728,724,375,360,31,0.14,66.5,0.6,120,2026-09-30 12:40:00,PT5M,84.989,100.0,100.0,69.419,55.4055
719,714,363,363,31,0.14,66.9,0.6,122,2026-09-30 12:45:00,PT5M,84.166,100.0,99.9686,68.3634,54.1405
709,704,352,366,31,0.14,67.3,0.6,125,2026-09-30 12:50:00,PT5M,83.267,100.0,99.3115,67.2225,52.782
698,694,341,368,31,0.14,67.7,0.6,128,2026-09-30 12:55:00,PT5M,82.374,100.0,98.6537,66.0943,51.442
687,683,329,370,30,0.14,68.1,0.6,130,2026-09-30 13:00:00,PT5M,81.482,100.0,97.9841,64.9799,50.1275
677,673,319,371,30,0.14,68.5,0.6,133,2026-09-30 13:05:00,PT5M,80.554,100.0,97.2921,63.8159,48.751
666,662,310,372,30,0.14,68.9,0.6,136,2026-09-30 13:10:00,PT5M,79.613,100.0,96.5896,62.6364,47.357
655,651,301,371,30,0.14,69.3,0.6,139,2026-09-30 13:15:00,PT5M,78.633,100.0,95.8514,61.4146,45.9175
644,640,292,371,30,0.14,69.7,0.6,142,2026-09-30 13:20:00,PT5M,77.619,100.0,95.0803,60.1577,44.442
632,629,283,370,30,0.14,70.1,0.6,145,2026-09-30 13:25:00,PT5M,76.573,100.0,94.2774,58.8686,42.934
620,617,274,369,30,0.14,70.5,0.6,148,2026-09-30 13:30:00,PT5M,75.494,100.0,93.4416,57.5464,41.393
607,604,263,368,30,0.14,70.9,0.6,151,2026-09-30 13:35:00,PT5M,74.209,100.0,92.4187,55.9993,39.61
592,590,250,367,30,0.14,71.3,0.6,153,2026-09-30 13:40:00,PT5M,72.711,100.0,91.2015,54.2205,37.5785
577,575,237,366,30,0.14,71.6,0.6,156,2026-09-30 13:45:00,PT5M,71.177,100.0,89.9467,52.4073,35.514
562,560,225,365,30,0.14,72.0,0.6,159,2026-09-30 13:50:00,PT5M,69.607,100.0,88.6541,50.5599,33.417
547,545,213,363,30,0.14,72.4,0.6,162,2026-09-30 13:55:00,PT5M,68.002,100.0,87.3246,48.6794,31.2885
532,530,201,360,30,0.14,72.8,0.6,165,2026-09-30 14:00:00,PT5M,66.347,100.0,85.9435,46.7505,29.113
517,515,189,357,30,0.14,73.2,0.6,167,2026-09-30 14:05:00,PT5M,64.65,100.0,84.5202,44.7798,26.896
502,500,177,355,29,0.14,73.6,0.6,170,2026-09-30 14:10:00,PT5M,62.9,100.0,83.042,42.758,24.6295
486,485,165,351,29,0.14,74.0,0.6,172,2026-09-30 14:15:00,PT5M,61.09,99.8735,81.502,40.678,22.3065
471,469,152,348,29,0.14,74.4,0.7,175,2026-09-30 14:20:00,PT5M,59.232,98.5225,79.9109,38.5531,19.9415
455,454,141,343,29,0.14,74.8,0.7,177,2026-09-30 14:25:00,PT5M,57.343,97.133,78.2848,36.4012,17.553
440,439,129,339,29,0.14,75.2,0.7,179,2026-09-30 14:30:00,PT5M,55.424,95.7045,76.6239,34.2241,15.1435
426,425,120,334,29,0.14,75.6,0.7,181,2026-09-30 14:35:00,PT5M,53.71,94.43,75.1412,32.2788,12.99
413,412,113,328,29,0.14,76.0,0.7,182,2026-09-30 14:40:00,PT5M,52.198,93.3105,73.8358,30.5602,11.0855
400,400,106,322,29,0.14,76.5,0.7,183,2026-09-30 14:45:00,PT5M,50.847,92.351,72.6909,29.0031,9.343
388,387,99,316,29,0.14,76.9,0.8,184,2026-09-30 14:50:00,PT5M,49.278,91.083,71.2803,27.2757,7.473
375,375,93,310,29,0.14,77.4,0.8,186,2026-09-30 14:55:00,PT5M,47.706,89.5845,69.747,25.665,5.8275
363,362,86,303,29,0.14,77.8,0.8,187,2026-09-30 15:00:00,PT5M,46.146,88.0675,68.2096,24.0824,4.2245
350,350,80,296,29,0.14,78.3,0.8,188,2026-09-30 15:05:00,PT5M,44.568,86.4555,66.6137,22.5223,2.6805
338,338,74,289,29,0.14,78.8,0.8,189,2026-09-30 15:10:00,PT5M,42.975,84.863,65.021,20.929,1.087
325,325,68,282,29,0.14,79.2,0.9,190,2026-09-30 15:15:00,PT5M,41.343,83.2035,63.3745,19.3115,0.0
313,313,63,274,28,0.14,79.7,0.9,190,2026-09-30 15:20:00,PT5M,39.667,81.4675,61.6669,17.6671,0.0
300,300,57,266,28,0.14,80.2,0.9,191,2026-09-30 15:25:00,PT5M,37.958,79.6595,59.9058,16.0102,0.0
288,288,51,258,28,0.14,80.6,0.9,192,2026-09-30 15:30:00,PT5M,36.214,77.7705,58.0855,14.3425,0.0
275,275,44,250,28,0.14,81.1,0.9,193,2026-09-30 15:35:00,PT5M,34.384,75.7315,56.1455,12.6225,0.0
262,263,37,242,28,0.14,81.6,0.9,195,2026-09-30 15:40:00,PT5M,32.526,73.544,54.1141,10.9379,0.0
249,250,31,233,28,0.14,82.1,1.0,196,2026-09-30 15:45:00,PT5M,30.972,71.568,52.338,9.606,0.0
237,237,24,225,28,0.14,82.5,1.0,197,2026-09-30 15:50:00,PT5M,29.055,69.1395,50.1518,7.9582,0.0
224,224,17,216,28,0.14,83.0,1.0,198,2026-09-30 15:55:00,PT5M,27.117,66.61,47.9024,6.3316,0.0
211,212,10,207,28,0.14,83.5,1.0,200,2026-09-30 16:00:00,PT5M,25.157,63.9885,45.5943,4.7197,0.0
199,199,3,198,28,0.14,84.0,1.0,201,2026-09-30 16:05:00,PT5M,23.177,61.284,43.233,3.121,0.0
187,187,0,187,28,0.14,84.5,1.0,202,2026-09-30 16:10:00,PT5M,21.482,58.805,41.1254,1.8386,0.0
175,175,0,175,28,0.14,85.0,1.1,203,2026-09-30 16:15:00,PT5M,20.296,56.0195,39.0975,1.4945,0.0
163,163,0,163,28,0.14,85.5,1.1,204,2026-09-30 16:20:00,PT5M,19.162,52.568,36.7438,1.5802,0.0
151,152,0,152,27,0.14,86.0,1.1,205,2026-09-30 16:25:00,PT5M,17.933,49.0705,34.3209,1.5451,0.0
140,140,0,140,27,0.14,86.5,1.1,206,2026-09-30 16:30:00,PT5M,16.665,45.548,31.8663,1.4637,0.0
129,129,0,129,27,0.14,87.0,1.1,207,2026-09-30 16:35:00,PT5M,15.437,42.0695,29.4539,1.4201,0.0
119,119,0,119,27,0.14,87.4,1.2,208,2026-09-30 16:40:00,PT5M,14.233,38.602,27.0586,1.4074,0.0
108,109,0,109,27,0.14,87.8,1.2,208,2026-09-30 16:45:00,PT5M,13.003,35.077,24.6207,1.3853,0.0
98,99,0,99,27,0.14,88.3,1.2,209,2026-09-30 16:50:00,PT5M,11.771,31.6185,22.2169,1.3251,0.0
88,89,0,89,27,0.14,88.7,1.2,210,2026-09-30 16:55:00,PT5M,10.551,28.2245,19.8527,1.2493,0.0
78,78,0,78,27,0.14,89.1,1.3,210,2026-09-30 17:00:00,PT5M,9.3,24.894,17.5072,1.0928,0.0
68,68,0,68,27,0.14,89.6,1.3,211,2026-09-30 17:05:00,PT5M,8.081,21.686,15.2414,0.9206,0.0
59,59,0,59,27,0.14,90.0,1.3,211,2026-09-30 17:10:00,PT5M,6.81,18.4575,12.9402,0.6798,0.0
50,50,0,50,27,0.14,90.5,1.3,212,2026-09-30 17:15:00,PT5M,5.68,15.3975,10.7944,0.5656,0.0
41,41,0,41,27,0.14,90.9,1.4,212,2026-09-30 17:20:00,PT5M,4.641,12.4635,8.758,0.524,0.0
33,33,0,33,27,0.14,91.4,1.4,213,2026-09-30 17:25:00,PT5M,3.59,9.6055,6.756,0.424,0.0
26,26,0,26,27,0.14,91.8,1.4,213,2026-09-30 17:30:00,PT5M,2.635,7.0285,4.9473,0.3227,0.0
19,19,0,19,27,0.14,92.1,1.5,214,2026-09-30 17:35:00,PT5M,1.83,4.786,3.3858,0.2742,0.0
13,13,0,13,26,0.14,92.2,1.5,214,2026-09-30 17:40:00,PT5M,1.088,2.745,1.9601,0.2159,0.0
8,8,0,8,26,0.14,92.4,1.5,215,2026-09-30 17:45:00,PT5M,0.405,1.2045,0.8258,0.0,0.0
4,4,0,4,26,0.14,92.5,1.5,215,2026-09-30 17:50:00,PT5M,0.0,0.1575,0.0829,0.0,0.0
0,0,0,0,26,0.14,92.6,1.5,215,2026-09-30 17:55:00,PT5M,0.0,0.0,0.0,0.0,0.0
0,0,0,0,26,0.14,92.8,1.5,216,2026-09-30 18:00:00,PT5M,0.0,0.0,0.0,0.0,0.0
0,0,0,0,26,0.14,92.9,1.5,216,2026-09-30 18:05:00,PT5M,0.0,0.0,0.0,0.0,0.0
0,0,0,0,26,0.14,93.1,1.6,216,2026-09-30 18:10:00,PT5M,0.0,0.0,0.0,0.0,0.0
0,0,0,0,26,0.14,93.2,1.6,217,2026-09-30 18:15:00,PT5M,0.0,0.0,0.0,0.0,0.0
0,0,0,0,26,0.14,93.3,1.6,217,2026-09-30 18:20:00,PT5M,0.0,0.0,0.0,0.0,0.0
0,0,0,0,26,0.14,93.5,1.6,217,2026-09-30 18:25:00,PT5M,0.0,0.0,0.0,0.0,0.0
0,0,0,0,26,0.14,93.6,1.6,217,2026-09-30 18:30:00,PT5M,0.0,0.0,0.0,0.0,0.0
0,0,0,0,26,0.14,93.7,1.6,218,2026-09-30 18:35:00,PT5M,0.0,0.0,0.0,0.0,0.0
0,0,0,0,26,0.14,93.8,1.7,218,2026-09-30 18:40:00,PT5M,0.0,0.0,0.0,0.0,0.0
0,0,0,0,26,0.14,93.9,1.7,218,2026-09-30 18:45:00,PT5M,0.0,0.0,0.0,0.0,0.0
0,0,0,0,26,0.14,94.0,1.7,218,2026-09-30 18:50:00,PT5M,0.0,0.0,0.0,0.0,0.0
0,0,0,0,26,0.14,94.1,1.7,218,2026-09-30 18:55:00,PT5M,0.0,0.0,0.0,0.0,0.0
0,0,0,0,26,0.14,94.2,1.7,218,2026-09-30 19:00:00,PT5M,0.0,0.0,0.0,0.0,0.0
0,0,0,0,26,0.14,94.3,1.7,218,2026-09-30 19:05:00,PT5M,0.0,0.0,0.0,0.0,0.0
0,0,0,0,26,0.14,94.4,1.7,218,2026-09-30 19:10:00,PT5M,0.0,0.0,0.0,0.0,0.0
0,0,0,0,26,0.14,94.5,1.7,218,2026-09-30 19:15:00,PT5M,0.0,0.0,0.0,0.0,0.0
0,0,0,0,26,0.14,94.6,1.8,218,2026-09-30 19:20:00,PT5M,0.0,0.0,0.0,0.0,0.0
0,0,0,0,26,0.14,94.6,1.8,218,2026-09-30 19:25:00,PT5M,0.0,0.0,0.0,0.0,0.0
0,0,0,0,26,0.14,94.7,1.8,218,2026-09-30 19:30:00,PT5M,0.0,0.0,0.0,0.0,0.0
0,0,0,0,26,0.14,94.8,1.8,218,2026-09-30 19:35:00,PT5M,0.0,0.0,0.0,0.0,0.0
0,0,0,0,26,0.14,94.9,1.8,218,2026-09-30 19:40:00,PT5M,0.0,0.0,0.0,0.0,0.0
0,0,0,0,26,0.14,94.9,1.8,218,2026-09-30 19:45:00,PT5M,0.0,0.0,0.0,0.0,0.0
0,0,0,0,26,0.14,94.9,1.8,218,2026-09-30 19:50:00,PT5M,0.0,0.0,0.0,0.0,0.0
0,0,0,0,26,0.14,95.0,1.8,218,2026-09-30 19:55:00,PT5M,0.0,0.0,0.0,0.0,0.0
0,0,0,0,26,0.14,95.0,1.8,218,2026-09-30 20:00:00,PT5M,0.0,0.0,0.0,0.0,0.0
0,0,0,0,26,0.14,95.1,1.9,218,2026-09-30 20:05:00,PT5M,0.0,0.0,0.0,0.0,0.0
0,0,0,0,26,0.14,95.1,1.9,218,2026-09-30 20:10:00,PT5M,0.0,0.0,0.0,0.0,0.0
0,0,0,0,25,0.14,95.2,1.9,219,2026-09-30 20:15:00,PT5M,0.0,0.0,0.0,0.0,0.0
0,0,0,0,25,0.14,95.2,1.9,219,2026-09-30 20:20:00,PT5M,0.0,0.0,0.0,0.0,0.0
0,0,0,0,25,0.14,95.3,1.9,219,2026-09-30 20:25:00,PT5M,0.0,0.0,0.0,0.0,0.0
0,0,0,0,25,0.14,95.3,1.9,219,2026-09-30 20:30:00,PT5M,0.0,0.0,0.0,0.0,0.0
0,0,0,0,25,0.14,95.4,1.9,219,2026-09-30 20:35:00,PT5M,0.0,0.0,0.0,0.0,0.0
0,0,0,0,25,0.14,95.4,2.0,219,2026-09-30 20:40:00,PT5M,0.0,0.0,0.0,0.0,0.0
0,0,0,0,25,0.14,95.5,2.0,219,2026-09-30 20:45:00,PT5M,0.0,0.0,0.0,0.0,0.0
0,0,0,0,25,0.14,95.5,2.0,219,2026-09-30 20:50:00,PT5M,0.0,0.0,0.0,0.0,0.0
0,0,0,0,25,0.14,95.5,2.0,219,2026-09-30 20:55:00,PT5M,0.0,0.0,0.0,0.0,0.0
0,0,0,0,25,0.14,95.6,2.0,219,2026-09-30 21:00:00,PT5M,0.0,0.0,0.0,0.0,0.0
0,0,0,0,25,0.14,95.6,2.1,219,2026-09-30 21:05:00,PT5M,0.0,0.0,0.0,0.0,0.0
0,0,0,0,25,0.14,95.7,2.1,219,2026-09-30 21:10:00,PT5M,0.0,0.0,0.0,0.0,0.0
0,0,0,0,25,0.14,95.7,2.1,219,2026-09-30 21:15:00,PT5M,0.0,0.0,0.0,0.0,0.0
0,0,0,0,25,0.14,95.8,2.1,219,2026-09-30 21:20:00,PT5M,0.0,0.0,0.0,0.0,0.0
0,0,0,0,25,0.14,95.8,2.2,219,2026-09-30 21:25:00,PT5M,0.0,0.0,0.0,0.0,0.0
0,0,0,0,25,0.14,95.9,2.2,219,2026-09-30 21:30:00,PT5M,0.0,0.0,0.0,0.0,0.0
0,0,0,0,25,0.14,95.9,2.2,219,2026-09-30 21:35:00,PT5M,0.0,0.0,0.0,0.0,0.0
0,0,0,0,25,0.14,96.0,2.2,220,2026-09-30 21:40:00,PT5M,0.0,0.0,0.0,0.0,0.0
0,0,0,0,25,0.14,96.1,2.2,220,2026-09-30 21:45:00,PT5M,0.0,0.0,0.0,0.0,0.0
0,0,0,0,25,0.14,96.2,2.2,220,2026-09-30 21:50:00,PT5M,0.0,0.0,0.0,0.0,0.0
0,0,0,0,25,0.14,96.3,2.3,220,2026-09-30 21:55:00,PT5M,0.0,0.0,0.0,0.0,0.0
0,0,0,0,25,0.14,96.4,2.3,220,2026-09-30 22:00:00,PT5M,0.0,0.0,0.0,0.0,0.0
0,0,0,0,25,0.14,96.5,2.3,220,2026-09-30 22:05:00,PT5M,0.0,0.0,0.0,0.0,0.0
0,0,0,0,25,0.14,96.6,2.3,220,2026-09-30 22:10:00,PT5M,0.0,0.0,0.0,0.0,0.0
0,0,0,0,25,0.14,96.7,2.3,220,2026-09-30 22:15:00,PT5M,0.0,0.0,0.0,0.0,0.0
0,0,0,0,25,0.14,96.8,2.3,220,2026-09-30 22:20:00,PT5M,0.0,0.0,0.0,0.0,0.0
0,0,0,0,25,0.14,96.9,2.3,220,2026-09-30 22:25:00,PT5M,0.0,0.0,0.0,0.0,0.0
0,0,0,0,25,0.14,97.0,2.3,220,2026-09-30 22:30:00,PT5M,0.0,0.0,0.0,0.0,0.0
0,0,0,0,25,0.14,97.1,2.3,220,2026-09-30 22:35:00,PT5M,0.0,0.0,0.0,0.0,0.0
0,0,0,0,25,0.14,97.1,2.4,220,2026-09-30 22:40:00,PT5M,0.0,0.0,0.0,0.0,0.0
0,0,0,0,25,0.14,97.2,2.4,220,2026-09-30 22:45:00,PT5M,0.0,0.0,0.0,0.0,0.0
0,0,0,0,25,0.14,97.2,2.4,220,2026-09-30 22:50:00,PT5M,0.0,0.0,0.0,0.0,0.0
0,0,0,0,25,0.14,97.3,2.4,220,2026-09-30 22:55:00,PT5M,0.0,0.0,0.0,0.0,0.0
0,0,0,0,25,0.14,97.3,2.4,220,2026-09-30 23:00:00,PT5M,0.0,0.0,0.0,0.0,0.0
0,0,0,0,24,0.14,97.4,2.4,220,2026-09-30 23:05:00,PT5M,0.0,0.0,0.0,0.0,0.0
0,0,0,0,24,0.14,97.4,2.4,220,2026-09-30 23:10:00,PT5M,0.0,0.0,0.0,0.0,0.0
0,0,0,0,24,0.14,97.5,2.4,220,2026-09-30 23:15:00,PT5M,0.0,0.0,0.0,0.0,0.0
0,0,0,0,24,0.14,97.5,2.5,220,2026-09-30 23:20:00,PT5M,0.0,0.0,0.0,0.0,0.0
0,0,0,0,24,0.14,97.6,2.5,220,2026-09-30 23:25:00,PT5M,0.0,0.0,0.0,0.0,0.0
0,0,0,0,24,0.14,97.6,2.5,220,2026-09-30 23:30:00,PT5M,0.0,0.0,0.0,0.0,0.0
0,0,0,0,24,0.14,97.6,2.5,220,2026-09-30 23:35:00,PT5M,0.0,0.0,0.0,0.0,0.0
0,0,0,0,24,0.14,97.6,2.5,221,2026-09-30 23:40:00,PT5M,0.0,0.0,0.0,0.0,0.0
0,0,0,0,24,0.14,97.6,2.5,221,2026-09-30 23:45:00,PT5M,0.0,0.0,0.0,0.0,0.0
0,0,0,0,24,0.14,97.6,2.5,221,2026-09-30 23:50:00,PT5M,0.0,0.0,0.0,0.0,0.0
0,0,0,0,24,0.14,97.6,2.5,222,2026-09-30 23:55:00,PT5M,0.0,0.0,0.0,0.0,0.0
0,0,0,0,24,0.14,97.6,2.4,222,2026-10-01 00:00:00,PT5M,0.0,0.0,0.0,0.0,0.0
0,0,0,0,24,0.14,97.6,2.4,223,2026-10-01 00:05:00,PT5M,0.0,0.0,0.0,0.0,0.0
0,0,0,0,24,0.14,97.6,2.4,223,2026-10-01 00:10:00,PT5M,0.0,0.0,0.0,0.0,0.0
0,0,0,0,24,0.14,97.6,2.4,224,2026-10-01 00:15:00,PT5M,0.0,0.0,0.0,0.0,0.0
0,0,0,0,24,0.14,97.6,2.4,224,2026-10-01 00:20:00,PT5M,0.0,0.0,0.0,0.0,0.0
0,0,0,0,24,0.14,97.6,2.4,224,2026-10-01 00:25:00,PT5M,0.0,0.0,0.0,0.0,0.0
0,0,0,0,24,0.14,97.6,2.4,225,2026-10-01 00:30:00,PT5M,0.0,0.0,0.0,0.0,0.0
0,0,0,0,24,0.14,97.6,2.4,225,2026-10-01 00:35:00,PT5M,0.0,0.0,0.0,0.0,0.0
0,0,0,0,24,0.14,97.6,2.4,226,2026-10-01 00:40:00,PT5M,0.0,0.0,0.0,0.0,0.0
0,0,0,0,24,0.14,97.6,2.4,226,2026-10-01 00:45:00,PT5M,0.0,0.0,0.0,0.0,0.0
0,0,0,0,24,0.14,97.6,2.4,226,2026-10-01 00:50:00,PT5M,0.0,0.0,0.0,0.0,0.0
0,0,0,0,24,0.14,97.6,2.4,227,2026-10-01 00:55:00,PT5M,0.0,0.0,0.0,0.0,0.0
0,0,0,0,24,0.14,97.6,2.4,227,2026-10-01 01:00:00,PT5M,0.0,0.0,0.0,0.0,0.0
0,0,0,0,24,0.14,97.6,2.4,228,2026-10-01 01:05:00,PT5M,0.0,0.0,0.0,0.0,0.0
0,0,0,0,24,0.14,97.6,2.4,228,2026-10-01 01:10:00,PT5M,0.0,0.0,0.0,0.0,0.0
0,0,0,0,24,0.14,97.6,2.4,229,2026-10-01 01:15:00,PT5M,0.0,0.0,0.0,0.0,0.0
0,0,0,0,24,0.14,97.6,2.4,229,2026-10-01 01:20:00,PT5M,0.0,0.0,0.0,0.0,0.0
0,0,0,0,24,0.14,97.6,2.3,230,2026-10-01 01:25:00,PT5M,0.0,0.0,0.0,0.0,0.0
0,0,0,0,24,0.14,97.6,2.3,230,2026-10-01 01:30:00,PT5M,0.0,0.0,0.0,0.0,0.0
0,0,0,0,24,0.14,97.6,2.3,230,2026-10-01 01:35:00,PT5M,0.0,0.0,0.0,0.0,0.0
0,0,0,0,24,0.14,97.7,2.3,231,2026-10-01 01:40:00,PT5M,0.0,0.0,0.0,0.0,0.0
0,0,0,0,24,0.14,97.7,2.3,231,2026-10-01 01:45:00,PT5M,0.0,0.0,0.0,0.0,0.0
0,0,0,0,24,0.14,97.8,2.3,232,2026-10-01 01:50:00,PT5M,0.0,0.0,0.0,0.0,0.0
0,0,0,0,24,0.14,97.8,2.3,232,2026-10-01 01:55:00,PT5M,0.0,0.0,0.0,0.0,0.0
0,0,0,0,24,0.14,97.9,2.3,233,2026-10-01 02:00:00,PT5M,0.0,0.0,0.0,0.0,0.0
0,0,0,0,24,0.14,97.9,2.3,233,2026-10-01 02:05:00,PT5M,0.0,0.0,0.0,0.0,0.0
0,0,0,0,24,0.14,98.0,2.3,234,2026-10-01 02:10:00,PT5M,0.0,0.0,0.0,0.0,0.0
0,0,0,0,24,0.14,98.0,2.3,234,2026-10-01 02:15:00,PT5M,0.0,0.0,0.0,0.0,0.0
0,0,0,0,24,0.14,98.1,2.3,234,2026-10-01 02:20:00,PT5M,0.0,0.0,0.0,0.0,0.0
0,0,0,0,24,0.14,98.1,2.3,235,2026-10-01 02:25:00,PT5M,0.0,0.0,0.0,0.0,0.0
0,0,0,0,24,0.14,98.2,2.3,235,2026-10-01 02:30:00,PT5M,0.0,0.0,0.0,0.0,0.0
0,0,0,0,24,0.14,98.2,2.3,236,2026-10-01 02:35:00,PT5M,0.0,0.0,0.0,0.0,0.0
0,0,0,0,24,0.14,98.2,2.3,236,2026-10-01 02:40:00,PT5M,0.0,0.0,0.0,0.0,0.0
0,0,0,0,24,0.14,98.2,2.3,237,2026-10-01 02:45:00,PT5M,0.0,0.0,0.0,0.0,0.0
0,0,0,0,24,0.14,98.2,2.3,237,2026-10-01 02:50:00,PT5M,0.0,0.0,0.0,0.0,0.0
0,0,0,0,24,0.14,98.2,2.3,238,2026-10-01 02:55:00,PT5M,0.0,0.0,0.0,0.0,0.0
0,0,0,0,24,0.14,98.2,2.3,238,2026-10-01 03:00:00,PT5M,0.0,0.0,0.0,0.0,0.0
0,0,0,0,24,0.14,98.2,2.3,239,2026-10-01 03:05:00,PT5M,0.0,0.0,0.0,0.0,0.0
0,0,0,0,24,0.14,98.2,2.3,239,2026-10-01 03:10:00,PT5M,0.0,0.0,0.0,0.0,0.0
0,0,0,0,24,0.14,98.2,2.3,240,2026-10-01 03:15:00,PT5M,0.0,0.0,0.0,0.0,0.0
0,0,0,0,24,0.14,98.2,2.3,240,2026-10-01 03:20:00,PT5M,0.0,0.0,0.0,0.0,0.0
0,0,0,0,24,0.14,98.2,2.3,240,2026-10-01 03:25:00,PT5M,0.0,0.0,0.0,0.0,0.0
0,0,0,0,24,0.14,98.2,2.3,241,2026-10-01 03:30:00,PT5M,0.0,0.0,0.0,0.0,0.0
0,0,0,0,24,0.14,98.2,2.3,241,2026-10-01 03:35:00,PT5M,0.0,0.0,0.0,0.0,0.0
0,0,0,0,24,0.14,98.1,2.3,242,2026-10-01 03:40:00,PT5M,0.0,0.0,0.0,0.0,0.0
0,0,0,0,24,0.14,98.1,2.3,242,2026-10-01 03:45:00,PT5M,0.0,0.0,0.0,0.0,0.0
0,0,0,0,24,0.14,98.0,2.3,243,2026-10-01 03:50:00,PT5M,0.0,0.0,0.0,0.0,0.0
0,0,0,0,24,0.14,98.0,2.3,243,2026-10-01 03:55:00,PT5M,0.0,0.0,0.0,0.0,0.0
0,0,0,0,24,0.14,97.9,2.3,244,2026-10-01 04:00:00,PT5M,0.0,0.0,0.0,0.0,0.0
0,0,0,0,24,0.14,97.9,2.3,244,2026-10-01 04:05:00,PT5M,0.0,0.0,0.0,0.0,0.0
0,0,0,0,24,0.14,97.8,2.3,245,2026-10-01 04:10:00,PT5M,0.0,0.0,0.0,0.0,0.0
0,0,0,0,24,0.14,97.8,2.3,245,2026-10-01 04:15:00,PT5M,0.0,0.0,0.0,0.0,0.0
0,0,0,0,24,0.14,97.7,2.3,246,2026-10-01 04:20:00,PT5M,0.0,0.0,0.0,0.0,0.0
0,0,0,0,24,0.14,97.7,2.3,246,2026-10-01 04:25:00,PT5M,0.0,0.0,0.0,0.0,0.0
0,0,0,0,24,0.14,97.6,2.3,247,2026-10-01 04:30:00,PT5M,0.0,0.0,0.0,0.0,0.0
0,0,0,0,24,0.14,97.6,2.3,247,2026-10-01 04:35:00,PT5M,0.0,0.0,0.0,0.0,0.0
0,0,0,0,24,0.14,97.6,2.3,247,2026-10-01 04:40:00,PT5M,0.0,0.0,0.0,0.0,0.0
0,0,0,0,24,0.14,97.6,2.3,248,2026-10-01 04:45:00,PT5M,0.0,0.0,0.0,0.0,0.0
0,0,0,0,24,0.14,97.6,2.3,248,2026-10-01 04:50:00,PT5M,0.0,0.0,0.0,0.0,0.0
0,0,0,0,24,0.14,97.6,2.3,249,2026-10-01 04:55:00,PT5M,0.0,0.0,0.0,0.0,0.0
0,0,0,0,24,0.14,97.6,2.3,249,2026-10-01 05:00:00,PT5M,0.0,0.0,0.0,0.0,0.0
0,0,0,0,24,0.14,97.6,2.2,249,2026-10-01 05:05:00,PT5M,0.0,0.0,0.0,0.0,0.0
0,0,0,0,24,0.14,97.6,2.2,250,2026-10-01 05:10:00,PT5M,0.0,0.0,0.0,0.0,0.0
0,0,0,0,24,0.14,97.6,2.2,250,2026-10-01 05:15:00,PT5M,0.0,0.0,0.0,0.0,0.0
0,0,0,0,24,0.14,97.6,2.2,251,2026-10-01 05:20:00,PT5M,0.0,0.0,0.0,0.0,0.0
0,0,0,0,24,0.14,97.6,2.2,251,2026-10-01 05:25:00,PT5M,0.0,0.0,0.0,0.0,0.0
0,0,0,0,24,0.14,97.6,2.2,251,2026-10-01 05:30:00,PT5M,0.0,0.0,0.0,0.0,0.0
0,0,0,0,24,0.14,97.2,2.2,251,2026-10-01 05:35:00,PT5M,0.0,0.0,0.0,0.0,0.0
0,0,0,0,24,0.14,96.5,2.2,251,2026-10-01 05:40:00,PT5M,0.0,0.0,0.0,0.0,0.0
0,0,0,0,24,0.14,95.7,2.2,250,2026-10-01 05:45:00,PT5M,0.0,0.0,0.0,0.0,0.0
0,0,0,0,24,0.14,94.9,2.2,249,2026-10-01 05:50:00,PT5M,0.0,0.0,0.0,0.0,0.0
0,0,0,0,24,0.14,94.2,2.1,249,2026-10-01 05:55:00,PT5M,0.0,0.0,0.0,0.0,0.0
2,3,0,3,24,0.14,93.4,2.1,248,2026-10-01 06:00:00,PT5M,0.0,0.0,0.0,0.0,0.0
9,9,0,9,25,0.14,92.7,2.1,247,2026-10-01 06:05:00,PT5M,0.514,0.9675,0.7527,0.2753,0.0605
16,16,0,16,25,0.14,91.9,2.1,247,2026-10-01 06:10:00,PT5M,1.519,2.626,2.1016,0.9364,0.412
25,25,0,25,25,0.14,91.2,2.1,246,2026-10-01 06:15:00,PT5M,2.624,4.552,3.6387,1.6093,0.696
34,34,0,34,25,0.14,90.5,2.1,245,2026-10-01 06:20:00,PT5M,3.821,6.896,5.4394,2.2026,0.746
45,45,0,45,25,0.14,89.8,2.0,245,2026-10-01 06:25:00,PT5M,5.156,9.576,7.4823,2.8297,0.736
57,57,0,57,25,0.14,89.0,2.0,244,2026-10-01 06:30:00,PT5M,6.735,12.711,9.8802,3.5898,0.759
70,70,24,66,25,0.14,88.3,2.0,243,2026-10-01 06:35:00,PT5M,9.008,16.6775,13.0445,4.9715,1.3385
84,84,49,75,25,0.14,87.6,2.0,242,2026-10-01 06:40:00,PT5M,11.58,21.001,16.5383,6.6217,2.159
99,99,75,83,26,0.14,86.9,1.9,242,2026-10-01 06:45:00,PT5M,14.493,25.674,20.3776,8.6084,3.312
115,114,100,91,26,0.14,86.3,1.9,241,2026-10-01 06:50:00,PT5M,17.658,30.617,24.4784,10.8376,4.699
131,131,126,99,26,0.14,85.6,1.9,240,2026-10-01 06:55:00,PT5M,20.99,35.7935,28.7812,13.1988,6.1865
148,147,149,107,26,0.14,84.9,1.9,240,2026-10-01 07:00:00,PT5M,24.444,41.1935,33.2594,15.6286,7.6945
164,163,167,115,26,0.14,84.2,1.8,239,2026-10-01 07:05:00,PT5M,27.851,46.618,37.7282,17.9738,9.084
181,180,185,122,26,0.14,83.6,1.8,238,2026-10-01 07:10:00,PT5M,31.362,52.218,42.3387,20.3853,10.506
198,196,201,130,26,0.14,82.9,1.8,237,2026-10-01 07:15:00,PT5M,34.987,57.9105,47.0518,22.9222,12.0635
215,213,217,137,26,0.14,82.3,1.8,237,2026-10-01 07:20:00,PT5M,38.644,63.6465,51.803,25.485,13.6415
232,230,233,144,26,0.14,81.6,1.8,236,2026-10-01 07:25:00,PT5M,42.357,69.44,56.611,28.103,15.274
249,247,248,151,26,0.14,81.0,1.7,235,2026-10-01 07:30:00,PT5M,46.121,75.29,61.4729,30.7691,16.952
267,264,262,157,27,0.14,80.3,1.7,234,2026-10-01 07:35:00,PT5M,49.934,81.2235,66.4019,33.4661,18.6445
284,282,276,163,27,0.14,79.6,1.7,233,2026-10-01 07:40:00,PT5M,53.832,87.3615,71.4788,36.1852,20.3025
302,299,291,169,27,0.14,79.0,1.7,232,2026-10-01 07:45:00,PT5M,56.436,90.7205,74.4802,38.3918,22.1515
320,317,305,175,27,0.14,78.3,1.7,231,2026-10-01 07:50:00,PT5M,58.887,93.782,77.2525,40.5215,23.992
338,335,318,180,27,0.14,77.7,1.7,230,2026-10-01 07:55:00,PT5M,61.254,96.706,79.9126,42.5954,25.802
356,352,331,185,27,0.14,77.0,1.7,229,2026-10-01 08:00:00,PT5M,63.53,99.4805,82.451,44.609,27.5795
374,370,344,190,27,0.14,76.4,1.7,228,2026-10-01 08:05:00,PT5M,65.704,100.0,84.8516,46.5564,29.323
392,388,357,194,27,0.14,75.7,1.7,227,2026-10-01 08:10:00,PT5M,67.763,100.0,87.0958,48.4302,31.03
409,406,369,199,28,0.14,75.1,1.6,226,2026-10-01 08:15:00,PT5M,69.702,100.0,89.1759,50.2281,32.701
427,423,382,203,28,0.14,74.5,1.6,225,2026-10-01 08:20:00,PT5M,71.48,100.0,91.0431,51.9169,34.3095
445,441,393,207,28,0.14,73.9,1.6,224,2026-10-01 08:25:00,PT5M,73.168,100.0,92.7772,53.5588,35.91
462,458,405,210,28,0.14,73.3,1.6,223,2026-10-01 08:30:00,PT5M,74.775,100.0,94.4076,55.1424,37.4725
479,474,412,215,28,0.14,72.7,1.6,222,2026-10-01 08:35:00,PT5M,76.002,100.0,95.6664,56.3376,38.639
493,488,416,220,28,0.14,72.1,1.6,221,2026-10-01 08:40:00,PT5M,76.865,100.0,96.5749,57.1551,39.4155
507,502,419,225,28,0.14,71.6,1.6,220,2026-10-01 08:45:00,PT5M,77.673,100.0,97.4221,57.9239,40.149
521,516,422,230,28,0.14,71.1,1.6,219,2026-10-01 08:50:00,PT5M,78.44,100.0,98.221,58.659,40.8555
535,530,425,236,28,0.14,70.6,1.6,218,2026-10-01 08:55:00,PT5M,79.169,100.0,99.0039,59.3341,41.482
548,543,427,241,29,0.14,70.1,1.5,216,2026-10-01 09:00:00,PT5M,79.87,100.0,99.7228,60.0172,42.149
562,557,431,245,29,0.14,69.6,1.5,215,2026-10-01 09:05:00,PT5M,80.668,100.0,100.0,60.8731,43.057
576,570,435,249,29,0.14,69.1,1.5,214,2026-10-01 09:10:00,PT5M,81.448,100.0,100.0,61.7978,44.112
589,583,439,253,29,0.14,68.6,1.5,213,2026-10-01 09:15:00,PT5M,82.19,100.0,100.0,62.6801,45.1205
602,596,443,257,29,0.14,68.1,1.5,211,2026-10-01 09:20:00,PT5M,82.897,100.0,100.0,63.5223,46.0845
614,608,447,260,29,0.14,67.6,1.5,210,2026-10-01 09:25:00,PT5M,83.571,100.0,100.0,64.3268,47.0065
626,620,450,264,29,0.14,67.1,1.5,209,2026-10-01 09:30:00,PT5M,84.213,100.0,100.0,65.0944,47.887
640,634,457,266,29,0.14,66.6,1.5,208,2026-10-01 09:35:00,PT5M,85.095,100.0,100.0,66.1316,49.064
655,649,468,266,29,0.14,66.0,1.5,207,2026-10-01 09:40:00,PT5M,86.212,100.0,100.0,67.4355,50.536
669,663,479,266,30,0.14,65.5,1.5,205,2026-10-01 09:45:00,PT5M,87.242,100.0,100.0,68.6468,51.9105
684,677,489,266,30,0.14,64.9,1.5,204,2026-10-01 09:50:00,PT5M,88.227,100.0,100.0,69.8097,53.2335
698,691,499,266,30,0.14,64.4,1.5,203,2026-10-01 09:55:00,PT5M,89.176,100.0,100.0,70.9331,54.514
711,704,509,266,30,0.14,63.9,1.5,202,2026-10-01 10:00:00,PT5M,90.088,100.0,100.0,72.0141,55.747
725,718,519,265,30,0.14,63.3,1.5,201,2026-10-01 10:05:00,PT5M,90.954,100.0,100.0,73.0446,56.9255
737,730,528,264,30,0.14,62.8,1.5,200,2026-10-01 10:10:00,PT5M,91.774,100.0,100.0,74.0246,58.0495
750,743,537,264,30,0.14,62.3,1.5,199,2026-10-01 10:15:00,PT5M,92.539,100.0,100.0,74.9459,59.1115
762,755,546,262,30,0.14,61.8,1.5,198,2026-10-01 10:20:00,PT5M,93.294,100.0,100.0,75.8535,60.1565
774,767,556,261,30,0.14,61.3,1.5,197,2026-10-01 10:25:00,PT5M,94.022,100.0,100.0,76.731,61.1685
786,778,565,260,31,0.14,60.8,1.5,195,2026-10-01 10:30:00,PT5M,94.724,100.0,100.0,77.5795,62.149
793,785,565,262,31,0.14,60.3,1.6,194,2026-10-01 10:35:00,PT5M,94.901,100.0,100.0,77.8152,62.4375
795,787,556,268,31,0.14,59.8,1.6,193,2026-10-01 10:40:00,PT5M,94.564,100.0,100.0,77.4459,62.039
797,789,547,275,31,0.14,59.4,1.6,192,2026-10-01 10:45:00,PT5M,94.21,100.0,100.0,77.0521,61.6095
798,790,538,281,31,0.14,58.9,1.6,190,2026-10-01 10:50:00,PT5M,93.839,100.0,100.0,76.6322,61.1455
799,791,529,287,31,0.14,58.5,1.6,189,2026-10-01 10:55:00,PT5M,93.501,100.0,100.0,76.2273,60.6805
799,792,520,293,31,0.14,58.0,1.6,188,2026-10-01 11:00:00,PT5M,93.092,100.0,100.0,75.7462,60.1345
799,791,511,299,31,0.14,57.6,1.6,187,2026-10-01 11:05:00,PT5M,92.684,100.0,100.0,75.2732,59.603
798,791,502,305,32,0.14,57.2,1.6,185,2026-10-01 11:10:00,PT5M,92.261,100.0,100.0,74.7813,59.049
796,789,493,311,32,0.14,56.7,1.6,184,2026-10-01 11:15:00,PT5M,91.81,100.0,100.0,74.2469,58.4395
795,788,484,316,32,0.14,56.3,1.6,183,2026-10-01 11:20:00,PT5M,91.338,100.0,100.0,73.6843,57.7955
792,785,474,322,32,0.14,55.9,1.6,182,2026-10-01 11:25:00,PT5M,90.846,100.0,100.0,73.0958,57.12
789,783,465,327,32,0.14,55.4,1.6,181,2026-10-01 11:30:00,PT5M,90.333,100.0,100.0,72.4812,56.414
787,780,457,331,32,0.14,55.4,1.6,180,2026-10-01 11:35:00,PT5M,89.887,100.0,100.0,71.9639,55.8325
784,778,450,335,32,0.14,55.8,1.6,181,2026-10-01 11:40:00,PT5M,89.503,100.0,100.0,71.538,55.369
781,775,442,339,32,0.14,56.2,1.5,182,2026-10-01 11:45:00,PT5M,89.093,100.0,100.0,71.0807,54.869
777,771,435,342,32,0.14,56.5,1.5,182,2026-10-01 11:50:00,PT5M,88.656,100.0,100.0,70.591,54.332
773,767,427,346,32,0.14,56.9,1.5,183,2026-10-01 11:55:00,PT5M,88.19,100.0,100.0,70.0669,53.7555
769,763,419,349,32,0.14,57.3,1.4,184,2026-10-01 12:00:00,PT5M,87.786,100.0,100.0,69.5995,53.231
764,758,411,352,31,0.14,57.7,1.4,184,2026-10-01 12:05:00,PT5M,87.375,100.0,100.0,69.1187,52.6875
758,752,403,355,31,0.14,58.1,1.4,185,2026-10-01 12:10:00,PT5M,86.926,100.0,100.0,68.5947,52.096
752,746,394,358,31,0.14,58.5,1.3,186,2026-10-01 12:15:00,PT5M,86.447,100.0,100.0,68.0357,51.465
746,740,386,361,31,0.14,58.9,1.3,187,2026-10-01 12:20:00,PT5M,85.937,100.0,100.0,67.4413,50.7945
739,733,377,364,31,0.14,59.3,1.3,188,2026-10-01 12:25:00,PT5M,85.395,100.0,100.0,66.8106,50.084
731,726,369,366,31,0.14,59.7,1.2,189,2026-10-01 12:30:00,PT5M,84.824,100.0,100.0,66.1475,49.338
725,720,362,368,31,0.14,60.1,1.2,190,2026-10-01 12:35:00,PT5M,84.334,100.0,100.0,65.5814,48.7035
719,714,357,368,31,0.14,60.5,1.2,190,2026-10-01 12:40:00,PT5M,83.924,100.0,100.0,65.1117,48.18
713,708,352,368,31,0.14,60.9,1.2,191,2026-10-01 12:45:00,PT5M,83.454,100.0,100.0,64.573,47.5795
706,701,347,368,31,0.14,61.3,1.1,192,2026-10-01 12:50:00,PT5M,82.952,100.0,100.0,63.9944,46.932
699,694,342,368,31,0.14,61.7,1.1,192,2026-10-01 12:55:00,PT5M,82.441,100.0,100.0,63.4105,46.2825
692,687,336,368,30,0.14,62.2,1.1,193,2026-10-01 13:00:00,PT5M,81.934,100.0,100.0,62.8385,45.652
684,680,331,367,30,0.14,62.6,1.1,194,2026-10-01 13:05:00,PT5M,81.367,100.0,100.0,62.1902,44.9305
676,672,327,366,30,0.14,63.0,1.0,195,2026-10-01 13:10:00,PT5M,80.771,100.0,100.0,61.5079,44.1705
668,664,322,365,30,0.14,63.4,1.0,195,2026-10-01 13:15:00,PT5M,80.139,100.0,99.4932,60.7848,43.3655
659,655,317,363,30,0.14,63.9,1.0,196,2026-10-01 13:20:00,PT5M,79.475,100.0,98.9236,60.0264,42.522
650,646,312,362,30,0.14,64.3,1.0,197,2026-10-01 13:25:00,PT5M,78.782,100.0,98.3277,59.2363,41.6445
641,637,307,360,30,0.14,64.7,1.0,198,2026-10-01 13:30:00,PT5M,78.059,100.0,97.7047,58.4133,40.7315
631,627,300,358,30,0.14,65.2,0.9,199,2026-10-01 13:35:00,PT5M,77.19,100.0,96.9655,57.4145,39.616
619,615,292,357,30,0.14,65.6,0.9,201,2026-10-01 13:40:00,PT5M,76.168,100.0,96.1027,56.2333,38.2915
607,604,284,355,30,0.14,66.1,0.9,202,2026-10-01 13:45:00,PT5M,75.11,100.0,95.2052,55.0148,36.9285
595,592,276,353,30,0.14,66.5,0.9,204,2026-10-01 13:50:00,PT5M,74.016,100.0,94.2728,53.7592,35.5275
583,580,267,351,30,0.14,67.0,0.9,205,2026-10-01 13:55:00,PT5M,72.887,100.0,93.3069,52.4671,34.0885
570,567,259,348,29,0.14,67.5,0.9,207,2026-10-01 14:00:00,PT5M,71.719,100.0,92.3039,51.1341,32.607
558,555,252,345,29,0.14,67.9,0.8,209,2026-10-01 14:05:00,PT5M,70.523,100.0,91.274,49.772,31.0955
545,542,244,342,29,0.14,68.4,0.8,211,2026-10-01 14:10:00,PT5M,69.305,100.0,90.2223,48.3877,29.5615
532,529,236,338,29,0.14,68.8,0.8,213,2026-10-01 14:15:00,PT5M,68.018,100.0,89.1034,46.9326,27.955
519,516,228,334,29,0.14,69.3,0.8,215,2026-10-01 14:20:00,PT5M,66.686,100.0,87.9404,45.4316,26.302
505,503,220,330,29,0.14,69.8,0.8,217,2026-10-01 14:25:00,PT5M,65.32,100.0,86.7433,43.8967,24.615
492,489,212,326,29,0.14,70.3,0.8,219,2026-10-01 14:30:00,PT5M,63.929,100.0,85.5208,42.3372,22.904
479,477,206,321,29,0.14,70.8,0.8,221,2026-10-01 14:35:00,PT5M,62.687,100.0,84.4185,40.9555,21.3965
467,465,202,315,29,0.14,71.3,0.8,223,2026-10-01 14:40:00,PT5M,61.6,100.0,83.4444,39.7556,20.095
455,453,198,309,29,0.14,71.8,0.8,225,2026-10-01 14:45:00,PT5M,60.481,100.0,82.448,38.514,18.743
443,441,194,303,29,0.14,72.3,0.8,227,2026-10-01 14:50:00,PT5M,59.33,100.0,81.4238,37.2362,17.351
431,429,190,297,29,0.14,72.9,0.8,230,2026-10-01 14:55:00,PT5M,58.193,100.0,80.309,36.077,16.172
419,418,186,290,28,0.14,73.4,0.8,232,2026-10-01 15:00:00,PT5M,57.068,99.025,79.1503,34.9857,15.111
407,405,182,284,28,0.14,74.0,0.7,234,2026-10-01 15:05:00,PT5M,55.852,97.7025,77.8782,33.8258,14.0015
394,393,176,278,28,0.14,74.5,0.7,237,2026-10-01 15:10:00,PT5M,54.535,96.233,76.481,32.589,12.837
382,380,171,272,28,0.14,75.1,0.7,239,2026-10-01 15:15:00,PT5M,53.164,94.6245,74.985,31.343,11.7035
369,367,165,265,28,0.14,75.6,0.8,241,2026-10-01 15:20:00,PT5M,51.734,92.99,73.4473,30.0207,10.478
356,354,159,258,28,0.14,76.2,0.8,243,2026-10-01 15:25:00,PT5M,50.249,91.266,71.8365,28.6615,9.232
342,341,153,252,28,0.14,76.7,0.8,246,2026-10-01 15:30:00,PT5M,48.706,89.442,70.1456,27.2664,7.97
329,327,146,245,28,0.14,77.3,0.8,248,2026-10-01 15:35:00,PT5M,47.032,87.4385,68.2982,25.7658,6.6255
315,313,138,238,28,0.14,77.8,0.8,250,2026-10-01 15:40:00,PT5M,45.247,85.2205,66.2853,24.2087,5.2735
300,299,130,230,28,0.14,78.3,0.8,252,2026-10-01 15:45:00,PT5M,43.385,82.835,64.1478,22.6222,3.935
286,285,122,223,28,0.14,78.8,0.8,254,2026-10-01 15:50:00,PT5M,41.449,80.289,61.8908,21.0072,2.609
272,271,113,215,27,0.14,79.3,0.8,256,2026-10-01 15:55:00,PT5M,39.441,77.5935,59.5209,19.3611,1.2885
258,257,105,207,27,0.14,79.8,0.8,258,2026-10-01 16:00:00,PT5M,37.596,74.9845,57.2738,17.9182,0.2075
244,243,96,199,27,0.14,80.3,0.8,260,2026-10-01 16:05:00,PT5M,35.522,72.1155,54.7814,16.2626,0.0
230,229,89,191,27,0.14,80.8,0.8,262,2026-10-01 16:10:00,PT5M,33.453,69.2335,52.2845,14.6215,0.0
216,216,80,182,27,0.14,81.3,0.8,264,2026-10-01 16:15:00,PT5M,31.286,65.2935,49.1844,13.3876,0.0
202,202,72,173,27,0.14,81.8,0.8,265,2026-10-01 16:20:00,PT5M,28.991,60.681,45.6697,12.3123,0.0
189,189,64,164,27,0.14,82.4,0.8,267,2026-10-01 16:25:00,PT5M,26.67,56.0985,42.1584,11.1816,0.0
175,175,55,155,27,0.14,82.9,0.8,269,2026-10-01 16:30:00,PT5M,24.356,51.5515,38.6692,10.0428,0.0
162,162,46,146,27,0.14,83.5,0.8,271,2026-10-01 16:35:00,PT5M,22.107,47.091,35.2563,8.9577,0.0
149,149,38,137,27,0.14,84.1,0.8,273,2026-10-01 16:40:00,PT5M,19.905,42.634,31.8674,7.9426,0.0
136,136,28,127,27,0.14,84.7,0.8,274,2026-10-01 16:45:00,PT5M,17.729,38.2705,28.5401,6.9179,0.0
123,123,19,118,27,0.14,85.3,0.9,276,2026-10-01 16:50:00,PT5M,15.703,34.0935,25.3821,6.0239,0.0
110,110,8,108,26,0.14,86.0,0.9,277,2026-10-01 16:55:00,PT5M,13.608,29.9115,22.1886,5.0274,0.0
97,97,0,97,26,0.14,86.6,0.9,279,2026-10-01 17:00:00,PT5M,11.695,26.0165,19.2325,4.1575,0.0
85,85,0,85,26,0.14,87.3,0.9,280,2026-10-01 17:05:00,PT5M,10.162,22.594,16.7051,3.6189,0.0
73,73,0,73,26,0.14,87.9,0.9,281,2026-10-01 17:10:00,PT5M,8.592,19.176,14.1624,3.0216,0.0
61,61,0,61,26,0.14,88.6,1.0,283,2026-10-01 17:15:00,PT5M,7.192,15.9545,11.8038,2.5802,0.0
50,50,0,50,26,0.14,89.2,1.0,284,2026-10-01 17:20:00,PT5M,5.885,12.87,9.5613,2.2087,0.0
40,40,0,40,26,0.14,89.9,1.0,285,2026-10-01 17:25:00,PT5M,4.565,9.8775,7.361,1.769,0.0
31,31,0,31,26,0.14,90.6,1.0,286,2026-10-01 17:30:00,PT5M,3.386,7.194,5.3902,1.3818,0.0
23,23,0,23,26,0.14,90.9,1.0,286,2026-10-01 17:35:00,PT5M,2.369,4.9615,3.7335,1.0045,0.0
16,16,0,16,26,0.14,91.0,1.0,286,2026-10-01 17:40:00,PT5M,1.429,2.9415,2.225,0.633,0.0
9,9,0,9,26,0.14,91.1,1.0,286,2026-10-01 17:45:00,PT5M,0.58,1.2945,0.956,0.204,0.0
4,4,0,4,26,0.14,91.2,1.0,285,2026-10-01 17:50:00,PT5M,0.0,0.0935,0.0492,0.0,0.0
0,0,0,0,26,0.14,91.3,1.0,285,2026-10-01 17:55:00,PT5M,0.0,0.0,0.0,0.0,0.0
0,0,0,0,26,0.14,91.4,1.0,284,2026-10-01 18:00:00,PT5M,0.0,0.0,0.0,0.0,0.0
0,0,0,0,26,0.14,91.5,1.0,284,2026-10-01 18:05:00,PT5M,0.0,0.0,0.0,0.0,0.0
0,0,0,0,26,0.14,91.6,1.0,283,2026-10-01 18:10:00,PT5M,0.0,0.0,0.0,0.0,0.0
0,0,0,0,26,0.14,91.7,1.0,283,2026-10-01 18:15:00,PT5M,0.0,0.0,0.0,0.0,0.0
0,0,0,0,26,0.14,91.7,1.0,282,2026-10-01 18:20:00,PT5M,0.0,0.0,0.0,0.0,0.0
0,0,0,0,25,0.14,91.8,1.0,282,2026-10-01 18:25:00,PT5M,0.0,0.0,0.0,0.0,0.0
0,0,0,0,25,0.14,91.9,1.0,282,2026-10-01 18:30:00,PT5M,0.0,0.0,0.0,0.0,0.0
0,0,0,0,25,0.14,92.0,1.0,281,2026-10-01 18:35:00,PT5M,0.0,0.0,0.0,0.0,0.0
0,0,0,0,25,0.14,92.1,1.0,280,2026-10-01 18:40:00,PT5M,0.0,0.0,0.0,0.0,0.0
0,0,0,0,25,0.14,92.2,1.0,280,2026-10-01 18:45:00,PT5M,0.0,0.0,0.0,0.0,0.0
0,0,0,0,25,0.14,92.3,1.0,279,2026-10-01 18:50:00,PT5M,0.0,0.0,0.0,0.0,0.0
0,0,0,0,25,0.14,92.4,1.1,279,2026-10-01 18:55:00,PT5M,0.0,0.0,0.0,0.0,0.0
0,0,0,0,25,0.14,92.5,1.1,278,2026-10-01 19:00:00,PT5M,0.0,0.0,0.0,0.0,0.0
0,0,0,0,25,0.14,92.6,1.1,278,2026-10-01 19:05:00,PT5M,0.0,0.0,0.0,0.0,0.0
0,0,0,0,25,0.14,92.7,1.1,277,2026-10-01 19:10:00,PT5M,0.0,0.0,0.0,0.0,0.0
0,0,0,0,25,0.14,92.7,1.1,277,2026-10-01 19:15:00,PT5M,0.0,0.0,0.0,0.0,0.0
0,0,0,0,25,0.14,92.8,1.1,276,2026-10-01 19:20:00,PT5M,0.0,0.0,0.0,0.0,0.0
0,0,0,0,25,0.14,92.9,1.1,276,2026-10-01 19:25:00,PT5M,0.0,0.0,0.0,0.0,0.0
0,0,0,0,25,0.14,93.0,1.1,275,2026-10-01 19:30:00,PT5M,0.0,0.0,0.0,0.0,0.0
0,0,0,0,25,0.14,93.1,1.1,275,2026-10-01 19:35:00,PT5M,0.0,0.0,0.0,0.0,0.0
0,0,0,0,25,0.14,93.1,1.1,275,2026-10-01 19:40:00,PT5M,0.0,0.0,0.0,0.0,0.0
0,0,0,0,25,0.14,93.2,1.1,275,2026-10-01 19:45:00,PT5M,0.0,0.0,0.0,0.0,0.0
0,0,0,0,25,0.14,93.2,1.1,275,2026-10-01 19:50:00,PT5M,0.0,0.0,0.0,0.0,0.0
0,0,0,0,25,0.14,93.3,1.1,275,2026-10-01 19:55:00,PT5M,0.0,0.0,0.0,0.0,0.0
0,0,0,0,25,0.14,93.3,1.2,275,2026-10-01 20:00:00,PT5M,0.0,0.0,0.0,0.0,0.0
0,0,0,0,25,0.14,93.4,1.2,275,2026-10-01 20:05:00,PT5M,0.0,0.0,0.0,0.0,0.0
0,0,0,0,25,0.14,93.4,1.2,275,2026-10-01 20:10:00,PT5M,0.0,0.0,0.0,0.0,0.0
0,0,0,0,25,0.14,93.5,1.2,275,2026-10-01 20:15:00,PT5M,0.0,0.0,0.0,0.0,0.0
0,0,0,0,25,0.14,93.5,1.2,275,2026-10-01 20:20:00,PT5M,0.0,0.0,0.0,0.0,0.0
0,0,0,0,25,0.14,93.5,1.2,275,2026-10-01 20:25:00,PT5M,0.0,0.0,0.0,0.0,0.0
0,0,0,0,25,0.14,93.6,1.2,275,2026-10-01 20:30:00,PT5M,0.0,0.0,0.0,0.0,0.0
0,0,0,0,25,0.14,93.7,1.2,274,2026-10-01 20:35:00,PT5M,0.0,0.0,0.0,0.0,0.0
0,0,0,0,25,0.14,93.8,1.2,274,2026-10-01 20:40:00,PT5M,0.0,0.0,0.0,0.0,0.0
0,0,0,0,25,0.14,93.8,1.2,273,2026-10-01 20:45:00,PT5M,0.0,0.0,0.0,0.0,0.0
0,0,0,0,25,0.14,93.9,1.2,272,2026-10-01 20:50:00,PT5M,0.0,0.0,0.0,0.0,0.0
0,0,0,0,25,0.14,94.0,1.2,271,2026-10-01 20:55:00,PT5M,0.0,0.0,0.0,0.0,0.0
0,0,0,0,25,0.14,94.1,1.2,270,2026-10-01 21:00:00,PT5M,0.0,0.0,0.0,0.0,0.0
0,0,0,0,25,0.14,94.2,1.2,270,2026-10-01 21:05:00,PT5M,0.0,0.0,0.0,0.0,0.0
0,0,0,0,25,0.14,94.3,1.2,269,2026-10-01 21:10:00,PT5M,0.0,0.0,0.0,0.0,0.0
0,0,0,0,25,0.14,94.4,1.2,268,2026-10-01 21:15:00,PT5M,0.0,0.0,0.0,0.0,0.0
0,0,0,0,25,0.14,94.5,1.2,267,2026-10-01 21:20:00,PT5M,0.0,0.0,0.0,0.0,0.0
0,0,0,0,25,0.14,94.6,1.2,266,2026-10-01 21:25:00,PT5M,0.0,0.0,0.0,0.0,0.0
0,0,0,0,25,0.14,94.7,1.2,266,2026-10-01 21:30:00,PT5M,0.0,0.0,0.0,0.0,0.0
0,0,0,0,25,0.14,94.8,1.2,265,2026-10-01 21:35:00,PT5M,0.0,0.0,0.0,0.0,0.0
0,0,0,0,24,0.14,95.0,1.2,265,2026-10-01 21:40:00,PT5M,0.0,0.0,0.0,0.0,0.0
0,0,0,0,24,0.14,95.1,1.2,265,2026-10-01 21:45:00,PT5M,0.0,0.0,0.0,0.0,0.0
0,0,0,0,24,0.14,95.2,1.2,265,2026-10-01 21:50:00,PT5M,0.0,0.0,0.0,0.0,0.0
0,0,0,0,24,0.14,95.4,1.2,265,2026-10-01 21:55:00,PT5M,0.0,0.0,0.0,0.0,0.0
0,0,0,0,24,0.14,95.5,1.2,265,2026-10-01 22:00:00,PT5M,0.0,0.0,0.0,0.0,0.0
0,0,0,0,24,0.14,95.7,1.2,265,2026-10-01 22:05:00,PT5M,0.0,0.0,0.0,0.0,0.0
0,0,0,0,24,0.14,95.8,1.2,265,2026-10-01 22:10:00,PT5M,0.0,0.0,0.0,0.0,0.0
0,0,0,0,24,0.14,96.0,1.2,265,2026-10-01 22:15:00,PT5M,0.0,0.0,0.0,0.0,0.0
0,0,0,0,24,0.14,96.1,1.2,265,2026-10-01 22:20:00,PT5M,0.0,0.0,0.0,0.0,0.0
0,0,0,0,24,0.14,96.2,1.2,265,2026-10-01 22:25:00,PT5M,0.0,0.0,0.0,0.0,0.0
0,0,0,0,24,0.14,96.4,1.2,265,2026-10-01 22:30:00,PT5M,0.0,0.0,0.0,0.0,0.0
0,0,0,0,24,0.14,96.5,1.2,265,2026-10-01 22:35:00,PT5M,0.0,0.0,0.0,0.0,0.0
0,0,0,0,24,0.14,96.6,1.2,264,2026-10-01 22:40:00,PT5M,0.0,0.0,0.0,0.0,0.0
0,0,0,0,24,0.14,96.7,1.2,263,2026-10-01 22:45:00,PT5M,0.0,0.0,0.0,0.0,0.0
0,0,0,0,24,0.14,96.8,1.2,263,2026-10-01 22:50:00,PT5M,0.0,0.0,0.0,0.0,0.0
0,0,0,0,24,0.14,96.9,1.2,262,2026-10-01 22:55:00,PT5M,0.0,0.0,0.0,0.0,0.0
0,0,0,0,24,0.14,97.0,1.3,261,2026-10-01 23:00:00,PT5M,0.0,0.0,0.0,0.0,0.0
0,0,0,0,24,0.14,97.1,1.3,261,2026-10-01 23:05:00,PT5M,0.0,0.0,0.0,0.0,0.0
0,0,0,0,24,0.14,97.2,1.3,260,2026-10-01 23:10:00,PT5M,0.0,0.0,0.0,0.0,0.0
0,0,0,0,24,0.14,97.3,1.3,259,2026-10-01 23:15:00,PT5M,0.0,0.0,0.0,0.0,0.0
0,0,0,0,24,0.14,97.4,1.3,259,2026-10-01 23:20:00,PT5M,0.0,0.0,0.0,0.0,0.0
0,0,0,0,24,0.14,97.5,1.3,258,2026-10-01 23:25:00,PT5M,0.0,0.0,0.0,0.0,0.0
0,0,0,0,24,0.14,97.6,1.3,257,2026-10-01 23:30:00,PT5M,0.0,0.0,0.0,0.0,0.0
0,0,0,0,24,0.14,97.6,1.3,257,2026-10-01 23:35:00,PT5M,0.0,0.0,0.0,0.0,0.0
0,0,0,0,24,0.14,97.6,1.3,257,2026-10-01 23:40:00,PT5M,0.0,0.0,0.0,0.0,0.0
0,0,0,0,24,0.14,97.6,1.3,258,2026-10-01 23:45:00,PT5M,0.0,0.0,0.0,0.0,0.0
0,0,0,0,24,0.14,97.6,1.3,258,2026-10-01 23:50:00,PT5M,0.0,0.0,0.0,0.0,0.0
0,0,0,0,24,0.14,97.6,1.3,258,2026-10-01 23:55:00,PT5M,0.0,0.0,0.0,0.0,0.0
0,0,0,0,24,0.14,97.6,1.3,259,2026-10-02 00:00:00,PT5M,0.0,0.0,0.0,0.0,0.0
0,0,0,0,24,0.14,97.6,1.3,259,2026-10-02 00:05:00,PT5M,0.0,0.0,0.0,0.0,0.0
0,0,0,0,24,0.14,97.6,1.3,259,2026-10-02 00:10:00,PT5M,0.0,0.0,0.0,0.0,0.0
0,0,0,0,24,0.14,97.6,1.3,259,2026-10-02 00:15:00,PT5M,0.0,0.0,0.0,0.0,0.0
0,0,0,0,24,0.14,97.6,1.2,260,2026-10-02 00:20:00,PT5M,0.0,0.0,0.0,0.0,0.0
0,0,0,0,24,0.14,97.6,1.2,260,2026-10-02 00:25:00,PT5M,0.0,0.0,0.0,0.0,0.0
0,0,0,0,24,0.14,97.6,1.2,260,2026-10-02 00:30:00,PT5M,0.0,0.0,0.0,0.0,0.0
0,0,0,0,24,0.14,97.6,1.2,261,2026-10-02 00:35:00,PT5M,0.0,0.0,0.0,0.0,0.0
0,0,0,0,24,0.14,97.6,1.2,261,2026-10-02 00:40:00,PT5M,0.0,0.0,0.0,0.0,0.0
0,0,0,0,24,0.14,97.6,1.2,261,2026-10-02 00:45:00,PT5M,0.0,0.0,0.0,0.0,0.0
0,0,0,0,24,0.14,97.6,1.2,262,2026-10-02 00:50:00,PT5M,0.0,0.0,0.0,0.0,0.0
0,0,0,0,24,0.14,97.6,1.2,262,2026-10-02 00:55:00,PT5M,0.0,0.0,0.0,0.0,0.0
0,0,0,0,24,0.14,97.6,1.2,262,2026-10-02 01:00:00,PT5M,0.0,0.0,0.0,0.0,0.0
0,0,0,0,24,0.14,97.6,1.2,263,2026-10-02 01:05:00,PT5M,0.0,0.0,0.0,0.0,0.0
0,0,0,0,24,0.14,97.6,1.1,263,2026-10-02 01:10:00,PT5M,0.0,0.0,0.0,0.0,0.0
0,0,0,0,24,0.14,97.6,1.1,263,2026-10-02 01:15:00,PT5M,0.0,0.0,0.0,0.0,0.0
0,0,0,0,24,0.14,97.6,1.1,264,2026-10-02 01:20:00,PT5M,0.0,0.0,0.0,0.0,0.0
0,0,0,0,24,0.14,97.6,1.1,264,2026-10-02 01:25:00,PT5M,0.0,0.0,0.0,0.0,0.0
0,0,0,0,24,0.14,97.6,1.1,265,2026-10-02 01:30:00,PT5M,0.0,0.0,0.0,0.0,0.0
0,0,0,0,24,0.14,97.6,1.1,265,2026-10-02 01:35:00,PT5M,0.0,0.0,0.0,0.0,0.0
0,0,0,0,24,0.14,97.6,1.1,265,2026-10-02 01:40:00,PT5M,0.0,0.0,0.0,0.0,0.0
0,0,0,0,24,0.14,97.6,1.1,266,2026-10-02 01:45:00,PT5M,0.0,0.0,0.0,0.0,0.0
0,0,0,0,24,0.14,97.6,1.1,266,2026-10-02 01:50:00,PT5M,0.0,0.0,0.0,0.0,0.0
0,0,0,0,24,0.14,97.6,1.1,267,2026-10-02 01:55:00,PT5M,0.0,0.0,0.0,0.0,0.0
0,0,0,0,24,0.14,97.6,1.1,267,2026-10-02 02:00:00,PT5M,0.0,0.0,0.0,0.0,0.0
0,0,0,0,24,0.14,97.6,1.1,268,2026-10-02 02:05:00,PT5M,0.0,0.0,0.0,0.0,0.0
0,0,0,0,24,0.14,97.6,1.1,268,2026-10-02 02:10:00,PT5M,0.0,0.0,0.0,0.0,0.0
0,0,0,0,24,0.14,97.6,1.1,268,2026-10-02 02:15:00,PT5M,0.0,0.0,0.0,0.0,0.0
0,0,0,0,24,0.14,97.6,1.1,269,2026-10-02 02:20:00,PT5M,0.0,0.0,0.0,0.0,0.0
0,0,0,0,24,0.14,97.6,1.1,269,2026-10-02 02:25:00,PT5M,0.0,0.0,0.0,0.0,0.0
0,0,0,0,24,0.14,97.6,1.1,270,2026-10-02 02:30:00,PT5M,0.0,0.0,0.0,0.0,0.0
0,0,0,0,24,0.14,97.6,1.1,270,2026-10-02 02:35:00,PT5M,0.0,0.0,0.0,0.0,0.0
0,0,0,0,24,0.14,97.5,1.1,270,2026-10-02 02:40:00,PT5M,0.0,0.0,0.0,0.0,0.0
0,0,0,0,24,0.14,97.5,1.1,270,2026-10-02 02:45:00,PT5M,0.0,0.0,0.0,0.0,0.0
0,0,0,0,24,0.14,97.4,1.1,270,2026-10-02 02:50:00,PT5M,0.0,0.0,0.0,0.0,0.0
0,0,0,0,24,0.14,97.4,1.1,270,2026-10-02 02:55:00,PT5M,0.0,0.0,0.0,0.0,0.0
0,0,0,0,24,0.14,97.3,1.1,270,2026-10-02 03:00:00,PT5M,0.0,0.0,0.0,0.0,0.0
0,0,0,0,24,0.14,97.3,1.0,270,2026-10-02 03:05:00,PT5M,0.0,0.0,0.0,0.0,0.0
0,0,0,0,24,0.14,97.2,1.0,270,2026-10-02 03:10:00,PT5M,0.0,0.0,0.0,0.0,0.0
0,0,0,0,24,0.14,97.2,1.0,270,2026-10-02 03:15:00,PT5M,0.0,0.0,0.0,0.0,0.0
0,0,0,0,24,0.14,97.1,1.0,270,2026-10-02 03:20:00,PT5M,0.0,0.0,0.0,0.0,0.0
0,0,0,0,24,0.14,97.1,1.0,270,2026-10-02 03:25:00,PT5M,0.0,0.0,0.0,0.0,0.0
0,0,0,0,24,0.14,97.0,1.0,270,2026-10-02 03:30:00,PT5M,0.0,0.0,0.0,0.0,0.0
0,0,0,0,24,0.14,97.1,1.0,270,2026-10-02 03:35:00,PT5M,0.0,0.0,0.0,0.0,0.0
0,0,0,0,24,0.14,97.2,1.0,271,2026-10-02 03:40:00,PT5M,0.0,0.0,0.0,0.0,0.0
0,0,0,0,24,0.14,97.3,1.0,271,2026-10-02 03:45:00,PT5M,0.0,0.0,0.0,0.0,0.0
0,0,0,0,23,0.14,97.4,1.0,272,2026-10-02 03:50:00,PT5M,0.0,0.0,0.0,0.0,0.0
0,0,0,0,23,0.14,97.5,1.0,272,2026-10-02 03:55:00,PT5M,0.0,0.0,0.0,0.0,0.0
0,0,0,0,23,0.14,97.6,1.0,273,2026-10-02 04:00:00,PT5M,0.0,0.0,0.0,0.0,0.0
0,0,0,0,23,0.14,97.7,0.9,273,2026-10-02 04:05:00,PT5M,0.0,0.0,0.0,0.0,0.0
0,0,0,0,23,0.14,97.8,0.9,274,2026-10-02 04:10:00,PT5M,0.0,0.0,0.0,0.0,0.0
0,0,0,0,23,0.14,97.9,0.9,274,2026-10-02 04:15:00,PT5M,0.0,0.0,0.0,0.0,0.0
0,0,0,0,23,0.14,98.0,0.9,275,2026-10-02 04:20:00,PT5M,0.0,0.0,0.0,0.0,0.0
0,0,0,0,23,0.14,98.1,0.9,275,2026-10-02 04:25:00,PT5M,0.0,0.0,0.0,0.0,0.0
0,0,0,0,23,0.14,98.2,0.9,276,2026-10-02 04:30:00,PT5M,0.0,0.0,0.0,0.0,0.0
0,0,0,0,23,0.14,98.2,0.9,277,2026-10-02 04:35:00,PT5M,0.0,0.0,0.0,0.0,0.0
0,0,0,0,23,0.14,98.2,0.9,277,2026-10-02 04:40:00,PT5M,0.0,0.0,0.0,0.0,0.0
0,0,0,0,23,0.14,98.2,0.9,278,2026-10-02 04:45:00,PT5M,0.0,0.0,0.0,0.0,0.0
0,0,0,0,23,0.14,98.2,0.9,278,2026-10-02 04:50:00,PT5M,0.0,0.0,0.0,0.0,0.0
0,0,0,0,23,0.14,98.2,0.9,279,2026-10-02 04:55:00,PT5M,0.0,0.0,0.0,0.0,0.0
0,0,0,0,23,0.14,98.2,0.9,280,2026-10-02 05:00:00,PT5M,0.0,0.0,0.0,0.0,0.0
0,0,0,0,23,0.14,98.2,0.9,280,2026-10-02 05:05:00,PT5M,0.0,0.0,0.0,0.0,0.0
0,0,0,0,23,0.14,98.2,0.9,281,2026-10-02 05:10:00,PT5M,0.0,0.0,0.0,0.0,0.0
0,0,0,0,23,0.14,98.2,0.8,282,2026-10-02 05:15:00,PT5M,0.0,0.0,0.0,0.0,0.0
0,0,0,0,23,0.14,98.2,0.8,282,2026-10-02 05:20:00,PT5M,0.0,0.0,0.0,0.0,0.0
0,0,0,0,23,0.14,98.2,0.8,283,2026-10-02 05:25:00,PT5M,0.0,0.0,0.0,0.0,0.0
0,0,0,0,23,0.14,98.2,0.8,284,2026-10-02 05:30:00,PT5M,0.0,0.0,0.0,0.0,0.0
0,0,0,0,23,0.14,97.9,0.8,284,2026-10-02 05:35:00,PT5M,0.0,0.0,0.0,0.0,0.0
0,0,0,0,23,0.14,97.2,0.8,283,2026-10-02 05:40:00,PT5M,0.0,0.0,0.0,0.0,0.0
0,0,0,0,24,0.14,96.6,0.8,283,2026-10-02 05:45:00,PT5M,0.0,0.0,0.0,0.0,0.0
0,0,0,0,24,0.14,96.0,0.8,282,2026-10-02 05:50:00,PT5M,0.0,0.0,0.0,0.0,0.0
0,0,0,0,24,0.14,95.4,0.8,281,2026-10-02 05:55:00,PT5M,0.0,0.0,0.0,0.0,0.0
3,3,0,3,24,0.14,94.7,0.8,281,2026-10-02 06:00:00,PT5M,0.0,0.0,0.0,0.0,0.0
9,9,0,9,24,0.14,94.1,0.8,280,2026-10-02 06:05:00,PT5M,0.597,1.062,0.8417,0.3523,0.132
17,17,0,17,24,0.14,93.5,0.8,280,2026-10-02 06:10:00,PT5M,1.657,2.827,2.2728,1.0412,0.487
26,26,0,26,24,0.14,92.9,0.8,279,2026-10-02 06:15:00,PT5M,2.825,4.8445,3.8879,1.7621,0.8055
36,36,0,36,24,0.14,92.3,0.8,279,2026-10-02 06:20:00,PT5M,4.093,7.2585,5.759,2.427,0.9275
48,48,1,47,24,0.14,91.7,0.8,278,2026-10-02 06:25:00,PT5M,5.539,10.05,7.9132,3.1648,1.028
60,60,27,56,25,0.14,91.1,0.8,277,2026-10-02 06:30:00,PT5M,7.816,13.882,11.0086,4.6234,1.75
74,74,55,65,25,0.14,90.6,0.8,277,2026-10-02 06:35:00,PT5M,10.411,18.171,14.4951,6.3269,2.651
89,89,83,73,25,0.14,90.0,0.8,276,2026-10-02 06:40:00,PT5M,13.294,22.817,18.306,8.282,3.771
105,104,111,81,25,0.14,89.5,0.8,276,2026-10-02 06:45:00,PT5M,16.492,27.798,22.4424,10.5416,5.186
122,121,139,89,25,0.14,88.9,0.8,275,2026-10-02 06:50:00,PT5M,19.946,33.0625,26.8493,13.0427,6.8295
139,138,167,96,25,0.14,88.4,0.8,275,2026-10-02 06:55:00,PT5M,23.609,38.606,31.502,15.716,8.612
157,155,191,103,25,0.14,87.9,0.8,274,2026-10-02 07:00:00,PT5M,27.335,44.3185,36.2735,18.3965,10.3515
174,172,211,111,25,0.14,87.4,0.7,274,2026-10-02 07:05:00,PT5M,31.003,50.0475,41.0263,20.9797,11.9585
191,189,229,118,26,0.14,86.9,0.7,273,2026-10-02 07:10:00,PT5M,34.77,55.908,45.8951,23.6449,13.632
208,206,246,125,26,0.14,86.3,0.7,272,2026-10-02 07:15:00,PT5M,38.621,61.8775,50.8611,26.3809,15.3645
226,223,263,131,26,0.14,85.8,0.7,272,2026-10-02 07:20:00,PT5M,42.51,67.9435,55.8958,29.1242,17.0765
244,241,278,138,26,0.14,85.3,0.7,271,2026-10-02 07:25:00,PT5M,46.44,74.009,60.9498,31.9302,18.871
262,259,293,144,26,0.14,84.8,0.7,270,2026-10-02 07:30:00,PT5M,50.41,80.122,66.0476,34.7724,20.698
279,276,307,150,26,0.14,84.3,0.7,270,2026-10-02 07:35:00,PT5M,54.35,86.27,71.1497,37.5503,22.43
297,294,319,156,26,0.14,83.8,0.7,269,2026-10-02 07:40:00,PT5M,58.307,92.5765,76.3433,40.2707,24.0375
315,311,332,162,26,0.14,83.2,0.7,268,2026-10-02 07:45:00,PT5M,60.633,95.679,79.078,42.188,25.587
332,329,343,168,26,0.14,82.7,0.7,268,2026-10-02 07:50:00,PT5M,62.831,98.5645,81.6378,44.0242,27.0975
350,346,355,173,27,0.14,82.2,0.7,267,2026-10-02 07:55:00,PT5M,64.936,100.0,84.0778,45.7942,28.566
367,363,366,178,27,0.14,81.7,0.7,266,2026-10-02 08:00:00,PT5M,66.94,100.0,86.3865,47.4935,29.991
385,381,376,183,27,0.14,81.1,0.7,266,2026-10-02 08:05:00,PT5M,68.802,100.0,88.5183,49.0857,31.3405
402,398,386,188,27,0.14,80.6,0.7,265,2026-10-02 08:10:00,PT5M,70.574,100.0,90.5195,50.6285,32.677
419,415,396,193,27,0.14,80.1,0.7,264,2026-10-02 08:15:00,PT5M,72.215,100.0,92.3455,52.0845,33.9665
437,432,405,198,27,0.14,79.6,0.7,264,2026-10-02 08:20:00,PT5M,73.718,100.0,93.9806,53.4554,35.2185
453,448,413,202,27,0.14,79.1,0.7,263,2026-10-02 08:25:00,PT5M,75.1,100.0,95.4502,54.7498,36.434
470,465,422,207,27,0.14,78.6,0.7,262,2026-10-02 08:30:00,PT5M,76.402,100.0,96.818,55.986,37.611
486,481,429,211,28,0.14,78.1,0.7,261,2026-10-02 08:35:00,PT5M,77.635,100.0,98.0976,57.1724,38.7555
502,497,437,215,28,0.14,77.6,0.7,261,2026-10-02 08:40:00,PT5M,78.806,100.0,99.2967,58.3153,39.873
518,513,444,219,28,0.14,77.1,0.7,260,2026-10-02 08:45:00,PT5M,79.914,100.0,100.0,59.4057,40.9475
534,528,451,223,28,0.14,76.6,0.7,259,2026-10-02 08:50:00,PT5M,80.974,100.0,100.0,60.4591,41.995
550,544,458,226,28,0.14,76.2,0.7,258,2026-10-02 08:55:00,PT5M,81.988,100.0,100.0,61.477,43.0165
565,559,465,230,28,0.14,75.7,0.7,257,2026-10-02 09:00:00,PT5M,82.968,100.0,100.0,62.4436,43.971
581,575,474,232,28,0.14,75.2,0.7,257,2026-10-02 09:05:00,PT5M,84.041,100.0,100.0,63.5524,45.112
596,590,482,234,28,0.14,74.7,0.7,256,2026-10-02 09:10:00,PT5M,85.088,100.0,100.0,64.7878,46.517
612,605,491,236,28,0.14,74.3,0.7,255,2026-10-02 09:15:00,PT5M,86.092,100.0,100.0,65.9789,47.8765
627,620,499,238,29,0.14,73.8,0.6,254,2026-10-02 09:20:00,PT5M,87.054,100.0,100.0,67.1267,49.1915
642,635,507,239,29,0.14,73.3,0.6,253,2026-10-02 09:25:00,PT5M,87.977,100.0,100.0,68.2336,50.464
656,649,516,241,29,0.14,72.9,0.6,252,2026-10-02 09:30:00,PT5M,88.862,100.0,100.0,69.301,51.6955
668,661,518,244,29,0.14,72.4,0.6,251,2026-10-02 09:35:00,PT5M,89.368,100.0,100.0,69.936,52.4465
677,670,515,249,29,0.14,72.0,0.6,250,2026-10-02 09:40:00,PT5M,89.506,100.0,100.0,70.1466,52.7225
686,679,511,255,29,0.14,71.5,0.6,250,2026-10-02 09:45:00,PT5M,89.577,100.0,100.0,70.2813,52.9145
694,687,507,261,29,0.14,71.1,0.6,249,2026-10-02 09:50:00,PT5M,89.619,100.0,100.0,70.3804,53.065
701,694,502,266,29,0.14,70.6,0.6,248,2026-10-02 09:55:00,PT5M,89.645,100.0,100.0,70.4566,53.1865
708,701,498,272,29,0.14,70.2,0.6,248,2026-10-02 10:00:00,PT5M,89.65,100.0,100.0,70.504,53.272
715,707,493,278,30,0.14,69.8,0.7,247,2026-10-02 10:05:00,PT5M,89.625,100.0,100.0,70.5143,53.314
720,713,487,283,30,0.14,69.3,0.7,246,2026-10-02 10:10:00,PT5M,89.571,100.0,100.0,70.4887,53.314
726,719,482,289,30,0.14,68.9,0.7,246,2026-10-02 10:15:00,PT5M,89.5,100.0,100.0,70.44,53.2855
730,723,476,295,30,0.14,68.5,0.7,245,2026-10-02 10:20:00,PT5M,89.412,100.0,100.0,70.3689,53.2295
735,728,470,300,30,0.14,68.1,0.7,244,2026-10-02 10:25:00,PT5M,89.308,100.0,100.0,70.2765,53.1475
739,732,464,306,30,0.14,67.6,0.7,244,2026-10-02 10:30:00,PT5M,89.192,100.0,100.0,70.1676,53.045
745,738,464,309,30,0.14,67.2,0.7,243,2026-10-02 10:35:00,PT5M,89.364,100.0,100.0,70.3906,53.314
753,746,468,310,30,0.14,66.9,0.7,243,2026-10-02 10:40:00,PT5M,89.814,100.0,100.0,70.9372,53.9475
761,754,472,311,31,0.14,66.5,0.7,243,2026-10-02 10:45:00,PT5M,90.233,100.0,100.0,71.4483,54.5415
768,761,476,311,31,0.14,66.1,0.6,242,2026-10-02 10:50:00,PT5M,90.621,100.0,100.0,71.9226,55.0935
775,768,480,312,31,0.14,65.7,0.6,242,2026-10-02 10:55:00,PT5M,90.965,100.0,100.0,72.3385,55.574
782,775,483,312,31,0.14,65.4,0.6,242,2026-10-02 11:00:00,PT5M,91.286,100.0,100.0,72.7295,56.028
788,781,487,312,31,0.14,65.0,0.6,241,2026-10-02 11:05:00,PT5M,91.599,100.0,100.0,73.1198,56.488
794,786,490,313,31,0.14,64.6,0.6,241,2026-10-02 11:10:00,PT5M,91.888,100.0,100.0,73.4836,56.919
799,791,494,312,31,0.14,64.3,0.6,240,2026-10-02 11:15:00,PT5M,92.14,100.0,100.0,73.7982,57.29
804,796,497,312,31,0.14,63.9,0.6,240,2026-10-02 11:20:00,PT5M,92.364,100.0,100.0,74.0793,57.6225
808,801,500,312,31,0.14,63.5,0.6,240,2026-10-02 11:25:00,PT5M,92.562,100.0,100.0,74.3294,57.9195
812,804,503,311,32,0.14,63.2,0.6,239,2026-10-02 11:30:00,PT5M,92.735,100.0,100.0,74.5503,58.1835
813,805,501,313,32,0.14,63.2,0.6,238,2026-10-02 11:35:00,PT5M,92.623,100.0,100.0,74.4412,58.077
810,802,493,318,32,0.14,63.5,0.6,237,2026-10-02 11:40:00,PT5M,92.227,100.0,100.0,74.0026,57.6
807,799,485,322,31,0.14,63.8,0.7,236,2026-10-02 11:45:00,PT5M,91.806,100.0,100.0,73.5337,57.088
803,796,477,326,31,0.14,64.2,0.7,235,2026-10-02 11:50:00,PT5M,91.358,100.0,100.0,73.0328,56.5395
799,792,469,329,31,0.14,64.5,0.7,234,2026-10-02 11:55:00,PT5M,90.883,100.0,100.0,72.4994,55.9535
794,787,461,333,31,0.14,64.8,0.7,234,2026-10-02 12:00:00,PT5M,90.479,100.0,100.0,72.0317,55.4285
789,782,452,336,31,0.14,65.2,0.8,233,2026-10-02 12:05:00,PT5M,90.061,100.0,100.0,71.5445,54.879
783,776,444,340,31,0.14,65.5,0.8,232,2026-10-02 12:10:00,PT5M,89.608,100.0,100.0,71.017,54.2845
777,770,435,343,31,0.14,65.9,0.8,231,2026-10-02 12:15:00,PT5M,89.126,100.0,100.0,70.4558,53.652
770,764,426,347,31,0.14,66.2,0.8,231,2026-10-02 12:20:00,PT5M,88.613,100.0,100.0,69.8591,52.98
763,757,417,350,31,0.14,66.6,0.9,230,2026-10-02 12:25:00,PT5M,88.07,100.0,100.0,69.2285,52.2705
756,750,408,352,31,0.14,66.9,0.9,230,2026-10-02 12:30:00,PT5M,87.499,100.0,100.0,68.5667,51.527
748,742,398,355,31,0.14,67.3,0.9,229,2026-10-02 12:35:00,PT5M,86.838,100.0,100.0,67.7902,50.6465
738,732,387,358,30,0.14,67.6,0.9,229,2026-10-02 12:40:00,PT5M,86.089,100.0,100.0,66.9019,49.633
729,723,376,361,30,0.14,68.0,1.0,229,2026-10-02 12:45:00,PT5M,85.296,100.0,100.0,65.9618,48.5605
719,713,366,363,30,0.14,68.3,1.0,229,2026-10-02 12:50:00,PT5M,84.463,100.0,100.0,64.9767,47.4385
708,703,355,365,30,0.14,68.7,1.0,229,2026-10-02 12:55:00,PT5M,83.572,100.0,100.0,63.9392,46.269
698,693,345,366,30,0.14,69.1,1.0,229,2026-10-02 13:00:00,PT5M,82.715,100.0,100.0,62.9435,45.1485
687,682,334,368,30,0.14,69.4,1.0,229,2026-10-02 13:05:00,PT5M,81.796,100.0,100.0,61.8726,43.941
676,671,324,368,30,0.14,69.8,1.0,229,2026-10-02 13:10:00,PT5M,80.842,100.0,100.0,60.7639,42.693
665,660,315,369,30,0.14,70.2,1.0,229,2026-10-02 13:15:00,PT5M,79.849,100.0,100.0,59.6141,41.402
653,649,305,369,30,0.14,70.5,1.0,229,2026-10-02 13:20:00,PT5M,78.82,100.0,99.2128,58.4272,40.073
641,637,295,368,30,0.14,70.9,1.0,229,2026-10-02 13:25:00,PT5M,77.758,100.0,98.3092,57.2068,38.71
629,625,285,368,29,0.14,71.3,1.1,229,2026-10-02 13:30:00,PT5M,76.663,100.0,97.3724,55.9536,37.3145
616,612,274,367,29,0.14,71.7,1.1,229,2026-10-02 13:35:00,PT5M,75.358,100.0,96.2342,54.4818,35.6925
600,597,260,367,29,0.14,72.1,1.1,228,2026-10-02 13:40:00,PT5M,73.836,100.0,94.8875,52.7845,33.8375
585,582,246,367,29,0.14,72.5,1.1,228,2026-10-02 13:45:00,PT5M,72.276,100.0,93.5022,51.0498,31.9455
570,567,233,365,29,0.14,72.9,1.2,227,2026-10-02 13:50:00,PT5M,70.677,100.0,92.0777,49.2763,30.015
555,552,220,364,29,0.14,73.4,1.2,227,2026-10-02 13:55:00,PT5M,69.039,100.0,90.6134,47.4646,28.047
539,537,207,362,29,0.14,73.8,1.2,227,2026-10-02 14:00:00,PT5M,67.347,100.0,89.0953,45.5987,26.0245
524,521,195,359,29,0.14,74.2,1.3,226,2026-10-02 14:05:00,PT5M,65.644,100.0,87.5652,43.7228,23.993
508,506,183,356,29,0.14,74.6,1.3,226,2026-10-02 14:10:00,PT5M,63.919,100.0,86.0113,41.8267,21.943
493,491,171,352,29,0.14,75.1,1.3,226,2026-10-02 14:15:00,PT5M,62.121,100.0,84.3846,39.8574,19.8195
477,475,160,348,29,0.14,75.5,1.3,226,2026-10-02 14:20:00,PT5M,60.289,100.0,82.7221,37.8559,17.6655
461,460,148,344,28,0.14,76.0,1.4,225,2026-10-02 14:25:00,PT5M,58.426,100.0,81.0264,35.8256,15.4845
446,445,137,339,28,0.14,76.4,1.4,225,2026-10-02 14:30:00,PT5M,56.535,99.8105,79.3112,33.7588,13.2595
432,431,129,333,28,0.14,76.8,1.4,225,2026-10-02 14:35:00,PT5M,54.851,98.433,77.7885,31.9135,11.269
419,418,122,328,28,0.14,77.2,1.4,225,2026-10-02 14:40:00,PT5M,53.372,97.2315,76.4556,30.2884,9.5125
406,406,116,321,28,0.14,77.7,1.5,225,2026-10-02 14:45:00,PT5M,51.863,95.997,75.091,28.635,7.729
394,393,109,315,28,0.14,78.1,1.5,225,2026-10-02 14:50:00,PT5M,50.325,94.6775,73.668,26.982,5.9725
381,380,103,308,28,0.14,78.5,1.5,225,2026-10-02 14:55:00,PT5M,49.017,93.3395,72.3442,25.6898,4.6945
369,368,98,301,28,0.14,78.9,1.5,225,2026-10-02 15:00:00,PT5M,47.503,91.767,70.7995,24.2065,3.239
356,355,91,295,28,0.14,79.3,1.6,225,2026-10-02 15:05:00,PT5M,45.875,89.9545,69.0744,22.6756,1.7955
343,342,83,288,28,0.14,79.8,1.6,225,2026-10-02 15:10:00,PT5M,44.125,88.0,67.2167,21.0333,0.25
330,329,75,282,28,0.14,80.2,1.6,225,2026-10-02 15:15:00,PT5M,42.322,85.9575,65.2877,19.3563,0.0
316,316,67,275,27,0.14,80.6,1.6,225,2026-10-02 15:20:00,PT5M,40.468,83.8235,63.2863,17.6497,0.0
303,303,60,267,27,0.14,81.1,1.7,225,2026-10-02 15:25:00,PT5M,38.568,81.5965,61.2142,15.9218,0.0
290,290,52,260,27,0.14,81.5,1.7,225,2026-10-02 15:30:00,PT5M,36.623,79.269,59.0679,14.1781,0.0
276,277,43,252,27,0.14,81.9,1.7,225,2026-10-02 15:35:00,PT5M,34.536,76.727,56.7414,12.3306,0.0
262,263,34,244,27,0.14,82.4,1.7,225,2026-10-02 15:40:00,PT5M,32.353,73.9735,54.2582,10.4478,0.0
248,249,24,236,27,0.14,82.8,1.7,225,2026-10-02 15:45:00,PT5M,30.482,71.4335,52.0351,8.9289,0.0
235,235,15,227,27,0.14,83.3,1.8,224,2026-10-02 15:50:00,PT5M,28.242,68.429,49.3927,7.0913,0.0
221,222,6,219,27,0.14,83.7,1.8,224,2026-10-02 15:55:00,PT5M,25.985,65.3205,46.6876,5.2824,0.0
208,208,0,208,27,0.14,84.2,1.8,224,2026-10-02 16:00:00,PT5M,23.988,62.395,44.2019,3.7741,0.0
195,195,0,195,27,0.14,84.6,1.8,224,2026-10-02 16:05:00,PT5M,22.49,59.975,42.2186,2.7614,0.0
182,183,0,183,27,0.14,85.1,1.8,224,2026-10-02 16:10:00,PT5M,21.032,57.616,40.2864,1.7776,0.0
170,170,0,170,26,0.14,85.5,1.8,223,2026-10-02 16:15:00,PT5M,19.876,54.536,38.1178,1.6342,0.0
158,158,0,158,26,0.14,86.0,1.9,223,2026-10-02 16:20:00,PT5M,18.679,50.9875,35.6832,1.6748,0.0
146,146,0,146,26,0.14,86.5,1.9,223,2026-10-02 16:25:00,PT5M,17.409,47.443,33.2161,1.6019,0.0
134,135,0,135,26,0.14,86.9,1.9,223,2026-10-02 16:30:00,PT5M,16.113,43.8895,30.732,1.494,0.0
123,124,0,124,26,0.14,87.4,1.9,223,2026-10-02 16:35:00,PT5M,14.836,40.365,28.2721,1.3999,0.0
113,113,0,113,26,0.14,87.9,1.9,223,2026-10-02 16:40:00,PT5M,13.562,36.845,25.816,1.308,0.0
102,102,0,102,26,0.14,88.4,2.0,223,2026-10-02 16:45:00,PT5M,12.283,33.338,23.3644,1.2016,0.0
92,92,0,92,26,0.14,88.9,2.0,223,2026-10-02 16:50:00,PT5M,11.019,29.882,20.9467,1.0913,0.0
82,82,0,82,26,0.14,89.3,2.0,223,2026-10-02 16:55:00,PT5M,9.77,26.505,18.5778,0.9622,0.0
72,72,0,72,26,0.14,89.8,2.0,223,2026-10-02 17:00:00,PT5M,8.526,23.2335,16.2667,0.7853,0.0
62,62,0,62,26,0.14,90.3,2.1,223,2026-10-02 17:05:00,PT5M,7.3,20.0635,14.0175,0.5825,0.0
53,53,0,53,25,0.14,90.8,2.1,223,2026-10-02 17:10:00,PT5M,6.081,16.9365,11.7943,0.3677,0.0
44,44,0,44,25,0.14,91.3,2.1,223,2026-10-02 17:15:00,PT5M,5.014,14.0055,9.7463,0.2817,0.0
36,36,0,36,25,0.14,91.8,2.1,223,2026-10-02 17:20:00,PT5M,4.025,11.207,7.8049,0.2451,0.0
29,29,0,29,25,0.14,92.3,2.2,223,2026-10-02 17:25:00,PT5M,3.041,8.5025,5.9154,0.1666,0.0
22,22,0,22,25,0.14,92.8,2.2,223,2026-10-02 17:30:00,PT5M,2.184,6.039,4.2129,0.1551,0.0
16,16,0,16,25,0.14,93.1,2.2,223,2026-10-02 17:35:00,PT5M,1.468,3.991,2.7959,0.1401,0.0
11,11,0,11,25,0.14,93.1,2.2,223,2026-10-02 17:40:00,PT5M,0.811,2.208,1.5463,0.0757,0.0
7,7,0,7,25,0.14,93.2,2.2,224,2026-10-02 17:45:00,PT5M,0.2,0.8375,0.5355,0.0,0.0
3,3,0,3,25,0.14,93.2,2.2,224,2026-10-02 17:50:00,PT5M,0.0,0.031,0.0163,0.0,0.0
0,0,0,0,25,0.14,93.3,2.2,224,2026-10-02 17:55:00,PT5M,0.0,0.0,0.0,0.0,0.0
0,0,0,0,25,0.14,93.3,2.2,224,2026-10-02 18:00:00,PT5M,0.0,0.0,0.0,0.0,0.0
0,0,0,0,25,0.14,93.4,2.2,224,2026-10-02 18:05:00,PT5M,0.0,0.0,0.0,0.0,0.0
0,0,0,0,25,0.14,93.4,2.1,224,2026-10-02 18:10:00,PT5M,0.0,0.0,0.0,0.0,0.0
0,0,0,0,25,0.14,93.5,2.1,224,2026-10-02 18:15:00,PT5M,0.0,0.0,0.0,0.0,0.0
0,0,0,0,25,0.14,93.5,2.1,225,2026-10-02 18:20:00,PT5M,0.0,0.0,0.0,0.0,0.0
0,0,0,0,25,0.14,93.5,2.1,225,2026-10-02 18:25:00,PT5M,0.0,0.0,0.0,0.0,0.0
0,0,0,0,25,0.14,93.6,2.1,225,2026-10-02 18:30:00,PT5M,0.0,0.0,0.0,0.0,0.0
0,0,0,0,25,0.14,93.7,2.1,225,2026-10-02 18:35:00,PT5M,0.0,0.0,0.0,0.0,0.0
0,0,0,0,25,0.14,93.8,2.1,226,2026-10-02 18:40:00,PT5M,0.0,0.0,0.0,0.0,0.0
0,0,0,0,25,0.14,93.8,2.1,226,2026-10-02 18:45:00,PT5M,0.0,0.0,0.0,0.0,0.0
0,0,0,0,25,0.14,93.9,2.1,227,2026-10-02 18:50:00,PT5M,0.0,0.0,0.0,0.0,0.0
0,0,0,0,25,0.14,94.0,2.1,227,2026-10-02 18:55:00,PT5M,0.0,0.0,0.0,0.0,0.0
0,0,0,0,25,0.14,94.1,2.1,228,2026-10-02 19:00:00,PT5M,0.0,0.0,0.0,0.0,0.0
0,0,0,0,25,0.14,94.2,2.1,228,2026-10-02 19:05:00,PT5M,0.0,0.0,0.0,0.0,0.0
0,0,0,0,25,0.14,94.3,2.1,229,2026-10-02 19:10:00,PT5M,0.0,0.0,0.0,0.0,0.0
0,0,0,0,25,0.14,94.4,2.1,229,2026-10-02 19:15:00,PT5M,0.0,0.0,0.0,0.0,0.0
0,0,0,0,25,0.14,94.5,2.1,230,2026-10-02 19:20:00,PT5M,0.0,0.0,0.0,0.0,0.0
0,0,0,0,24,0.14,94.6,2.1,230,2026-10-02 19:25:00,PT5M,0.0,0.0,0.0,0.0,0.0
0,0,0,0,24,0.14,94.7,2.1,231,2026-10-02 19:30:00,PT5M,0.0,0.0,0.0,0.0,0.0
0,0,0,0,24,0.14,94.8,2.1,231,2026-10-02 19:35:00,PT5M,0.0,0.0,0.0,0.0,0.0
0,0,0,0,24,0.14,94.8,2.0,232,2026-10-02 19:40:00,PT5M,0.0,0.0,0.0,0.0,0.0
0,0,0,0,24,0.14,94.9,2.0,232,2026-10-02 19:45:00,PT5M,0.0,0.0,0.0,0.0,0.0
0,0,0,0,24,0.14,94.9,2.0,233,2026-10-02 19:50:00,PT5M,0.0,0.0,0.0,0.0,0.0
0,0,0,0,24,0.14,94.9,2.0,233,2026-10-02 19:55:00,PT5M,0.0,0.0,0.0,0.0,0.0
0,0,0,0,24,0.14,95.0,2.0,234,2026-10-02 20:00:00,PT5M,0.0,0.0,0.0,0.0,0.0
0,0,0,0,24,0.14,95.0,2.0,235,2026-10-02 20:05:00,PT5M,0.0,0.0,0.0,0.0,0.0
0,0,0,0,24,0.14,95.1,1.9,235,2026-10-02 20:10:00,PT5M,0.0,0.0,0.0,0.0,0.0
0,0,0,0,24,0.14,95.1,1.9,236,2026-10-02 20:15:00,PT5M,0.0,0.0,0.0,0.0,0.0
0,0,0,0,24,0.14,95.2,1.9,236,2026-10-02 20:20:00,PT5M,0.0,0.0,0.0,0.0,0.0
0,0,0,0,24,0.14,95.2,1.9,237,2026-10-02 20:25:00,PT5M,0.0,0.0,0.0,0.0,0.0
0,0,0,0,24,0.14,95.3,1.9,238,2026-10-02 20:30:00,PT5M,0.0,0.0,0.0,0.0,0.0
0,0,0,0,24,0.14,95.3,1.9,238,2026-10-02 20:35:00,PT5M,0.0,0.0,0.0,0.0,0.0
0,0,0,0,24,0.14,95.3,1.9,238,2026-10-02 20:40:00,PT5M,0.0,0.0,0.0,0.0,0.0
0,0,0,0,24,0.14,95.3,1.9,239,2026-10-02 20:45:00,PT5M,0.0,0.0,0.0,0.0,0.0
0,0,0,0,24,0.14,95.3,1.9,239,2026-10-02 20:50:00,PT5M,0.0,0.0,0.0,0.0,0.0
0,0,0,0,24,0.14,95.3,1.9,239,2026-10-02 20:55:00,PT5M,0.0,0.0,0.0,0.0,0.0
0,0,0,0,24,0.14,95.3,1.9,239,2026-10-02 21:00:00,PT5M,0.0,0.0,0.0,0.0,0.0
0,0,0,0,24,0.14,95.3,1.9,239,2026-10-02 21:05:00,PT5M,0.0,0.0,0.0,0.0,0.0
0,0,0,0,24,0.14,95.3,1.9,240,2026-10-02 21:10:00,PT5M,0.0,0.0,0.0,0.0,0.0
0,0,0,0,24,0.14,95.3,1.9,240,2026-10-02 21:15:00,PT5M,0.0,0.0,0.0,0.0,0.0
0,0,0,0,24,0.14,95.3,1.8,240,2026-10-02 21:20:00,PT5M,0.0,0.0,0.0,0.0,0.0
0,0,0,0,24,0.14,95.3,1.8,240,2026-10-02 21:25:00,PT5M,0.0,0.0,0.0,0.0,0.0
0,0,0,0,24,0.14,95.3,1.8,241,2026-10-02 21:30:00,PT5M,0.0,0.0,0.0,0.0,0.0
0,0,0,0,24,0.14,95.3,1.8,241,2026-10-02 21:35:00,PT5M,0.0,0.0,0.0,0.0,0.0
0,0,0,0,24,0.14,95.4,1.8,242,2026-10-02 21:40:00,PT5M,0.0,0.0,0.0,0.0,0.0
0,0,0,0,24,0.14,95.4,1.8,243,2026-10-02 21:45:00,PT5M,0.0,0.0,0.0,0.0,0.0
0,0,0,0,24,0.14,95.5,1.8,243,2026-10-02 21:50:00,PT5M,0.0,0.0,0.0,0.0,0.0
0,0,0,0,24,0.14,95.5,1.8,244,2026-10-02 21:55:00,PT5M,0.0,0.0,0.0,0.0,0.0
0,0,0,0,24,0.14,95.6,1.8,245,2026-10-02 22:00:00,PT5M,0.0,0.0,0.0,0.0,0.0
0,0,0,0,24,0.14,95.6,1.8,246,2026-10-02 22:05:00,PT5M,0.0,0.0,0.0,0.0,0.0
0,0,0,0,24,0.14,95.6,1.8,247,2026-10-02 22:10:00,PT5M,0.0,0.0,0.0,0.0,0.0
0,0,0,0,24,0.14,95.7,1.8,248,2026-10-02 22:15:00,PT5M,0.0,0.0,0.0,0.0,0.0
0,0,0,0,24,0.14,95.7,1.8,248,2026-10-02 22:20:00,PT5M,0.0,0.0,0.0,0.0,0.0
0,0,0,0,24,0.14,95.8,1.8,249,2026-10-02 22:25:00,PT5M,0.0,0.0,0.0,0.0,0.0
0,0,0,0,24,0.14,95.8,1.8,250,2026-10-02 22:30:00,PT5M,0.0,0.0,0.0,0.0,0.0
0,0,0,0,24,0.14,95.9,1.8,251,2026-10-02 22:35:00,PT5M,0.0,0.0,0.0,0.0,0.0
0,0,0,0,24,0.14,95.9,1.8,251,2026-10-02 22:40:00,PT5M,0.0,0.0,0.0,0.0,0.0
0,0,0,0,24,0.14,96.0,1.8,251,2026-10-02 22:45:00,PT5M,0.0,0.0,0.0,0.0,0.0
0,0,0,0,24,0.14,96.0,1.8,251,2026-10-02 22:50:00,PT5M,0.0,0.0,0.0,0.0,0.0
0,0,0,0,24,0.14,96.1,1.8,252,2026-10-02 22:55:00,PT5M,0.0,0.0,0.0,0.0,0.0
0,0,0,0,24,0.14,96.1,1.8,252,2026-10-02 23:00:00,PT5M,0.0,0.0,0.0,0.0,0.0
0,0,0,0,23,0.14,96.2,1.8,252,2026-10-02 23:05:00,PT5M,0.0,0.0,0.0,0.0,0.0
0,0,0,0,23,0.14,96.2,1.8,252,2026-10-02 23:10:00,PT5M,0.0,0.0,0.0,0.0,0.0
0,0,0,0,23,0.14,96.3,1.8,253,2026-10-02 23:15:00,PT5M,0.0,0.0,0.0,0.0,0.0
0,0,0,0,23,0.14,96.3,1.8,253,2026-10-02 23:20:00,PT5M,0.0,0.0,0.0,0.0,0.0
0,0,0,0,23,0.14,96.4,1.8,253,2026-10-02 23:25:00,PT5M,0.0,0.0,0.0,0.0,0.0
0,0,0,0,23,0.14,96.4,1.8,253,2026-10-02 23:30:00,PT5M,0.0,0.0,0.0,0.0,0.0
0,0,0,0,23,0.14,96.4,1.8,254,2026-10-02 23:35:00,PT5M,0.0,0.0,0.0,0.0,0.0
0,0,0,0,23,0.14,96.4,1.8,254,2026-10-02 23:40:00,PT5M,0.0,0.0,0.0,0.0,0.0
0,0,0,0,23,0.14,96.4,1.8,254,2026-10-02 23:45:00,PT5M,0.0,0.0,0.0,0.0,0.0
0,0,0,0,23,0.14,96.4,1.8,255,2026-10-02 23:50:00,PT5M,0.0,0.0,0.0,0.0,0.0
0,0,0,0,23,0.14,96.4,1.8,255,2026-10-02 23:55:00,PT5M,0.0,0.0,0.0,0.0,0.0
0,0,0,0,23,0.14,96.4,1.8,255,2026-10-03 00:00:00,PT5M,0.0,0.0,0.0,0.0,0.0
0,0,0,0,23,0.14,96.4,1.8,255,2026-10-03 00:05:00,PT5M,0.0,0.0,0.0,0.0,0.0
0,0,0,0,23,0.14,96.4,1.8,256,2026-10-03 00:10:00,PT5M,0.0,0.0,0.0,0.0,0.0
0,0,0,0,23,0.14,96.4,1.8,256,2026-10-03 00:15:00,PT5M,0.0,0.0,0.0,0.0,0.0
0,0,0,0,23,0.14,96.4,1.8,256,2026-10-03 00:20:00,PT5M,0.0,0.0,0.0,0.0,0.0
0,0,0,0,23,0.14,96.4,1.7,256,2026-10-03 00:25:00,PT5M,0.0,0.0,0.0,0.0,0.0
0,0,0,0,23,0.14,96.4,1.7,257,2026-10-03 00:30:00,PT5M,0.0,0.0,0.0,0.0,0.0
0,0,0,0,23,0.14,96.5,1.7,257,2026-10-03 00:35:00,PT5M,0.0,0.0,0.0,0.0,0.0
0,0,0,0,23,0.14,96.5,1.7,257,2026-10-03 00:40:00,PT5M,0.0,0.0,0.0,0.0,0.0
0,0,0,0,23,0.14,96.6,1.7,257,2026-10-03 00:45:00,PT5M,0.0,0.0,0.0,0.0,0.0
0,0,0,0,23,0.14,96.6,1.7,258,2026-10-03 00:50:00,PT5M,0.0,0.0,0.0,0.0,0.0
0,0,0,0,23,0.14,96.7,1.7,258,2026-10-03 00:55:00,PT5M,0.0,0.0,0.0,0.0,0.0
0,0,0,0,23,0.14,96.7,1.7,258,2026-10-03 01:00:00,PT5M,0.0,0.0,0.0,0.0,0.0
0,0,0,0,23,0.14,96.7,1.7,259,2026-10-03 01:05:00,PT5M,0.0,0.0,0.0,0.0,0.0
0,0,0,0,23,0.14,96.8,1.7,259,2026-10-03 01:10:00,PT5M,0.0,0.0,0.0,0.0,0.0
0,0,0,0,23,0.14,96.8,1.7,259,2026-10-03 01:15:00,PT5M,0.0,0.0,0.0,0.0,0.0
0,0,0,0,23,0.14,96.9,1.7,259,2026-10-03 01:20:00,PT5M,0.0,0.0,0.0,0.0,0.0
0,0,0,0,23,0.14,96.9,1.7,260,2026-10-03 01:25:00,PT5M,0.0,0.0,0.0,0.0,0.0
0,0,0,0,23,0.14,97.0,1.7,260,2026-10-03 01:30:00,PT5M,0.0,0.0,0.0,0.0,0.0
0,0,0,0,23,0.14,97.0,1.7,260,2026-10-03 01:35:00,PT5M,0.0,0.0,0.0,0.0,0.0
0,0,0,0,23,0.14,96.9,1.7,260,2026-10-03 01:40:00,PT5M,0.0,0.0,0.0,0.0,0.0
0,0,0,0,23,0.14,96.9,1.7,261,2026-10-03 01:45:00,PT5M,0.0,0.0,0.0,0.0,0.0
0,0,0,0,23,0.14,96.8,1.7,261,2026-10-03 01:50:00,PT5M,0.0,0.0,0.0,0.0,0.0
0,0,0,0,23,0.14,96.8,1.7,261,2026-10-03 01:55:00,PT5M,0.0,0.0,0.0,0.0,0.0
0,0,0,0,23,0.14,96.7,1.7,261,2026-10-03 02:00:00,PT5M,0.0,0.0,0.0,0.0,0.0
0,0,0,0,23,0.14,96.7,1.7,262,2026-10-03 02:05:00,PT5M,0.0,0.0,0.0,0.0,0.0
0,0,0,0,23,0.14,96.7,1.7,262,2026-10-03 02:10:00,PT5M,0.0,0.0,0.0,0.0,0.0
0,0,0,0,23,0.14,96.6,1.7,262,2026-10-03 02:15:00,PT5M,0.0,0.0,0.0,0.0,0.0
0,0,0,0,23,0.14,96.6,1.7,263,2026-10-03 02:20:00,PT5M,0.0,0.0,0.0,0.0,0.0
0,0,0,0,23,0.14,96.5,1.7,263,2026-10-03 02:25:00,PT5M,0.0,0.0,0.0,0.0,0.0
0,0,0,0,23,0.14,96.5,1.7,263,2026-10-03 02:30:00,PT5M,0.0,0.0,0.0,0.0,0.0
0,0,0,0,23,0.14,96.5,1.7,263,2026-10-03 02:35:00,PT5M,0.0,0.0,0.0,0.0,0.0
0,0,0,0,23,0.14,96.5,1.7,264,2026-10-03 02:40:00,PT5M,0.0,0.0,0.0,0.0,0.0
0,0,0,0,23,0.14,96.6,1.7,264,2026-10-03 02:45:00,PT5M,0.0,0.0,0.0,0.0,0.0
0,0,0,0,23,0.14,96.6,1.7,264,2026-10-03 02:50:00,PT5M,0.0,0.0,0.0,0.0,0.0
0,0,0,0,23,0.14,96.6,1.7,264,2026-10-03 02:55:00,PT5M,0.0,0.0,0.0,0.0,0.0
0,0,0,0,23,0.14,96.7,1.7,265,2026-10-03 03:00:00,PT5M,0.0,0.0,0.0,0.0,0.0
0,0,0,0,23,0.14,96.7,1.7,265,2026-10-03 03:05:00,PT5M,0.0,0.0,0.0,0.0,0.0
0,0,0,0,23,0.14,96.8,1.6,265,2026-10-03 03:10:00,PT5M,0.0,0.0,0.0,0.0,0.0
0,0,0,0,23,0.14,96.8,1.6,265,2026-10-03 03:15:00,PT5M,0.0,0.0,0.0,0.0,0.0
0,0,0,0,23,0.14,96.9,1.6,266,2026-10-03 03:20:00,PT5M,0.0,0.0,0.0,0.0,0.0
0,0,0,0,23,0.14,96.9,1.6,266,2026-10-03 03:25:00,PT5M,0.0,0.0,0.0,0.0,0.0
0,0,0,0,23,0.14,97.0,1.6,266,2026-10-03 03:30:00,PT5M,0.0,0.0,0.0,0.0,0.0
0,0,0,0,23,0.14,97.0,1.6,267,2026-10-03 03:35:00,PT5M,0.0,0.0,0.0,0.0,0.0
0,0,0,0,23,0.14,97.0,1.6,267,2026-10-03 03:40:00,PT5M,0.0,0.0,0.0,0.0,0.0
0,0,0,0,23,0.14,97.0,1.6,268,2026-10-03 03:45:00,PT5M,0.0,0.0,0.0,0.0,0.0
0,0,0,0,23,0.14,97.0,1.6,269,2026-10-03 03:50:00,PT5M,0.0,0.0,0.0,0.0,0.0
0,0,0,0,23,0.14,97.0,1.6,269,2026-10-03 03:55:00,PT5M,0.0,0.0,0.0,0.0,0.0
0,0,0,0,23,0.14,97.0,1.6,270,2026-10-03 04:00:00,PT5M,0.0,0.0,0.0,0.0,0.0
0,0,0,0,23,0.14,97.0,1.6,270,2026-10-03 04:05:00,PT5M,0.0,0.0,0.0,0.0,0.0
0,0,0,0,23,0.14,97.0,1.6,271,2026-10-03 04:10:00,PT5M,0.0,0.0,0.0,0.0,0.0
0,0,0,0,23,0.14,97.0,1.6,271,2026-10-03 04:15:00,PT5M,0.0,0.0,0.0,0.0,0.0
0,0,0,0,23,0.14,97.0,1.6,272,2026-10-03 04:20:00,PT5M,0.0,0.0,0.0,0.0,0.0
0,0,0,0,23,0.14,97.0,1.6,273,2026-10-03 04:25:00,PT5M,0.0,0.0,0.0,0.0,0.0
0,0,0,0,23,0.14,97.0,1.6,273,2026-10-03 04:30:00,PT5M,0.0,0.0,0.0,0.0,0.0
0,0,0,0,23,0.14,97.0,1.6,274,2026-10-03 04:35:00,PT5M,0.0,0.0,0.0,0.0,0.0
0,0,0,0,23,0.14,97.1,1.6,274,2026-10-03 04:40:00,PT5M,0.0,0.0,0.0,0.0,0.0
0,0,0,0,23,0.14,97.1,1.6,274,2026-10-03 04:45:00,PT5M,0.0,0.0,0.0,0.0,0.0
0,0,0,0,23,0.14,97.2,1.6,275,2026-10-03 04:50:00,PT5M,0.0,0.0,0.0,0.0,0.0
0,0,0,0,23,0.14,97.2,1.6,275,2026-10-03 04:55:00,PT5M,0.0,0.0,0.0,0.0,0.0
0,0,0,0,23,0.14,97.3,1.6,275,2026-10-03 05:00:00,PT5M,0.0,0.0,0.0,0.0,0.0
0,0,0,0,23,0.14,97.3,1.6,276,2026-10-03 05:05:00,PT5M,0.0,0.0,0.0,0.0,0.0
0,0,0,0,23,0.14,97.4,1.5,276,2026-10-03 05:10:00,PT5M,0.0,0.0,0.0,0.0,0.0
0,0,0,0,23,0.14,97.4,1.5,276,2026-10-03 05:15:00,PT5M,0.0,0.0,0.0,0.0,0.0
0,0,0,0,23,0.14,97.5,1.5,277,2026-10-03 05:20:00,PT5M,0.0,0.0,0.0,0.0,0.0
0,0,0,0,23,0.14,97.5,1.5,277,2026-10-03 05:25:00,PT5M,0.0,0.0,0.0,0.0,0.0
0,0,0,0,23,0.14,97.6,1.5,277,2026-10-03 05:30:00,PT5M,0.0,0.0,0.0,0.0,0.0
0,0,0,0,23,0.14,97.3,1.5,278,2026-10-03 05:35:00,PT5M,0.0,0.0,0.0,0.0,0.0
0,0,0,0,23,0.14,96.7,1.5,277,2026-10-03 05:40:00,PT5M,0.0,0.0,0.0,0.0,0.0
0,0,0,0,23,0.14,96.0,1.4,277,2026-10-03 05:45:00,PT5M,0.0,0.0,0.0,0.0,0.0
0,0,0,0,23,0.14,95.4,1.4,277,2026-10-03 05:50:00,PT5M,0.0,0.0,0.0,0.0,0.0
0,0,0,0,24,0.14,94.8,1.4,277,2026-10-03 05:55:00,PT5M,0.0,0.0,0.0,0.0,0.0
3,3,0,3,24,0.14,94.2,1.3,277,2026-10-03 06:00:00,PT5M,0.0,0.0,0.0,0.0,0.0
9,9,0,9,24,0.14,93.5,1.3,276,2026-10-03 06:05:00,PT5M,0.558,1.0325,0.8077,0.3083,0.0835
17,17,0,17,24,0.14,92.9,1.3,276,2026-10-03 06:10:00,PT5M,1.573,2.722,2.1777,0.9683,0.424
25,25,0,25,24,0.14,92.3,1.2,276,2026-10-03 06:15:00,PT5M,2.69,4.6565,3.725,1.655,0.7235
35,35,0,35,24,0.14,91.7,1.2,276,2026-10-03 06:20:00,PT5M,3.905,6.9745,5.5205,2.2895,0.8355
46,46,0,46,24,0.14,91.1,1.2,276,2026-10-03 06:25:00,PT5M,5.277,9.6495,7.5783,2.9757,0.9045
58,58,7,57,24,0.14,90.6,1.1,275,2026-10-03 06:30:00,PT5M,7.053,12.929,10.1456,3.9604,1.177
71,71,32,66,25,0.14,90.0,1.1,275,2026-10-03 06:35:00,PT5M,9.458,16.973,13.4132,5.5028,1.943
86,85,59,75,25,0.14,89.4,1.0,276,2026-10-03 06:40:00,PT5M,12.132,21.352,16.9846,7.2794,2.912
101,101,85,83,25,0.14,88.8,1.0,276,2026-10-03 06:45:00,PT5M,15.161,26.105,20.9209,9.4011,4.217
118,117,112,91,25,0.14,88.2,1.0,276,2026-10-03 06:50:00,PT5M,18.445,31.1415,25.1273,11.7627,5.7485
135,133,139,99,25,0.14,87.7,0.9,276,2026-10-03 06:55:00,PT5M,21.922,36.4435,29.5648,14.2792,7.4005
152,150,162,106,25,0.14,87.1,0.9,277,2026-10-03 07:00:00,PT5M,25.51,41.963,34.1693,16.8507,9.057
169,167,182,114,25,0.14,86.5,0.8,277,2026-10-03 07:05:00,PT5M,29.12,47.5905,38.8412,19.3988,10.6495
186,184,201,121,25,0.14,86.0,0.8,277,2026-10-03 07:10:00,PT5M,32.852,53.3905,43.6616,22.0424,12.3135
203,201,220,128,25,0.14,85.4,0.8,278,2026-10-03 07:15:00,PT5M,36.692,59.3245,48.6036,24.7804,14.0595
221,219,238,135,25,0.14,84.9,0.7,278,2026-10-03 07:20:00,PT5M,40.594,65.3825,53.6404,27.5476,15.8055
239,236,255,142,26,0.14,84.3,0.7,279,2026-10-03 07:25:00,PT5M,44.563,71.4655,58.722,30.404,17.6605
257,254,272,148,26,0.14,83.8,0.6,279,2026-10-03 07:30:00,PT5M,48.595,77.621,63.8716,33.3184,19.569
275,272,288,154,26,0.14,83.3,0.6,280,2026-10-03 07:35:00,PT5M,52.689,83.8755,69.1027,36.2753,21.5025
294,290,304,159,26,0.14,82.7,0.5,281,2026-10-03 07:40:00,PT5M,56.889,90.3535,74.5016,39.2764,23.4245
312,308,320,164,26,0.14,82.2,0.5,281,2026-10-03 07:45:00,PT5M,59.549,93.735,77.5413,41.5567,25.363
331,327,336,169,26,0.14,81.7,0.5,282,2026-10-03 07:50:00,PT5M,62.122,96.975,80.4654,43.7786,27.269
349,345,351,174,26,0.14,81.2,0.4,284,2026-10-03 07:55:00,PT5M,64.602,100.0,83.2664,45.9376,29.139
368,363,366,178,26,0.14,80.6,0.4,285,2026-10-03 08:00:00,PT5M,66.98,100.0,85.9323,48.0277,30.97
387,382,380,182,27,0.14,80.1,0.3,287,2026-10-03 08:05:00,PT5M,69.185,100.0,88.3813,49.9887,32.7115
405,400,394,186,27,0.14,79.6,0.3,289,2026-10-03 08:10:00,PT5M,71.271,100.0,90.662,51.88,34.4275
423,418,407,190,27,0.14,79.1,0.3,292,2026-10-03 08:15:00,PT5M,73.224,100.0,92.7653,53.6827,36.095
442,436,420,194,27,0.14,78.6,0.2,296,2026-10-03 08:20:00,PT5M,75.036,100.0,94.6749,55.3971,37.7215
460,454,433,197,27,0.14,78.1,0.2,302,2026-10-03 08:25:00,PT5M,76.719,100.0,96.4147,57.0233,39.2965
478,472,445,200,27,0.14,77.6,0.2,310,2026-10-03 08:30:00,PT5M,78.319,100.0,98.0489,58.5891,40.8315
495,489,455,203,27,0.14,77.1,0.1,322,2026-10-03 08:35:00,PT5M,79.684,100.0,99.4355,59.9325,42.1555
512,506,463,207,27,0.14,76.6,0.1,339,2026-10-03 08:40:00,PT5M,80.827,100.0,100.0,61.0626,43.274
528,522,470,211,27,0.14,76.2,0.1,2,2026-10-03 08:45:00,PT5M,81.909,100.0,100.0,62.1404,44.348
544,538,477,214,28,0.14,75.7,0.1,25,2026-10-03 08:50:00,PT5M,82.943,100.0,100.0,63.1804,45.3935
560,553,484,217,28,0.14,75.2,0.1,41,2026-10-03 08:55:00,PT5M,83.93,100.0,100.0,64.1824,46.409
575,568,491,220,28,0.14,74.7,0.2,52,2026-10-03 09:00:00,PT5M,84.883,100.0,100.0,65.1317,47.355
591,584,500,223,28,0.14,74.3,0.2,60,2026-10-03 09:05:00,PT5M,85.912,100.0,100.0,66.2402,48.535
607,600,508,225,28,0.14,73.8,0.2,65,2026-10-03 09:10:00,PT5M,86.898,100.0,100.0,67.4194,49.888
622,615,516,227,28,0.14,73.3,0.3,69,2026-10-03 09:15:00,PT5M,87.845,100.0,100.0,68.5572,51.1975
637,630,524,229,28,0.14,72.9,0.3,71,2026-10-03 09:20:00,PT5M,88.753,100.0,100.0,69.6533,52.463
652,645,532,231,28,0.14,72.4,0.4,73,2026-10-03 09:25:00,PT5M,89.624,100.0,100.0,70.7096,53.686
667,659,539,232,28,0.14,72.0,0.4,75,2026-10-03 09:30:00,PT5M,90.461,100.0,100.0,71.7289,54.8695
680,672,543,235,29,0.14,71.5,0.4,77,2026-10-03 09:35:00,PT5M,91.08,100.0,100.0,72.4916,55.7615
691,683,544,239,29,0.14,71.1,0.5,79,2026-10-03 09:40:00,PT5M,91.439,100.0,100.0,72.9535,56.316
701,693,544,243,29,0.14,70.6,0.5,81,2026-10-03 09:45:00,PT5M,91.729,100.0,100.0,73.3375,56.7845
711,703,543,247,29,0.14,70.2,0.6,83,2026-10-03 09:50:00,PT5M,91.985,100.0,100.0,73.68,57.205
721,712,542,251,29,0.14,69.7,0.6,84,2026-10-03 09:55:00,PT5M,92.221,100.0,100.0,73.9963,57.5935
730,721,541,255,29,0.14,69.3,0.6,85,2026-10-03 10:00:00,PT5M,92.434,100.0,100.0,74.2809,57.9425
738,730,540,259,29,0.14,68.9,0.7,86,2026-10-03 10:05:00,PT5M,92.637,100.0,100.0,74.5499,58.271
746,738,539,262,29,0.14,68.4,0.7,87,2026-10-03 10:10:00,PT5M,92.829,100.0,100.0,74.8025,58.578
754,746,538,266,30,0.14,68.0,0.8,88,2026-10-03 10:15:00,PT5M,92.997,100.0,100.0,75.0247,58.849
761,753,537,269,30,0.14,67.6,0.8,89,2026-10-03 10:20:00,PT5M,93.143,100.0,100.0,75.2191,59.087
768,760,536,273,30,0.14,67.2,0.8,89,2026-10-03 10:25:00,PT5M,93.269,100.0,100.0,75.388,59.2945
775,766,535,276,30,0.14,66.8,0.9,90,2026-10-03 10:30:00,PT5M,93.378,100.0,100.0,75.5349,59.4755
780,771,532,279,30,0.14,66.4,0.9,90,2026-10-03 10:35:00,PT5M,93.45,100.0,100.0,75.65,59.6295
784,776,529,283,30,0.14,65.9,1.0,90,2026-10-03 10:40:00,PT5M,93.398,100.0,100.0,75.6462,59.669
788,780,525,287,30,0.14,65.5,1.0,90,2026-10-03 10:45:00,PT5M,93.324,100.0,100.0,75.614,59.6745
792,783,521,291,30,0.14,65.1,1.0,90,2026-10-03 10:50:00,PT5M,93.225,100.0,100.0,75.549,59.64
795,786,517,295,30,0.14,64.7,1.1,90,2026-10-03 10:55:00,PT5M,93.089,100.0,100.0,75.4293,59.535
797,789,513,299,31,0.14,64.3,1.1,90,2026-10-03 11:00:00,PT5M,92.938,100.0,100.0,75.2933,59.4125
799,791,508,302,31,0.14,63.9,1.2,90,2026-10-03 11:05:00,PT5M,92.775,100.0,100.0,75.1511,59.289
800,792,503,306,31,0.14,63.5,1.2,90,2026-10-03 11:10:00,PT5M,92.586,100.0,100.0,74.9776,59.1295
801,793,498,310,31,0.14,63.2,1.3,90,2026-10-03 11:15:00,PT5M,92.364,100.0,100.0,74.7577,58.9115
801,793,493,314,31,0.14,62.8,1.3,90,2026-10-03 11:20:00,PT5M,92.12,100.0,100.0,74.509,58.6585
801,793,488,317,31,0.14,62.4,1.3,90,2026-10-03 11:25:00,PT5M,91.853,100.0,100.0,74.2314,58.3715
801,793,483,320,31,0.14,62.0,1.4,90,2026-10-03 11:30:00,PT5M,91.563,100.0,100.0,73.9259,58.052
799,791,476,324,31,0.14,62.0,1.4,90,2026-10-03 11:35:00,PT5M,91.222,100.0,100.0,73.5452,57.6355
796,788,469,328,31,0.14,62.4,1.3,90,2026-10-03 11:40:00,PT5M,90.828,100.0,100.0,73.0864,57.1185
793,785,461,332,31,0.14,62.8,1.3,90,2026-10-03 11:45:00,PT5M,90.408,100.0,100.0,72.5962,56.565
789,782,453,336,31,0.14,63.2,1.3,90,2026-10-03 11:50:00,PT5M,89.961,100.0,100.0,72.0737,55.9745
785,778,445,339,31,0.14,63.6,1.2,90,2026-10-03 11:55:00,PT5M,89.486,100.0,100.0,71.5173,55.345
780,773,437,343,31,0.14,64.0,1.2,90,2026-10-03 12:00:00,PT5M,89.089,100.0,100.0,71.034,54.784
775,768,429,346,31,0.14,64.4,1.1,90,2026-10-03 12:05:00,PT5M,88.67,100.0,100.0,70.5224,54.189
769,762,420,349,31,0.14,64.8,1.1,90,2026-10-03 12:10:00,PT5M,88.213,100.0,100.0,69.9675,53.546
763,756,412,353,31,0.14,65.2,1.0,90,2026-10-03 12:15:00,PT5M,87.727,100.0,100.0,69.3791,52.8655
757,750,403,356,30,0.14,65.6,1.0,90,2026-10-03 12:20:00,PT5M,87.209,100.0,100.0,68.754,52.144
749,743,394,358,30,0.14,66.0,1.0,90,2026-10-03 12:25:00,PT5M,86.661,100.0,100.0,68.0953,51.3855
742,736,385,361,30,0.14,66.4,0.9,90,2026-10-03 12:30:00,PT5M,86.083,100.0,100.0,67.403,50.5905
734,728,376,363,30,0.14,66.8,0.9,90,2026-10-03 12:35:00,PT5M,85.415,100.0,100.0,66.6069,49.679
725,719,365,366,30,0.14,67.2,0.8,89,2026-10-03 12:40:00,PT5M,84.656,100.0,100.0,65.7055,48.6495
715,709,355,368,30,0.14,67.6,0.8,89,2026-10-03 12:45:00,PT5M,83.828,100.0,100.0,64.7265,47.5345
705,700,344,370,30,0.14,68.0,0.8,88,2026-10-03 12:50:00,PT5M,82.974,100.0,100.0,63.7172,46.3855
695,690,334,372,30,0.14,68.4,0.7,87,2026-10-03 12:55:00,PT5M,82.112,100.0,100.0,62.7065,45.241
684,679,324,373,30,0.14,68.8,0.7,86,2026-10-03 13:00:00,PT5M,81.243,100.0,100.0,61.6949,44.101
674,669,314,374,30,0.14,69.2,0.6,85,2026-10-03 13:05:00,PT5M,80.313,100.0,100.0,60.6096,42.876
663,658,304,374,30,0.14,69.6,0.6,84,2026-10-03 13:10:00,PT5M,79.35,100.0,99.2118,59.4882,41.612
652,647,295,374,30,0.14,70.0,0.6,83,2026-10-03 13:15:00,PT5M,78.348,100.0,98.37,58.326,40.3055
640,636,285,374,29,0.14,70.4,0.5,81,2026-10-03 13:20:00,PT5M,77.311,100.0,97.4946,57.1274,38.9615
629,624,276,374,29,0.14,70.8,0.5,79,2026-10-03 13:25:00,PT5M,76.239,100.0,96.5845,55.8935,37.582
617,613,267,373,29,0.14,71.2,0.4,77,2026-10-03 13:30:00,PT5M,75.137,100.0,95.6443,54.6297,36.1725
605,601,257,371,29,0.14,71.6,0.4,75,2026-10-03 13:35:00,PT5M,74.002,100.0,94.6711,53.3329,34.73
592,589,248,370,29,0.14,72.1,0.4,73,2026-10-03 13:40:00,PT5M,72.831,100.0,93.6625,51.9995,33.2505
580,577,239,368,29,0.14,72.5,0.3,71,2026-10-03 13:45:00,PT5M,71.625,100.0,92.6191,50.6309,31.7355
567,564,230,365,29,0.14,72.9,0.3,69,2026-10-03 13:50:00,PT5M,70.381,100.0,91.538,49.224,30.182
555,552,222,363,29,0.14,73.3,0.2,65,2026-10-03 13:55:00,PT5M,69.1,100.0,90.4202,47.7798,28.591
542,539,213,360,29,0.14,73.8,0.2,60,2026-10-03 14:00:00,PT5M,67.765,100.0,89.2491,46.2809,26.9445
529,526,204,357,29,0.14,74.2,0.2,52,2026-10-03 14:05:00,PT5M,66.408,100.0,88.0566,44.7594,25.275
515,513,195,353,29,0.14,74.6,0.1,41,2026-10-03 14:10:00,PT5M,65.014,100.0,86.8265,43.2015,23.5695
502,499,186,349,29,0.14,75.1,0.1,25,2026-10-03 14:15:00,PT5M,63.543,100.0,85.5205,41.5655,21.785
488,486,177,345,28,0.14,75.5,0.1,2,2026-10-03 14:20:00,PT5M,62.038,100.0,84.1792,39.8968,19.969
474,472,169,341,28,0.14,75.9,0.1,339,2026-10-03 14:25:00,PT5M,60.498,100.0,82.8021,38.1939,18.1195
461,459,160,336,28,0.14,76.4,0.1,322,2026-10-03 14:30:00,PT5M,58.924,100.0,81.3934,36.4546,16.2315
447,446,152,331,28,0.14,76.8,0.2,312,2026-10-03 14:35:00,PT5M,57.435,100.0,80.0625,34.8075,14.442
435,433,146,325,28,0.14,77.3,0.2,307,2026-10-03 14:40:00,PT5M,56.034,99.2995,78.8049,33.2631,12.7685
422,421,140,319,28,0.14,77.7,0.2,303,2026-10-03 14:45:00,PT5M,54.597,98.1335,77.5106,31.6834,11.0605
409,408,133,313,28,0.14,78.2,0.3,301,2026-10-03 14:50:00,PT5M,53.126,96.636,76.0256,30.2264,9.616
397,396,127,307,28,0.14,78.7,0.3,299,2026-10-03 14:55:00,PT5M,51.685,95.0815,74.5249,28.8451,8.2885
384,383,122,300,28,0.14,79.1,0.3,297,2026-10-03 15:00:00,PT5M,50.226,93.5375,73.0212,27.4308,6.9145
372,370,115,294,28,0.14,79.6,0.4,296,2026-10-03 15:05:00,PT5M,48.66,91.8265,71.3788,25.9412,5.4935
358,357,107,288,28,0.14,80.1,0.4,295,2026-10-03 15:10:00,PT5M,47.207,90.159,69.8129,24.6011,4.255
345,344,100,281,28,0.14,80.5,0.4,294,2026-10-03 15:15:00,PT5M,45.471,88.1695,67.9435,22.9985,2.7725
332,331,92,275,27,0.14,81.0,0.5,293,2026-10-03 15:20:00,PT5M,43.678,86.083,65.9961,21.3599,1.273
319,318,84,268,27,0.14,81.5,0.5,293,2026-10-03 15:25:00,PT5M,41.832,83.8955,63.9703,19.6937,0.0
305,305,76,261,27,0.14,82.0,0.5,292,2026-10-03 15:30:00,PT5M,39.932,81.5985,61.8614,18.0026,0.0
292,291,68,253,27,0.14,82.4,0.6,291,2026-10-03 15:35:00,PT5M,37.988,79.173,59.664,16.312,0.0
278,278,60,245,27,0.14,82.9,0.6,291,2026-10-03 15:40:00,PT5M,36.026,76.609,57.3851,14.6669,0.0
265,265,52,237,27,0.14,83.4,0.6,290,2026-10-03 15:45:00,PT5M,34.011,73.895,55.0022,13.0198,0.0
251,251,43,229,27,0.14,83.9,0.7,290,2026-10-03 15:50:00,PT5M,31.945,71.0365,52.5191,11.3709,0.0
238,238,35,221,27,0.14,84.4,0.7,289,2026-10-03 15:55:00,PT5M,29.831,68.0465,49.9441,9.7179,0.0
224,225,26,212,27,0.14,84.9,0.8,289,2026-10-03 16:00:00,PT5M,27.999,65.2635,47.6116,8.3864,0.0
211,212,18,203,27,0.14,85.4,0.8,288,2026-10-03 16:05:00,PT5M,25.884,62.1925,44.9934,6.7746,0.0
198,199,11,194,27,0.14,85.9,0.9,288,2026-10-03 16:10:00,PT5M,23.826,59.151,42.4178,5.2342,0.0
186,186,4,185,26,0.14,86.4,0.9,288,2026-10-03 16:15:00,PT5M,22.068,55.2945,39.5553,4.5807,0.0
173,174,0,174,26,0.14,86.9,0.9,287,2026-10-03 16:20:00,PT5M,20.499,51.404,36.7645,4.2335,0.0
161,161,0,161,26,0.14,87.5,1.0,287,2026-10-03 16:25:00,PT5M,19.189,47.8125,34.2538,4.1242,0.0
149,149,0,149,26,0.14,88.0,1.0,287,2026-10-03 16:30:00,PT5M,17.837,44.204,31.7141,3.9599,0.0
136,137,0,137,26,0.14,88.5,1.1,286,2026-10-03 16:35:00,PT5M,16.422,40.5675,29.1299,3.7141,0.0
124,124,0,124,26,0.14,89.0,1.1,286,2026-10-03 16:40:00,PT5M,14.94,36.8875,26.4911,3.3889,0.0
112,112,0,112,26,0.14,89.6,1.1,285,2026-10-03 16:45:00,PT5M,13.465,33.236,23.8706,3.0594,0.0
100,100,0,100,26,0.14,90.1,1.2,285,2026-10-03 16:50:00,PT5M,12.017,29.653,21.299,2.735,0.0
88,89,0,89,26,0.14,90.6,1.2,284,2026-10-03 16:55:00,PT5M,10.59,26.1635,18.7864,2.3936,0.0
77,77,0,77,26,0.14,91.2,1.3,284,2026-10-03 17:00:00,PT5M,9.19,22.8065,16.3565,2.0235,0.0
66,66,0,66,26,0.14,91.7,1.3,283,2026-10-03 17:05:00,PT5M,7.807,19.5495,13.9872,1.6268,0.0
56,56,0,56,26,0.14,92.3,1.3,283,2026-10-03 17:10:00,PT5M,6.468,16.382,11.6858,1.2502,0.0
46,46,0,46,25,0.14,92.8,1.4,282,2026-10-03 17:15:00,PT5M,5.3,13.4425,9.5855,1.0145,0.0
38,38,0,38,25,0.14,93.4,1.4,282,2026-10-03 17:20:00,PT5M,4.216,10.627,7.5902,0.8418,0.0
30,30,0,30,25,0.14,93.9,1.5,282,2026-10-03 17:25:00,PT5M,3.155,7.993,5.7013,0.6087,0.0
23,23,0,23,25,0.14,94.5,1.5,281,2026-10-03 17:30:00,PT5M,2.254,5.686,4.0603,0.4477,0.0
16,16,0,16,25,0.14,94.5,1.5,280,2026-10-03 17:35:00,PT5M,1.476,3.694,2.6433,0.3087,0.0
11,11,0,11,25,0.14,94.1,1.5,278,2026-10-03 17:40:00,PT5M,0.763,2.003,1.4156,0.1104,0.0
6,6,0,6,25,0.14,93.7,1.5,276,2026-10-03 17:45:00,PT5M,0.128,0.674,0.4154,0.0,0.0
2,2,0,2,25,0.14,93.2,1.5,274,2026-10-03 17:50:00,PT5M,0.0,0.0,0.0,0.0,0.0
0,0,0,0,25,0.14,92.8,1.5,271,2026-10-03 17:55:00,PT5M,0.0,0.0,0.0,0.0,0.0
0,0,0,0,25,0.14,92.4,1.5,269,2026-10-03 18:00:00,PT5M,0.0,0.0,0.0,0.0,0.0
0,0,0,0,25,0.14,91.9,1.6,267,2026-10-03 18:05:00,PT5M,0.0,0.0,0.0,0.0,0.0
0,0,0,0,25,0.14,91.5,1.6,265,2026-10-03 18:10:00,PT5M,0.0,0.0,0.0,0.0,0.0
0,0,0,0,25,0.14,91.1,1.6,263,2026-10-03 18:15:00,PT5M,0.0,0.0,0.0,0.0,0.0
0,0,0,0,25,0.14,90.7,1.6,261,2026-10-03 18:20:00,PT5M,0.0,0.0,0.0,0.0,0.0
0,0,0,0,25,0.14,90.2,1.6,259,2026-10-03 18:25:00,PT5M,0.0,0.0,0.0,0.0,0.0
0,0,0,0,26,0.14,89.8,1.6,257,2026-10-03 18:30:00,PT5M,0.0,0.0,0.0,0.0,0.0
0,0,0,0,26,0.14,89.4,1.7,255,2026-10-03 18:35:00,PT5M,0.0,0.0,0.0,0.0,0.0
0,0,0,0,26,0.14,89.0,1.7,253,2026-10-03 18:40:00,PT5M,0.0,0.0,0.0,0.0,0.0
0,0,0,0,26,0.14,88.6,1.7,251,2026-10-03 18:45:00,PT5M,0.0,0.0,0.0,0.0,0.0
0,0,0,0,26,0.14,88.2,1.7,250,2026-10-03 18:50:00,PT5M,0.0,0.0,0.0,0.0,0.0
0,0,0,0,26,0.14,87.8,1.8,248,2026-10-03 18:55:00,PT5M,0.0,0.0,0.0,0.0,0.0
0,0,0,0,26,0.14,87.3,1.8,246,2026-10-03 19:00:00,PT5M,0.0,0.0,0.0,0.0,0.0
0,0,0,0,26,0.14,86.9,1.8,245,2026-10-03 19:05:00,PT5M,0.0,0.0,0.0,0.0,0.0
0,0,0,0,26,0.14,86.5,1.9,243,2026-10-03 19:10:00,PT5M,0.0,0.0,0.0,0.0,0.0
0,0,0,0,26,0.14,86.1,1.9,242,2026-10-03 19:15:00,PT5M,0.0,0.0,0.0,0.0,0.0
0,0,0,0,26,0.14,85.7,1.9,240,2026-10-03 19:20:00,PT5M,0.0,0.0,0.0,0.0,0.0
0,0,0,0,26,0.14,85.3,2.0,239,2026-10-03 19:25:00,PT5M,0.0,0.0,0.0,0.0,0.0
0,0,0,0,26,0.14,84.9,2.0,238,2026-10-03 19:30:00,PT5M,0.0,0.0,0.0,0.0,0.0
0,0,0,0,26,0.14,84.5,2.0,236,2026-10-03 19:35:00,PT5M,0.0,0.0,0.0,0.0,0.0
0,0,0,0,26,0.14,84.1,2.1,235,2026-10-03 19:40:00,PT5M,0.0,0.0,0.0,0.0,0.0
0,0,0,0,26,0.14,83.8,2.1,234,2026-10-03 19:45:00,PT5M,0.0,0.0,0.0,0.0,0.0
0,0,0,0,26,0.14,83.4,2.2,233,2026-10-03 19:50:00,PT5M,0.0,0.0,0.0,0.0,0.0
0,0,0,0,26,0.14,83.0,2.2,232,2026-10-03 19:55:00,PT5M,0.0,0.0,0.0,0.0,0.0
0,0,0,0,26,0.14,82.6,2.3,231,2026-10-03 20:00:00,PT5M,0.0,0.0,0.0,0.0,0.0
0,0,0,0,26,0.14,82.2,2.3,230,2026-10-03 20:05:00,PT5M,0.0,0.0,0.0,0.0,0.0
0,0,0,0,26,0.14,81.8,2.3,229,2026-10-03 20:10:00,PT5M,0.0,0.0,0.0,0.0,0.0
0,0,0,0,26,0.14,81.4,2.4,228,2026-10-03 20:15:00,PT5M,0.0,0.0,0.0,0.0,0.0
0,0,0,0,26,0.14,81.1,2.4,227,2026-10-03 20:20:00,PT5M,0.0,0.0,0.0,0.0,0.0
0,0,0,0,26,0.14,80.7,2.5,226,2026-10-03 20:25:00,PT5M,0.0,0.0,0.0,0.0,0.0
0,0,0,0,26,0.14,80.3,2.5,225,2026-10-03 20:30:00,PT5M,0.0,0.0,0.0,0.0,0.0
0,0,0,0,26,0.14,80.2,2.5,225,2026-10-03 20:35:00,PT5M,0.0,0.0,0.0,0.0,0.0
0,0,0,0,26,0.14,80.5,2.5,226,2026-10-03 20:40:00,PT5M,0.0,0.0,0.0,0.0,0.0
0,0,0,0,26,0.14,80.8,2.5,226,2026-10-03 20:45:00,PT5M,0.0,0.0,0.0,0.0,0.0
0,0,0,0,26,0.14,81.0,2.5,227,2026-10-03 20:50:00,PT5M,0.0,0.0,0.0,0.0,0.0
0,0,0,0,26,0.14,81.3,2.5,227,2026-10-03 20:55:00,PT5M,0.0,0.0,0.0,0.0,0.0
0,0,0,0,26,0.14,81.6,2.5,228,2026-10-03 21:00:00,PT5M,0.0,0.0,0.0,0.0,0.0
0,0,0,0,26,0.14,81.9,2.4,228,2026-10-03 21:05:00,PT5M,0.0,0.0,0.0,0.0,0.0
0,0,0,0,26,0.14,82.1,2.4,228,2026-10-03 21:10:00,PT5M,0.0,0.0,0.0,0.0,0.0
0,0,0,0,26,0.14,82.4,2.4,229,2026-10-03 21:15:00,PT5M,0.0,0.0,0.0,0.0,0.0
0,0,0,0,26,0.14,82.7,2.4,229,2026-10-03 21:20:00,PT5M,0.0,0.0,0.0,0.0,0.0
0,0,0,0,26,0.14,82.9,2.4,230,2026-10-03 21:25:00,PT5M,0.0,0.0,0.0,0.0,0.0
0,0,0,0,26,0.14,83.2,2.4,230,2026-10-03 21:30:00,PT5M,0.0,0.0,0.0,0.0,0.0
0,0,0,0,26,0.14,83.5,2.4,231,2026-10-03 21:35:00,PT5M,0.0,0.0,0.0,0.0,0.0
0,0,0,0,26,0.14,83.8,2.3,231,2026-10-03 21:40:00,PT5M,0.0,0.0,0.0,0.0,0.0
0,0,0,0,26,0.14,84.0,2.3,232,2026-10-03 21:45:00,PT5M,0.0,0.0,0.0,0.0,0.0
0,0,0,0,25,0.14,84.3,2.3,233,2026-10-03 21:50:00,PT5M,0.0,0.0,0.0,0.0,0.0
0,0,0,0,25,0.14,84.6,2.3,233,2026-10-03 21:55:00,PT5M,0.0,0.0,0.0,0.0,0.0
0,0,0,0,25,0.14,84.9,2.3,234,2026-10-03 22:00:00,PT5M,0.0,0.0,0.0,0.0,0.0
0,0,0,0,25,0.14,85.2,2.3,234,2026-10-03 22:05:00,PT5M,0.0,0.0,0.0,0.0,0.0
0,0,0,0,25,0.14,85.4,2.3,235,2026-10-03 22:10:00,PT5M,0.0,0.0,0.0,0.0,0.0
0,0,0,0,25,0.14,85.7,2.3,235,2026-10-03 22:15:00,PT5M,0.0,0.0,0.0,0.0,0.0
0,0,0,0,25,0.14,86.0,2.2,236,2026-10-03 22:20:00,PT5M,0.0,0.0,0.0,0.0,0.0
0,0,0,0,25,0.14,86.3,2.2,236,2026-10-03 22:25:00,PT5M,0.0,0.0,0.0,0.0,0.0
0,0,0,0,25,0.14,86.6,2.2,237,2026-10-03 22:30:00,PT5M,0.0,0.0,0.0,0.0,0.0
0,0,0,0,25,0.14,86.9,2.2,238,2026-10-03 22:35:00,PT5M,0.0,0.0,0.0,0.0,0.0
0,0,0,0,25,0.14,87.2,2.2,238,2026-10-03 22:40:00,PT5M,0.0,0.0,0.0,0.0,0.0
0,0,0,0,25,0.14,87.5,2.2,239,2026-10-03 22:45:00,PT5M,0.0,0.0,0.0,0.0,0.0
0,0,0,0,25,0.14,87.7,2.2,239,2026-10-03 22:50:00,PT5M,0.0,0.0,0.0,0.0,0.0
0,0,0,0,25,0.14,88.0,2.2,240,2026-10-03 22:55:00,PT5M,0.0,0.0,0.0,0.0,0.0
0,0,0,0,25,0.14,88.3,2.2,241,2026-10-03 23:00:00,PT5M,0.0,0.0,0.0,0.0,0.0
0,0,0,0,25,0.14,88.6,2.2,241,2026-10-03 23:05:00,PT5M,0.0,0.0,0.0,0.0,0.0
0,0,0,0,25,0.14,88.9,2.1,242,2026-10-03 23:10:00,PT5M,0.0,0.0,0.0,0.0,0.0
0,0,0,0,25,0.14,89.2,2.1,242,2026-10-03 23:15:00,PT5M,0.0,0.0,0.0,0.0,0.0
0,0,0,0,25,0.14,89.5,2.1,243,2026-10-03 23:20:00,PT5M,0.0,0.0,0.0,0.0,0.0
0,0,0,0,25,0.14,89.8,2.1,244,2026-10-03 23:25:00,PT5M,0.0,0.0,0.0,0.0,0.0
0,0,0,0,24,0.14,90.1,2.1,244,2026-10-03 23:30:00,PT5M,0.0,0.0,0.0,0.0,0.0
0,0,0,0,24,0.14,90.3,2.1,245,2026-10-03 23:35:00,PT5M,0.0,0.0,0.0,0.0,0.0
0,0,0,0,24,0.14,90.4,2.0,245,2026-10-03 23:40:00,PT5M,0.0,0.0,0.0,0.0,0.0
0,0,0,0,24,0.14,90.4,1.9,245,2026-10-03 23:45:00,PT5M,0.0,0.0,0.0,0.0,0.0
0,0,0,0,24,0.14,90.5,1.9,246,2026-10-03 23:50:00,PT5M,0.0,0.0,0.0,0.0,0.0
0,0,0,0,24,0.14,90.5,1.8,246,2026-10-03 23:55:00,PT5M,0.0,0.0,0.0,0.0,0.0
0,0,0,0,24,0.14,90.6,1.7,246,2026-10-04 00:00:00,PT5M,0.0,0.0,0.0,0.0,0.0
0,0,0,0,24,0.14,90.7,1.7,247,2026-10-04 00:05:00,PT5M,0.0,0.0,0.0,0.0,0.0
0,0,0,0,24,0.14,90.7,1.6,247,2026-10-04 00:10:00,PT5M,0.0,0.0,0.0,0.0,0.0
0,0,0,0,24,0.14,90.8,1.5,247,2026-10-04 00:15:00,PT5M,0.0,0.0,0.0,0.0,0.0
0,0,0,0,24,0.14,90.8,1.5,248,2026-10-04 00:20:00,PT5M,0.0,0.0,0.0,0.0,0.0
0,0,0,0,24,0.14,90.9,1.4,248,2026-10-04 00:25:00,PT5M,0.0,0.0,0.0,0.0,0.0
0,0,0,0,24,0.14,91.0,1.4,249,2026-10-04 00:30:00,PT5M,0.0,0.0,0.0,0.0,0.0
0,0,0,0,24,0.14,91.0,1.3,250,2026-10-04 00:35:00,PT5M,0.0,0.0,0.0,0.0,0.0
0,0,0,0,24,0.14,91.1,1.2,250,2026-10-04 00:40:00,PT5M,0.0,0.0,0.0,0.0,0.0
0,0,0,0,24,0.14,91.1,1.2,251,2026-10-04 00:45:00,PT5M,0.0,0.0,0.0,0.0,0.0
0,0,0,0,24,0.14,91.2,1.1,252,2026-10-04 00:50:00,PT5M,0.0,0.0,0.0,0.0,0.0
0,0,0,0,24,0.14,91.3,1.0,253,2026-10-04 00:55:00,PT5M,0.0,0.0,0.0,0.0,0.0
0,0,0,0,24,0.14,91.3,1.0,254,2026-10-04 01:00:00,PT5M,0.0,0.0,0.0,0.0,0.0
0,0,0,0,24,0.14,91.4,0.9,255,2026-10-04 01:05:00,PT5M,0.0,0.0,0.0,0.0,0.0
0,0,0,0,24,0.14,91.5,0.8,257,2026-10-04 01:10:00,PT5M,0.0,0.0,0.0,0.0,0.0
0,0,0,0,24,0.14,91.5,0.8,258,2026-10-04 01:15:00,PT5M,0.0,0.0,0.0,0.0,0.0
0,0,0,0,24,0.14,91.6,0.7,260,2026-10-04 01:20:00,PT5M,0.0,0.0,0.0,0.0,0.0
0,0,0,0,24,0.14,91.6,0.7,262,2026-10-04 01:25:00,PT5M,0.0,0.0,0.0,0.0,0.0
0,0,0,0,24,0.14,91.7,0.6,265,2026-10-04 01:30:00,PT5M,0.0,0.0,0.0,0.0,0.0
0,0,0,0,24,0.14,91.8,0.5,268,2026-10-04 01:35:00,PT5M,0.0,0.0,0.0,0.0,0.0
0,0,0,0,24,0.14,91.8,0.5,272,2026-10-04 01:40:00,PT5M,0.0,0.0,0.0,0.0,0.0
0,0,0,0,24,0.14,91.9,0.4,278,2026-10-04 01:45:00,PT5M,0.0,0.0,0.0,0.0,0.0
0,0,0,0,24,0.14,91.9,0.4,284,2026-10-04 01:50:00,PT5M,0.0,0.0,0.0,0.0,0.0
0,0,0,0,24,0.14,92.0,0.3,292,2026-10-04 01:55:00,PT5M,0.0,0.0,0.0,0.0,0.0
0,0,0,0,24,0.14,92.1,0.3,302,2026-10-04 02:00:00,PT5M,0.0,0.0,0.0,0.0,0.0
0,0,0,0,24,0.14,92.1,0.3,314,2026-10-04 02:05:00,PT5M,0.0,0.0,0.0,0.0,0.0
0,0,0,0,24,0.14,92.2,0.3,328,2026-10-04 02:10:00,PT5M,0.0,0.0,0.0,0.0,0.0
0,0,0,0,24,0.14,92.3,0.3,341,2026-10-04 02:15:00,PT5M,0.0,0.0,0.0,0.0,0.0
0,0,0,0,24,0.14,92.3,0.3,353,2026-10-04 02:20:00,PT5M,0.0,0.0,0.0,0.0,0.0
0,0,0,0,24,0.14,92.4,0.3,3,2026-10-04 02:25:00,PT5M,0.0,0.0,0.0,0.0,0.0
0,0,0,0,24,0.14,92.4,0.4,11,2026-10-04 02:30:00,PT5M,0.0,0.0,0.0,0.0,0.0
0,0,0,0,24,0.14,92.5,0.4,14,2026-10-04 02:35:00,PT5M,0.0,0.0,0.0,0.0,0.0
0,0,0,0,24,0.14,92.6,0.4,14,2026-10-04 02:40:00,PT5M,0.0,0.0,0.0,0.0,0.0
0,0,0,0,24,0.14,92.6,0.3,14,2026-10-04 02:45:00,PT5M,0.0,0.0,0.0,0.0,0.0
0,0,0,0,24,0.14,92.7,0.3,14,2026-10-04 02:50:00,PT5M,0.0,0.0,0.0,0.0,0.0
0,0,0,0,24,0.14,92.7,0.3,14,2026-10-04 02:55:00,PT5M,0.0,0.0,0.0,0.0,0.0
0,0,0,0,24,0.14,92.8,0.2,14,2026-10-04 03:00:00,PT5M,0.0,0.0,0.0,0.0,0.0
0,0,0,0,24,0.14,92.9,0.2,14,2026-10-04 03:05:00,PT5M,0.0,0.0,0.0,0.0,0.0
0,0,0,0,24,0.14,92.9,0.2,14,2026-10-04 03:10:00,PT5M,0.0,0.0,0.0,0.0,0.0
0,0,0,0,24,0.14,93.0,0.1,14,2026-10-04 03:15:00,PT5M,0.0,0.0,0.0,0.0,0.0
0,0,0,0,24,0.14,93.1,0.1,14,2026-10-04 03:20:00,PT5M,0.0,0.0,0.0,0.0,0.0
0,0,0,0,24,0.14,93.1,0.1,14,2026-10-04 03:25:00,PT5M,0.0,0.0,0.0,0.0,0.0
0,0,0,0,24,0.14,93.2,0.0,14,2026-10-04 03:30:00,PT5M,0.0,0.0,0.0,0.0,0.0
0,0,0,0,24,0.14,93.2,0.0,194,2026-10-04 03:35:00,PT5M,0.0,0.0,0.0,0.0,0.0
0,0,0,0,24,0.14,93.3,0.1,194,2026-10-04 03:40:00,PT5M,0.0,0.0,0.0,0.0,0.0
0,0,0,0,24,0.14,93.4,0.1,194,2026-10-04 03:45:00,PT5M,0.0,0.0,0.0,0.0,0.0
0,0,0,0,24,0.14,93.4,0.1,194,2026-10-04 03:50:00,PT5M,0.0,0.0,0.0,0.0,0.0
0,0,0,0,24,0.14,93.5,0.2,194,2026-10-04 03:55:00,PT5M,0.0,0.0,0.0,0.0,0.0
0,0,0,0,24,0.14,93.6,0.2,194,2026-10-04 04:00:00,PT5M,0.0,0.0,0.0,0.0,0.0
0,0,0,0,24,0.14,93.6,0.2,194,2026-10-04 04:05:00,PT5M,0.0,0.0,0.0,0.0,0.0
0,0,0,0,24,0.14,93.7,0.3,194,2026-10-04 04:10:00,PT5M,0.0,0.0,0.0,0.0,0.0
0,0,0,0,24,0.14,93.7,0.3,194,2026-10-04 04:15:00,PT5M,0.0,0.0,0.0,0.0,0.0
0,0,0,0,24,0.14,93.8,0.3,194,2026-10-04 04:20:00,PT5M,0.0,0.0,0.0,0.0,0.0
0,0,0,0,24,0.14,93.9,0.4,194,2026-10-04 04:25:00,PT5M,0.0,0.0,0.0,0.0,0.0
0,0,0,0,24,0.14,93.9,0.4,194,2026-10-04 04:30:00,PT5M,0.0,0.0,0.0,0.0,0.0
0,0,0,0,24,0.14,94.0,0.4,194,2026-10-04 04:35:00,PT5M,0.0,0.0,0.0,0.0,0.0
0,0,0,0,24,0.14,94.1,0.5,194,2026-10-04 04:40:00,PT5M,0.0,0.0,0.0,0.0,0.0
0,0,0,0,24,0.14,94.1,0.5,194,2026-10-04 04:45:00,PT5M,0.0,0.0,0.0,0.0,0.0
0,0,0,0,24,0.14,94.2,0.5,194,2026-10-04 04:50:00,PT5M,0.0,0.0,0.0,0.0,0.0
0,0,0,0,24,0.14,94.2,0.6,194,2026-10-04 04:55:00,PT5M,0.0,0.0,0.0,0.0,0.0
0,0,0,0,24,0.14,94.3,0.6,194,2026-10-04 05:00:00,PT5M,0.0,0.0,0.0,0.0,0.0
0,0,0,0,24,0.14,94.4,0.6,194,2026-10-04 05:05:00,PT5M,0.0,0.0,0.0,0.0,0.0
0,0,0,0,24,0.14,94.4,0.7,194,2026-10-04 05:10:00,PT5M,0.0,0.0,0.0,0.0,0.0
0,0,0,0,24,0.14,94.5,0.7,194,2026-10-04 05:15:00,PT5M,0.0,0.0,0.0,0.0,0.0
0,0,0,0,24,0.14,94.6,0.7,194,2026-10-04 05:20:00,PT5M,0.0,0.0,0.0,0.0,0.0
0,0,0,0,24,0.14,94.6,0.8,194,2026-10-04 05:25:00,PT5M,0.0,0.0,0.0,0.0,0.0
0,0,0,0,24,0.14,94.7,0.8,194,2026-10-04 05:30:00,PT5M,0.0,0.0,0.0,0.0,0.0
0,0,0,0,24,0.14,94.4,0.8,196,2026-10-04 05:35:00,PT5M,0.0,0.0,0.0,0.0,0.0
0,0,0,0,24,0.14,93.8,0.9,198,2026-10-04 05:40:00,PT5M,0.0,0.0,0.0,0.0,0.0
0,0,0,0,24,0.14,93.3,0.9,201,2026-10-04 05:45:00,PT5M,0.0,0.0,0.0,0.0,0.0
0,0,0,0,24,0.14,92.7,0.9,204,2026-10-04 05:50:00,PT5M,0.0,0.0,0.0,0.0,0.0
0,0,0,0,24,0.14,92.1,1.0,206,2026-10-04 05:55:00,PT5M,0.0,0.0,0.0,0.0,0.0
2,2,0,2,24,0.14,91.6,1.0,208,2026-10-04 06:00:00,PT5M,0.0,0.0,0.0,0.0,0.0
7,7,0,7,25,0.14,91.0,1.0,210,2026-10-04 06:05:00,PT5M,0.285,0.77,0.5403,0.0297,0.0
13,13,0,13,25,0.14,90.4,1.1,212,2026-10-04 06:10:00,PT5M,1.091,2.2745,1.7139,0.4681,0.0
20,20,0,20,25,0.14,89.9,1.1,214,2026-10-04 06:15:00,PT5M,1.993,4.1775,3.1427,0.8433,0.0
28,28,0,28,25,0.14,89.3,1.2,215,2026-10-04 06:20:00,PT5M,2.993,6.4295,4.8017,1.1843,0.0
37,37,0,37,25,0.14,88.8,1.2,217,2026-10-04 06:25:00,PT5M,4.149,8.956,6.679,1.619,0.0
47,48,0,48,25,0.14,88.2,1.3,218,2026-10-04 06:30:00,PT5M,5.542,12.0025,8.9422,2.1418,0.0
59,59,0,59,25,0.14,87.7,1.3,219,2026-10-04 06:35:00,PT5M,6.982,15.2005,11.3075,2.6565,0.0
71,72,0,72,25,0.14,87.2,1.3,220,2026-10-04 06:40:00,PT5M,8.492,18.539,13.7798,3.2042,0.0
85,85,0,85,25,0.14,86.6,1.4,222,2026-10-04 06:45:00,PT5M,10.204,22.112,16.4713,3.9367,0.0
99,99,16,96,25,0.14,86.1,1.4,223,2026-10-04 06:50:00,PT5M,12.645,26.447,19.9091,5.3809,0.0
115,115,39,105,25,0.14,85.6,1.5,224,2026-10-04 06:55:00,PT5M,15.436,31.195,23.7301,7.1419,0.0
131,130,60,114,26,0.14,85.0,1.5,225,2026-10-04 07:00:00,PT5M,18.453,36.269,27.8297,9.0763,0.637
146,146,79,123,26,0.14,84.5,1.6,225,2026-10-04 07:05:00,PT5M,21.529,41.446,32.0115,11.0465,1.612
163,162,97,131,26,0.14,84.0,1.6,226,2026-10-04 07:10:00,PT5M,24.652,46.672,36.2413,13.0627,2.632
179,178,116,140,26,0.14,83.5,1.7,227,2026-10-04 07:15:00,PT5M,28.046,52.1805,40.7482,15.3438,3.9115
196,195,134,148,26,0.14,83.0,1.7,228,2026-10-04 07:20:00,PT5M,31.573,57.866,45.4112,17.7348,5.28
214,212,153,155,26,0.14,82.5,1.8,228,2026-10-04 07:25:00,PT5M,35.252,63.657,50.2018,20.3022,6.847
231,229,171,162,26,0.14,82.0,1.8,229,2026-10-04 07:30:00,PT5M,39.077,69.616,55.1499,23.0041,8.538
250,248,191,169,26,0.14,81.5,1.9,230,2026-10-04 07:35:00,PT5M,43.107,75.808,60.3178,25.8962,10.406
269,266,211,175,26,0.14,81.0,1.9,230,2026-10-04 07:40:00,PT5M,47.346,82.256,65.7194,28.9726,12.436
288,285,232,181,26,0.14,80.5,2.0,231,2026-10-04 07:45:00,PT5M,50.648,86.2,69.3593,31.9367,15.096
308,305,253,186,26,0.14,80.0,2.0,231,2026-10-04 07:50:00,PT5M,53.976,90.1035,72.9902,34.9618,17.8485
328,324,275,191,26,0.14,79.5,2.1,232,2026-10-04 07:55:00,PT5M,57.253,93.886,76.5332,37.9728,20.62
348,345,296,195,27,0.14,79.0,2.1,232,2026-10-04 08:00:00,PT5M,60.466,97.53,79.973,40.959,23.402
369,365,319,198,27,0.14,78.6,2.2,233,2026-10-04 08:05:00,PT5M,63.627,100.0,83.3233,43.9307,26.2035
390,386,342,200,27,0.14,78.1,2.2,233,2026-10-04 08:10:00,PT5M,66.717,100.0,86.5588,46.8752,29.017
412,407,366,202,27,0.14,77.6,2.3,234,2026-10-04 08:15:00,PT5M,69.691,100.0,89.6233,49.7587,31.819
434,428,389,203,27,0.14,77.1,2.3,234,2026-10-04 08:20:00,PT5M,72.503,100.0,92.4695,52.5365,34.566
455,450,413,204,27,0.14,76.7,2.4,234,2026-10-04 08:25:00,PT5M,75.214,100.0,95.1729,55.2551,37.2915
477,471,437,203,27,0.14,76.2,2.4,235,2026-10-04 08:30:00,PT5M,77.827,100.0,97.7467,57.9073,39.979
497,491,455,204,27,0.14,75.4,2.4,235,2026-10-04 08:35:00,PT5M,79.788,100.0,99.6761,59.8999,42.0
515,508,465,207,27,0.14,74.4,2.5,236,2026-10-04 08:40:00,PT5M,81.116,100.0,100.0,61.244,43.3585
532,525,476,210,28,0.14,73.3,2.5,236,2026-10-04 08:45:00,PT5M,82.375,100.0,100.0,62.5319,44.6725
549,541,486,212,28,0.14,72.3,2.5,237,2026-10-04 08:50:00,PT5M,83.578,100.0,100.0,63.7775,45.9565
565,558,496,215,28,0.14,71.3,2.5,237,2026-10-04 08:55:00,PT5M,84.729,100.0,100.0,64.9835,47.212
582,574,505,217,28,0.14,70.2,2.5,237,2026-10-04 09:00:00,PT5M,85.837,100.0,100.0,66.1315,48.396
599,591,516,218,28,0.14,69.2,2.6,238,2026-10-04 09:05:00,PT5M,86.999,100.0,100.0,67.4567,49.868
616,608,527,219,29,0.14,68.3,2.6,238,2026-10-04 09:10:00,PT5M,88.098,100.0,100.0,68.7986,51.4285
632,624,537,220,29,0.14,67.3,2.6,239,2026-10-04 09:15:00,PT5M,89.154,100.0,100.0,70.0972,52.9455
648,640,548,221,29,0.14,66.4,2.6,239,2026-10-04 09:20:00,PT5M,90.206,100.0,100.0,71.3918,54.4585
664,655,558,221,29,0.14,65.4,2.6,239,2026-10-04 09:25:00,PT5M,91.176,100.0,100.0,72.6037,55.888
680,671,568,222,29,0.14,64.5,2.6,240,2026-10-04 09:30:00,PT5M,92.109,100.0,100.0,73.778,57.2795
695,686,578,222,29,0.14,63.6,2.7,240,2026-10-04 09:35:00,PT5M,93.005,100.0,100.0,74.9053,58.615
710,701,588,221,30,0.14,62.7,2.7,240,2026-10-04 09:40:00,PT5M,93.867,100.0,100.0,75.9876,59.8955
725,715,597,221,30,0.14,61.8,2.7,241,2026-10-04 09:45:00,PT5M,94.651,100.0,100.0,76.9866,61.088
739,729,605,221,30,0.14,61.0,2.7,241,2026-10-04 09:50:00,PT5M,95.388,100.0,100.0,77.9346,62.226
753,743,614,221,30,0.14,60.1,2.7,242,2026-10-04 09:55:00,PT5M,96.097,100.0,100.0,78.8512,63.3295
766,756,622,220,30,0.14,59.3,2.8,242,2026-10-04 10:00:00,PT5M,96.775,100.0,100.0,79.7316,64.392
779,769,631,220,30,0.14,58.4,2.8,242,2026-10-04 10:05:00,PT5M,97.422,100.0,100.0,80.577,65.416
792,781,639,219,31,0.14,57.6,2.8,243,2026-10-04 10:10:00,PT5M,98.04,100.0,100.0,81.3897,66.404
804,794,647,218,31,0.14,56.8,2.8,243,2026-10-04 10:15:00,PT5M,98.628,100.0,100.0,82.1688,67.355
816,805,655,216,31,0.14,56.0,2.8,243,2026-10-04 10:20:00,PT5M,99.189,100.0,100.0,82.9172,68.272
828,817,663,215,31,0.14,55.2,2.9,244,2026-10-04 10:25:00,PT5M,99.723,100.0,100.0,83.6351,69.1555
839,828,671,213,31,0.14,54.5,2.9,244,2026-10-04 10:30:00,PT5M,100.0,100.0,100.0,84.0934,69.777
850,838,679,212,32,0.14,53.7,2.9,244,2026-10-04 10:35:00,PT5M,100.0,100.0,100.0,84.2713,70.115
860,848,686,210,32,0.14,53.0,2.9,244,2026-10-04 10:40:00,PT5M,100.0,100.0,100.0,84.445,70.445
870,858,694,208,32,0.14,52.2,2.9,245,2026-10-04 10:45:00,PT5M,100.0,100.0,100.0,84.6131,70.7645
879,868,702,205,32,0.14,51.5,3.0,245,2026-10-04 10:50:00,PT5M,100.0,100.0,100.0,84.7734,71.069
888,876,709,203,32,0.14,50.8,3.0,245,2026-10-04 10:55:00,PT5M,100.0,100.0,100.0,84.9131,71.3345
897,885,717,201,32,0.14,50.1,3.0,246,2026-10-04 11:00:00,PT5M,100.0,100.0,100.0,85.0542,71.6025
905,893,724,198,33,0.14,49.4,3.0,246,2026-10-04 11:05:00,PT5M,100.0,100.0,100.0,85.2045,71.888
912,900,731,195,33,0.14,48.7,3.0,246,2026-10-04 11:10:00,PT5M,100.0,100.0,100.0,85.3492,72.163
920,907,738,192,33,0.14,48.0,3.1,247,2026-10-04 11:15:00,PT5M,100.0,100.0,100.0,85.4779,72.4075
926,914,745,190,33,0.14,47.4,3.1,247,2026-10-04 11:20:00,PT5M,100.0,100.0,100.0,85.5994,72.6385
932,920,752,187,33,0.14,46.7,3.1,247,2026-10-04 11:25:00,PT5M,100.0,100.0,100.0,85.7139,72.856
938,925,759,184,34,0.14,46.1,3.1,247,2026-10-04 11:30:00,PT5M,100.0,100.0,100.0,85.8226,73.0625
937,924,751,188,34,0.14,45.9,3.1,247,2026-10-04 11:35:00,PT5M,100.0,100.0,100.0,85.795,73.01
929,917,731,200,34,0.14,46.2,3.0,245,2026-10-04 11:40:00,PT5M,100.0,100.0,100.0,85.6305,72.6975
921,909,710,211,33,0.14,46.5,3.0,244,2026-10-04 11:45:00,PT5M,100.0,100.0,100.0,85.4584,72.3705
912,900,690,222,33,0.14,46.8,2.9,242,2026-10-04 11:50:00,PT5M,100.0,100.0,100.0,85.2795,72.0305
903,891,669,233,33,0.14,47.1,2.8,240,2026-10-04 11:55:00,PT5M,100.0,100.0,100.0,85.0934,71.677
893,881,649,243,33,0.14,47.4,2.8,238,2026-10-04 12:00:00,PT5M,99.531,100.0,100.0,84.432,70.8425
882,871,629,254,33,0.14,47.7,2.7,236,2026-10-04 12:05:00,PT5M,98.63,100.0,100.0,83.3313,69.562
871,861,608,264,33,0.14,48.0,2.7,234,2026-10-04 12:10:00,PT5M,97.698,100.0,100.0,82.1933,68.2385
860,850,588,274,33,0.14,48.3,2.6,232,2026-10-04 12:15:00,PT5M,96.741,100.0,100.0,81.0249,66.88
848,838,568,283,33,0.14,48.6,2.6,230,2026-10-04 12:20:00,PT5M,95.758,100.0,100.0,79.8262,65.487
836,826,549,292,33,0.14,48.9,2.5,227,2026-10-04 12:25:00,PT5M,94.747,100.0,100.0,78.5949,64.0575
823,814,529,300,33,0.14,49.2,2.5,225,2026-10-04 12:30:00,PT5M,93.775,100.0,100.0,77.4003,62.6625
811,802,511,307,33,0.14,49.5,2.4,223,2026-10-04 12:35:00,PT5M,92.771,100.0,100.0,76.1697,61.228
799,790,494,314,33,0.14,49.8,2.4,220,2026-10-04 12:40:00,PT5M,91.795,100.0,100.0,74.9637,59.815
786,778,477,320,33,0.14,50.1,2.4,218,2026-10-04 12:45:00,PT5M,90.776,100.0,100.0,73.7044,58.3395
773,765,461,325,33,0.14,50.4,2.4,215,2026-10-04 12:50:00,PT5M,89.723,100.0,100.0,72.4078,56.8235
760,752,445,330,32,0.14,50.7,2.3,212,2026-10-04 12:55:00,PT5M,88.653,100.0,100.0,71.1041,55.3095
747,739,429,335,32,0.14,51.1,2.3,210,2026-10-04 13:00:00,PT5M,87.563,100.0,100.0,69.7872,53.7885
733,726,413,339,32,0.14,51.4,2.3,207,2026-10-04 13:05:00,PT5M,86.424,100.0,100.0,68.4075,52.192
719,713,398,342,32,0.14,51.7,2.3,204,2026-10-04 13:10:00,PT5M,85.251,100.0,100.0,66.9916,50.5575
705,699,384,345,32,0.14,52.0,2.3,201,2026-10-04 13:15:00,PT5M,84.038,100.0,100.0,65.5344,48.8805
691,685,369,347,32,0.14,52.4,2.3,199,2026-10-04 13:20:00,PT5M,82.787,100.0,100.0,64.0397,47.1665
677,671,355,349,32,0.14,52.7,2.4,196,2026-10-04 13:25:00,PT5M,81.436,100.0,100.0,62.446,45.3545
662,656,340,350,32,0.14,53.0,2.4,193,2026-10-04 13:30:00,PT5M,80.117,100.0,99.348,60.886,43.5775
647,642,327,351,32,0.14,53.4,2.4,191,2026-10-04 13:35:00,PT5M,78.762,100.0,98.2235,59.3005,41.7845
632,627,313,352,32,0.14,53.7,2.4,188,2026-10-04 13:40:00,PT5M,77.369,100.0,97.051,57.687,39.9725
617,613,299,352,32,0.14,54.0,2.5,186,2026-10-04 13:45:00,PT5M,75.936,100.0,95.838,56.034,38.1215
602,598,286,351,32,0.14,54.4,2.5,183,2026-10-04 13:50:00,PT5M,74.464,100.0,94.5852,54.3428,36.233
587,583,273,350,32,0.14,54.7,2.5,181,2026-10-04 13:55:00,PT5M,72.953,100.0,93.2927,52.6133,34.307
572,568,260,349,32,0.14,55.1,2.6,179,2026-10-04 14:00:00,PT5M,71.398,100.0,91.9563,50.8397,32.3365
556,552,248,347,31,0.14,55.4,2.6,177,2026-10-04 14:05:00,PT5M,69.803,100.0,90.579,49.027,30.328
541,537,235,345,31,0.14,55.8,2.7,175,2026-10-04 14:10:00,PT5M,68.159,100.0,89.1516,47.1664,28.2725
525,521,223,342,31,0.14,56.1,2.8,173,2026-10-04 14:15:00,PT5M,66.443,100.0,87.6516,45.2344,26.146
509,506,210,340,31,0.14,56.5,2.8,171,2026-10-04 14:20:00,PT5M,64.689,100.0,86.1115,43.2665,23.9855
493,490,198,336,31,0.14,56.9,2.9,169,2026-10-04 14:25:00,PT5M,62.902,100.0,84.5356,41.2684,21.7975
477,475,186,332,31,0.14,57.2,2.9,167,2026-10-04 14:30:00,PT5M,61.079,100.0,82.9207,39.2373,19.579
462,460,175,328,31,0.14,57.5,2.9,167,2026-10-04 14:35:00,PT5M,59.346,100.0,81.3493,37.3427,17.539
447,445,166,323,31,0.14,57.8,2.8,169,2026-10-04 14:40:00,PT5M,57.703,99.6145,79.7613,35.6447,15.7915
433,431,157,318,31,0.14,58.1,2.7,170,2026-10-04 14:45:00,PT5M,56.023,98.02,78.1263,33.9197,14.026
419,417,148,312,31,0.14,58.3,2.6,172,2026-10-04 14:50:00,PT5M,54.308,96.3165,76.4174,32.1986,12.2995
405,403,139,306,31,0.14,58.6,2.5,174,2026-10-04 14:55:00,PT5M,52.635,94.671,74.7588,30.5112,10.599
390,389,131,300,31,0.14,58.9,2.4,176,2026-10-04 15:00:00,PT5M,50.933,92.97,73.0574,28.8086,8.896
376,375,123,294,31,0.14,59.1,2.3,178,2026-10-04 15:05:00,PT5M,49.159,91.151,71.2597,27.0583,7.167
362,361,114,287,30,0.14,59.4,2.2,180,2026-10-04 15:10:00,PT5M,47.31,89.2065,69.3604,25.2596,5.4135
348,347,105,281,30,0.14,59.7,2.1,183,2026-10-04 15:15:00,PT5M,45.635,87.4025,67.6175,23.6525,3.8675
333,333,96,274,30,0.14,60.0,2.0,186,2026-10-04 15:20:00,PT5M,43.687,85.278,65.5766,21.7974,2.096
319,318,87,267,30,0.14,60.3,1.9,189,2026-10-04 15:25:00,PT5M,41.694,83.0555,63.4629,19.9251,0.3325
305,304,78,259,30,0.14,60.5,1.9,192,2026-10-04 15:30:00,PT5M,39.656,80.7325,61.2749,18.0371,0.0
291,290,69,252,30,0.14,60.8,1.8,196,2026-10-04 15:35:00,PT5M,37.588,78.29,59.0098,16.1662,0.0
276,276,60,244,30,0.14,61.1,1.7,199,2026-10-04 15:40:00,PT5M,35.508,75.717,56.6703,14.3457,0.0
262,262,51,236,30,0.14,61.4,1.7,204,2026-10-04 15:45:00,PT5M,33.389,73.0095,54.2416,12.5364,0.0
248,248,42,227,30,0.14,61.7,1.6,208,2026-10-04 15:50:00,PT5M,31.234,70.176,51.7295,10.7385,0.0
234,235,33,219,30,0.14,62.0,1.6,213,2026-10-04 15:55:00,PT5M,29.045,67.227,49.1405,8.9495,0.0
221,221,24,210,30,0.14,62.2,1.6,217,2026-10-04 16:00:00,PT5M,27.147,64.497,46.8046,7.4894,0.0
207,208,15,201,30,0.14,62.5,1.6,222,2026-10-04 16:05:00,PT5M,24.943,61.4265,44.1445,5.7415,0.0
194,194,7,191,30,0.14,62.8,1.6,227,2026-10-04 16:10:00,PT5M,22.765,58.3545,41.496,4.034,0.0
181,181,0,181,30,0.14,63.1,1.6,232,2026-10-04 16:15:00,PT5M,21.006,54.42,38.592,3.42,0.0
168,169,0,169,29,0.14,63.4,1.6,237,2026-10-04 16:20:00,PT5M,19.745,50.839,36.11,3.38,0.0
156,156,0,156,29,0.14,63.7,1.6,241,2026-10-04 16:25:00,PT5M,18.413,47.2595,33.5951,3.2309,0.0
143,144,0,144,29,0.14,64.0,1.7,246,2026-10-04 16:30:00,PT5M,17.052,43.67,31.0612,3.0428,0.0
131,132,0,132,29,0.14,64.3,1.7,250,2026-10-04 16:35:00,PT5M,15.679,40.0785,28.5206,2.8374,0.0
120,120,0,120,29,0.14,64.6,1.8,254,2026-10-04 16:40:00,PT5M,14.278,36.4645,25.9549,2.6011,0.0
108,108,0,108,29,0.14,64.9,1.8,258,2026-10-04 16:45:00,PT5M,12.884,32.8795,23.4078,2.3602,0.0
97,97,0,97,29,0.14,65.2,1.9,261,2026-10-04 16:50:00,PT5M,11.513,29.359,20.9055,2.1205,0.0
86,86,0,86,29,0.14,65.5,2.0,264,2026-10-04 16:55:00,PT5M,10.151,25.923,18.4519,1.8501,0.0
75,75,0,75,29,0.14,65.8,2.1,267,2026-10-04 17:00:00,PT5M,8.821,22.6235,16.0854,1.5566,0.0
64,64,0,64,29,0.14,66.1,2.2,269,2026-10-04 17:05:00,PT5M,7.487,19.3925,13.7529,1.2211,0.0
54,54,0,54,29,0.14,66.5,2.3,272,2026-10-04 17:10:00,PT5M,6.211,16.262,11.5009,0.9211,0.0
45,45,0,45,29,0.14,66.8,2.4,274,2026-10-04 17:15:00,PT5M,5.095,13.3415,9.4352,0.7548,0.0
37,37,0,37,29,0.14,67.1,2.5,276,2026-10-04 17:20:00,PT5M,4.043,10.5555,7.4706,0.6154,0.0
29,29,0,29,28,0.14,67.4,2.6,278,2026-10-04 17:25:00,PT5M,3.014,7.8855,5.5779,0.4501,0.0
22,22,0,22,28,0.14,67.7,2.7,280,2026-10-04 17:30:00,PT5M,2.147,5.5655,3.9462,0.3478,0.0
16,16,0,16,28,0.14,68.2,2.7,280,2026-10-04 17:35:00,PT5M,1.394,3.557,2.5324,0.2556,0.0
10,11,0,11,28,0.14,68.7,2.7,279,2026-10-04 17:40:00,PT5M,0.703,1.8825,1.3238,0.0822,0.0
6,6,0,6,28,0.14,69.3,2.7,279,2026-10-04 17:45:00,PT5M,0.079,0.567,0.3358,0.0,0.0
2,2,0,2,28,0.14,69.8,2.7,278,2026-10-04 17:50:00,PT5M,0.0,0.0,0.0,0.0,0.0
0,0,0,0,28,0.14,70.4,2.7,277,2026-10-04 17:55:00,PT5M,0.0,0.0,0.0,0.0,0.0
0,0,0,0,28,0.14,70.9,2.7,276,2026-10-04 18:00:00,PT5M,0.0,0.0,0.0,0.0,0.0
0,0,0,0,28,0.14,71.5,2.7,276,2026-10-04 18:05:00,PT5M,0.0,0.0,0.0,0.0,0.0
0,0,0,0,28,0.14,72.1,2.7,275,2026-10-04 18:10:00,PT5M,0.0,0.0,0.0,0.0,0.0
0,0,0,0,27,0.14,72.7,2.7,274,2026-10-04 18:15:00,PT5M,0.0,0.0,0.0,0.0,0.0
0,0,0,0,27,0.14,73.3,2.7,273,2026-10-04 18:20:00,PT5M,0.0,0.0,0.0,0.0,0.0
0,0,0,0,27,0.14,73.8,2.7,273,2026-10-04 18:25:00,PT5M,0.0,0.0,0.0,0.0,0.0
0,0,0,0,27,0.14,74.4,2.7,272,2026-10-04 18:30:00,PT5M,0.0,0.0,0.0,0.0,0.0
0,0,0,0,27,0.14,75.0,2.7,271,2026-10-04 18:35:00,PT5M,0.0,0.0,0.0,0.0,0.0
0,0,0,0,27,0.14,75.7,2.7,270,2026-10-04 18:40:00,PT5M,0.0,0.0,0.0,0.0,0.0
0,0,0,0,27,0.14,76.3,2.7,269,2026-10-04 18:45:00,PT5M,0.0,0.0,0.0,0.0,0.0
0,0,0,0,27,0.14,76.9,2.7,269,2026-10-04 18:50:00,PT5M,0.0,0.0,0.0,0.0,0.0
0,0,0,0,27,0.14,77.5,2.7,268,2026-10-04 18:55:00,PT5M,0.0,0.0,0.0,0.0,0.0
0,0,0,0,26,0.14,78.1,2.7,267,2026-10-04 19:00:00,PT5M,0.0,0.0,0.0,0.0,0.0
0,0,0,0,26,0.14,78.8,2.7,266,2026-10-04 19:05:00,PT5M,0.0,0.0,0.0,0.0,0.0
0,0,0,0,26,0.14,79.4,2.7,266,2026-10-04 19:10:00,PT5M,0.0,0.0,0.0,0.0,0.0
0,0,0,0,26,0.14,80.1,2.7,265,2026-10-04 19:15:00,PT5M,0.0,0.0,0.0,0.0,0.0
0,0,0,0,26,0.14,80.7,2.7,264,2026-10-04 19:20:00,PT5M,0.0,0.0,0.0,0.0,0.0
0,0,0,0,26,0.14,81.4,2.7,263,2026-10-04 19:25:00,PT5M,0.0,0.0,0.0,0.0,0.0
0,0,0,0,26,0.14,82.0,2.7,262,2026-10-04 19:30:00,PT5M,0.0,0.0,0.0,0.0,0.0
0,0,0,0,26,0.14,82.7,2.7,262,2026-10-04 19:35:00,PT5M,0.0,0.0,0.0,0.0,0.0
0,0,0,0,26,0.14,83.4,2.7,261,2026-10-04 19:40:00,PT5M,0.0,0.0,0.0,0.0,0.0
0,0,0,0,25,0.14,84.0,2.7,260,2026-10-04 19:45:00,PT5M,0.0,0.0,0.0,0.0,0.0
0,0,0,0,25,0.14,84.7,2.7,259,2026-10-04 19:50:00,PT5M,0.0,0.0,0.0,0.0,0.0
0,0,0,0,25,0.14,85.4,2.7,259,2026-10-04 19:55:00,PT5M,0.0,0.0,0.0,0.0,0.0
0,0,0,0,25,0.14,86.1,2.7,258,2026-10-04 20:00:00,PT5M,0.0,0.0,0.0,0.0,0.0
0,0,0,0,25,0.14,86.8,2.7,257,2026-10-04 20:05:00,PT5M,0.0,0.0,0.0,0.0,0.0
0,0,0,0,25,0.14,87.5,2.7,256,2026-10-04 20:10:00,PT5M,0.0,0.0,0.0,0.0,0.0
0,0,0,0,25,0.14,88.3,2.7,256,2026-10-04 20:15:00,PT5M,0.0,0.0,0.0,0.0,0.0
0,0,0,0,25,0.14,89.0,2.7,255,2026-10-04 20:20:00,PT5M,0.0,0.0,0.0,0.0,0.0
0,0,0,0,25,0.14,89.7,2.7,254,2026-10-04 20:25:00,PT5M,0.0,0.0,0.0,0.0,0.0
0,0,0,0,25,0.14,90.4,2.7,253,2026-10-04 20:30:00,PT5M,0.0,0.0,0.0,0.0,0.0
0,0,0,0,24,0.14,90.8,2.7,253,2026-10-04 20:35:00,PT5M,0.0,0.0,0.0,0.0,0.0
0,0,0,0,24,0.14,90.7,2.7,252,2026-10-04 20:40:00,PT5M,0.0,0.0,0.0,0.0,0.0
0,0,0,0,24,0.14,90.7,2.6,252,2026-10-04 20:45:00,PT5M,0.0,0.0,0.0,0.0,0.0
0,0,0,0,24,0.14,90.6,2.6,251,2026-10-04 20:50:00,PT5M,0.0,0.0,0.0,0.0,0.0
0,0,0,0,24,0.14,90.5,2.6,251,2026-10-04 20:55:00,PT5M,0.0,0.0,0.0,0.0,0.0
0,0,0,0,24,0.14,90.5,2.5,250,2026-10-04 21:00:00,PT5M,0.0,0.0,0.0,0.0,0.0
0,0,0,0,25,0.14,90.4,2.5,249,2026-10-04 21:05:00,PT5M,0.0,0.0,0.0,0.0,0.0
0,0,0,0,25,0.14,90.4,2.5,249,2026-10-04 21:10:00,PT5M,0.0,0.0,0.0,0.0,0.0
0,0,0,0,25,0.14,90.3,2.4,248,2026-10-04 21:15:00,PT5M,0.0,0.0,0.0,0.0,0.0
0,0,0,0,25,0.14,90.2,2.4,248,2026-10-04 21:20:00,PT5M,0.0,0.0,0.0,0.0,0.0
0,0,0,0,25,0.14,90.2,2.3,247,2026-10-04 21:25:00,PT5M,0.0,0.0,0.0,0.0,0.0
0,0,0,0,25,0.14,90.1,2.3,246,2026-10-04 21:30:00,PT5M,0.0,0.0,0.0,0.0,0.0
0,0,0,0,25,0.14,90.1,2.3,246,2026-10-04 21:35:00,PT5M,0.0,0.0,0.0,0.0,0.0
0,0,0,0,25,0.14,90.0,2.2,245,2026-10-04 21:40:00,PT5M,0.0,0.0,0.0,0.0,0.0
0,0,0,0,25,0.14,89.9,2.2,244,2026-10-04 21:45:00,PT5M,0.0,0.0,0.0,0.0,0.0
0,0,0,0,25,0.14,89.9,2.2,244,2026-10-04 21:50:00,PT5M,0.0,0.0,0.0,0.0,0.0
0,0,0,0,25,0.14,89.8,2.2,243,2026-10-04 21:55:00,PT5M,0.0,0.0,0.0,0.0,0.0
0,0,0,0,25,0.14,89.8,2.1,242,2026-10-04 22:00:00,PT5M,0.0,0.0,0.0,0.0,0.0
0,0,0,0,25,0.14,89.7,2.1,241,2026-10-04 22:05:00,PT5M,0.0,0.0,0.0,0.0,0.0
0,0,0,0,25,0.14,89.6,2.1,240,2026-10-04 22:10:00,PT5M,0.0,0.0,0.0,0.0,0.0
0,0,0,0,25,0.14,89.6,2.0,240,2026-10-04 22:15:00,PT5M,0.0,0.0,0.0,0.0,0.0
0,0,0,0,25,0.14,89.5,2.0,239,2026-10-04 22:20:00,PT5M,0.0,0.0,0.0,0.0,0.0
0,0,0,0,25,0.14,89.5,2.0,238,2026-10-04 22:25:00,PT5M,0.0,0.0,0.0,0.0,0.0
0,0,0,0,25,0.14,89.4,1.9,237,2026-10-04 22:30:00,PT5M,0.0,0.0,0.0,0.0,0.0
0,0,0,0,25,0.14,89.3,1.9,236,2026-10-04 22:35:00,PT5M,0.0,0.0,0.0,0.0,0.0
0,0,0,0,25,0.14,89.3,1.9,235,2026-10-04 22:40:00,PT5M,0.0,0.0,0.0,0.0,0.0
0,0,0,0,25,0.14,89.2,1.9,234,2026-10-04 22:45:00,PT5M,0.0,0.0,0.0,0.0,0.0
0,0,0,0,25,0.14,89.2,1.8,233,2026-10-04 22:50:00,PT5M,0.0,0.0,0.0,0.0,0.0
0,0,0,0,25,0.14,89.1,1.8,232,2026-10-04 22:55:00,PT5M,0.0,0.0,0.0,0.0,0.0
0,0,0,0,25,0.14,89.0,1.8,231,2026-10-04 23:00:00,PT5M,0.0,0.0,0.0,0.0,0.0
0,0,0,0,25,0.14,89.0,1.8,229,2026-10-04 23:05:00,PT5M,0.0,0.0,0.0,0.0,0.0
0,0,0,0,25,0.14,88.9,1.7,228,2026-10-04 23:10:00,PT5M,0.0,0.0,0.0,0.0,0.0
0,0,0,0,25,0.14,88.9,1.7,227,2026-10-04 23:15:00,PT5M,0.0,0.0,0.0,0.0,0.0
0,0,0,0,25,0.14,88.8,1.7,226,2026-10-04 23:20:00,PT5M,0.0,0.0,0.0,0.0,0.0
0,0,0,0,25,0.14,88.7,1.7,224,2026-10-04 23:25:00,PT5M,0.0,0.0,0.0,0.0,0.0
0,0,0,0,25,0.14,88.7,1.6,223,2026-10-04 23:30:00,PT5M,0.0,0.0,0.0,0.0,0.0
0,0,0,0,25,0.14,88.7,1.6,223,2026-10-04 23:35:00,PT5M,0.0,0.0,0.0,0.0,0.0
0,0,0,0,25,0.14,88.7,1.6,223,2026-10-04 23:40:00,PT5M,0.0,0.0,0.0,0.0,0.0
0,0,0,0,25,0.14,88.7,1.7,223,2026-10-04 23:45:00,PT5M,0.0,0.0,0.0,0.0,0.0
0,0,0,0,25,0.14,88.8,1.7,223,2026-10-04 23:50:00,PT5M,0.0,0.0,0.0,0.0,0.0
0,0,0,0,25,0.14,88.8,1.7,223,2026-10-04 23:55:00,PT5M,0.0,0.0,0.0,0.0,0.0
0,0,0,0,25,0.14,88.8,1.7,223,2026-10-05 00:00:00,PT5M,0.0,0.0,0.0,0.0,0.0
0,0,0,0,25,0.14,88.8,1.7,223,2026-10-05 00:05:00,PT5M,0.0,0.0,0.0,0.0,0.0
0,0,0,0,25,0.14,88.9,1.7,223,2026-10-05 00:10:00,PT5M,0.0,0.0,0.0,0.0,0.0
0,0,0,0,25,0.14,88.9,1.7,223,2026-10-05 00:15:00,PT5M,0.0,0.0,0.0,0.0,0.0
0,0,0,0,25,0.14,88.9,1.8,223,2026-10-05 00:20:00,PT5M,0.0,0.0,0.0,0.0,0.0
0,0,0,0,25,0.14,89.0,1.8,223,2026-10-05 00:25:00,PT5M,0.0,0.0,0.0,0.0,0.0
0,0,0,0,25,0.14,89.0,1.8,223,2026-10-05 00:30:00,PT5M,0.0,0.0,0.0,0.0,0.0
0,0,0,0,25,0.14,89.0,1.8,224,2026-10-05 00:35:00,PT5M,0.0,0.0,0.0,0.0,0.0
0,0,0,0,24,0.14,89.0,1.8,224,2026-10-05 00:40:00,PT5M,0.0,0.0,0.0,0.0,0.0
0,0,0,0,24,0.14,89.1,1.8,224,2026-10-05 00:45:00,PT5M,0.0,0.0,0.0,0.0,0.0
0,0,0,0,24,0.14,89.1,1.8,224,2026-10-05 00:50:00,PT5M,0.0,0.0,0.0,0.0,0.0
0,0,0,0,24,0.14,89.1,1.9,224,2026-10-05 00:55:00,PT5M,0.0,0.0,0.0,0.0,0.0
0,0,0,0,24,0.14,89.2,1.9,224,2026-10-05 01:00:00,PT5M,0.0,0.0,0.0,0.0,0.0
0,0,0,0,24,0.14,89.2,1.9,224,2026-10-05 01:05:00,PT5M,0.0,0.0,0.0,0.0,0.0
0,0,0,0,24,0.14,89.2,1.9,224,2026-10-05 01:10:00,PT5M,0.0,0.0,0.0,0.0,0.0
0,0,0,0,24,0.14,89.2,1.9,224,2026-10-05 01:15:00,PT5M,0.0,0.0,0.0,0.0,0.0
0,0,0,0,24,0.14,89.3,1.9,224,2026-10-05 01:20:00,PT5M,0.0,0.0,0.0,0.0,0.0
0,0,0,0,24,0.14,89.3,1.9,224,2026-10-05 01:25:00,PT5M,0.0,0.0,0.0,0.0,0.0
0,0,0,0,24,0.14,89.3,1.9,224,2026-10-05 01:30:00,PT5M,0.0,0.0,0.0,0.0,0.0
0,0,0,0,24,0.14,89.4,2.0,224,2026-10-05 01:35:00,PT5M,0.0,0.0,0.0,0.0,0.0
0,0,0,0,24,0.14,89.4,2.0,224,2026-10-05 01:40:00,PT5M,0.0,0.0,0.0,0.0,0.0
0,0,0,0,24,0.14,89.4,2.0,224,2026-10-05 01:45:00,PT5M,0.0,0.0,0.0,0.0,0.0
0,0,0,0,24,0.14,89.4,2.0,225,2026-10-05 01:50:00,PT5M,0.0,0.0,0.0,0.0,0.0
0,0,0,0,24,0.14,89.5,2.0,225,2026-10-05 01:55:00,PT5M,0.0,0.0,0.0,0.0,0.0
0,0,0,0,24,0.14,89.5,2.0,225,2026-10-05 02:00:00,PT5M,0.0,0.0,0.0,0.0,0.0
0,0,0,0,24,0.14,89.5,2.0,225,2026-10-05 02:05:00,PT5M,0.0,0.0,0.0,0.0,0.0
0,0,0,0,24,0.14,89.6,2.1,225,2026-10-05 02:10:00,PT5M,0.0,0.0,0.0,0.0,0.0
0,0,0,0,24,0.14,89.6,2.1,225,2026-10-05 02:15:00,PT5M,0.0,0.0,0.0,0.0,0.0
0,0,0,0,24,0.14,89.6,2.1,225,2026-10-05 02:20:00,PT5M,0.0,0.0,0.0,0.0,0.0
0,0,0,0,24,0.14,89.6,2.1,225,2026-10-05 02:25:00,PT5M,0.0,0.0,0.0,0.0,0.0
0,0,0,0,24,0.14,89.7,2.1,225,2026-10-05 02:30:00,PT5M,0.0,0.0,0.0,0.0,0.0
0,0,0,0,24,0.14,89.7,2.1,225,2026-10-05 02:35:00,PT5M,0.0,0.0,0.0,0.0,0.0
0,0,0,0,24,0.14,89.6,2.1,225,2026-10-05 02:40:00,PT5M,0.0,0.0,0.0,0.0,0.0
0,0,0,0,24,0.14,89.6,2.1,225,2026-10-05 02:45:00,PT5M,0.0,0.0,0.0,0.0,0.0
0,0,0,0,24,0.14,89.5,2.1,225,2026-10-05 02:50:00,PT5M,0.0,0.0,0.0,0.0,0.0
0,0,0,0,24,0.14,89.5,2.1,225,2026-10-05 02:55:00,PT5M,0.0,0.0,0.0,0.0,0.0
0,0,0,0,24,0.14,89.4,2.1,225,2026-10-05 03:00:00,PT5M,0.0,0.0,0.0,0.0,0.0
0,0,0,0,24,0.14,89.4,2.1,225,2026-10-05 03:05:00,PT5M,0.0,0.0,0.0,0.0,0.0
0,0,0,0,24,0.14,89.3,2.0,225,2026-10-05 03:10:00,PT5M,0.0,0.0,0.0,0.0,0.0
0,0,0,0,24,0.14,89.3,2.0,225,2026-10-05 03:15:00,PT5M,0.0,0.0,0.0,0.0,0.0
0,0,0,0,24,0.14,89.3,2.0,224,2026-10-05 03:20:00,PT5M,0.0,0.0,0.0,0.0,0.0
0,0,0,0,24,0.14,89.2,2.0,224,2026-10-05 03:25:00,PT5M,0.0,0.0,0.0,0.0,0.0
0,0,0,0,24,0.14,89.2,2.0,224,2026-10-05 03:30:00,PT5M,0.0,0.0,0.0,0.0,0.0
0,0,0,0,24,0.14,89.1,2.0,224,2026-10-05 03:35:00,PT5M,0.0,0.0,0.0,0.0,0.0
0,0,0,0,24,0.14,89.1,2.0,224,2026-10-05 03:40:00,PT5M,0.0,0.0,0.0,0.0,0.0
0,0,0,0,24,0.14,89.0,2.0,224,2026-10-05 03:45:00,PT5M,0.0,0.0,0.0,0.0,0.0
0,0,0,0,24,0.14,89.0,2.0,224,2026-10-05 03:50:00,PT5M,0.0,0.0,0.0,0.0,0.0
0,0,0,0,24,0.14,88.9,2.0,224,2026-10-05 03:55:00,PT5M,0.0,0.0,0.0,0.0,0.0
0,0,0,0,24,0.14,88.9,1.9,224,2026-10-05 04:00:00,PT5M,0.0,0.0,0.0,0.0,0.0
0,0,0,0,24,0.14,88.8,1.9,224,2026-10-05 04:05:00,PT5M,0.0,0.0,0.0,0.0,0.0
0,0,0,0,24,0.14,88.8,1.9,224,2026-10-05 04:10:00,PT5M,0.0,0.0,0.0,0.0,0.0
0,0,0,0,24,0.14,88.8,1.9,224,2026-10-05 04:15:00,PT5M,0.0,0.0,0.0,0.0,0.0
0,0,0,0,24,0.14,88.7,1.9,224,2026-10-05 04:20:00,PT5M,0.0,0.0,0.0,0.0,0.0
0,0,0,0,24,0.14,88.7,1.9,224,2026-10-05 04:25:00,PT5M,0.0,0.0,0.0,0.0,0.0
0,0,0,0,24,0.14,88.6,1.9,224,2026-10-05 04:30:00,PT5M,0.0,0.0,0.0,0.0,0.0
0,0,0,0,24,0.14,88.6,1.9,224,2026-10-05 04:35:00,PT5M,0.0,0.0,0.0,0.0,0.0
0,0,0,0,24,0.14,88.5,1.9,223,2026-10-05 04:40:00,PT5M,0.0,0.0,0.0,0.0,0.0
0,0,0,0,24,0.14,88.5,1.9,223,2026-10-05 04:45:00,PT5M,0.0,0.0,0.0,0.0,0.0
0,0,0,0,24,0.14,88.4,1.9,223,2026-10-05 04:50:00,PT5M,0.0,0.0,0.0,0.0,0.0
0,0,0,0,24,0.14,88.4,1.8,223,2026-10-05 04:55:00,PT5M,0.0,0.0,0.0,0.0,0.0
0,0,0,0,24,0.14,88.3,1.8,223,2026-10-05 05:00:00,PT5M,0.0,0.0,0.0,0.0,0.0
0,0,0,0,24,0.14,88.3,1.8,223,2026-10-05 05:05:00,PT5M,0.0,0.0,0.0,0.0,0.0
0,0,0,0,24,0.14,88.3,1.8,223,2026-10-05 05:10:00,PT5M,0.0,0.0,0.0,0.0,0.0
0,0,0,0,24,0.14,88.2,1.8,223,2026-10-05 05:15:00,PT5M,0.0,0.0,0.0,0.0,0.0
0,0,0,0,24,0.14,88.2,1.8,223,2026-10-05 05:20:00,PT5M,0.0,0.0,0.0,0.0,0.0
0,0,0,0,24,0.14,88.1,1.8,223,2026-10-05 05:25:00,PT5M,0.0,0.0,0.0,0.0,0.0
0,0,0,0,24,0.14,88.1,1.8,223,2026-10-05 05:30:00,PT5M,0.0,0.0,0.0,0.0,0.0
0,0,0,0,24,0.14,87.7,1.8,223,2026-10-05 05:35:00,PT5M,0.0,0.0,0.0,0.0,0.0
0,0,0,0,24,0.14,87.0,1.8,223,2026-10-05 05:40:00,PT5M,0.0,0.0,0.0,0.0,0.0
0,0,0,0,24,0.14,86.3,1.9,223,2026-10-05 05:45:00,PT5M,0.0,0.0,0.0,0.0,0.0
0,0,0,0,24,0.14,85.7,1.9,223,2026-10-05 05:50:00,PT5M,0.0,0.0,0.0,0.0,0.0
0,0,0,0,24,0.14,85.0,1.9,223,2026-10-05 05:55:00,PT5M,0.0,0.0,0.0,0.0,0.0
4,4,0,4,25,0.14,84.3,2.0,223,2026-10-05 06:00:00,PT5M,0.0,0.0,0.0,0.0,0.0
12,12,0,12,25,0.14,83.7,2.0,223,2026-10-05 06:05:00,PT5M,0.997,1.5395,1.2825,0.7115,0.4545
22,22,10,21,25,0.14,83.0,2.0,223,2026-10-05 06:10:00,PT5M,2.292,3.438,2.8951,1.6889,1.146
33,33,41,29,25,0.14,82.4,2.1,224,2026-10-05 06:15:00,PT5M,3.994,6.0315,5.0664,2.9216,1.9565
45,45,77,37,25,0.14,81.7,2.1,224,2026-10-05 06:20:00,PT5M,6.165,9.387,7.8608,4.4692,2.943
59,58,106,45,25,0.14,81.1,2.2,224,2026-10-05 06:25:00,PT5M,8.741,13.2575,11.1181,6.3639,4.2245
74,72,138,52,25,0.14,80.5,2.2,224,2026-10-05 06:30:00,PT5M,11.818,17.808,14.9706,8.6654,5.828
89,87,171,59,25,0.14,79.9,2.2,224,2026-10-05 06:35:00,PT5M,15.217,22.782,19.1985,11.2355,7.652
106,104,203,66,26,0.14,79.2,2.3,224,2026-10-05 06:40:00,PT5M,18.819,27.9905,23.646,13.992,9.6475
124,121,235,72,26,0.14,78.6,2.3,224,2026-10-05 06:45:00,PT5M,22.642,33.404,28.3061,16.9779,11.88
142,139,265,78,26,0.14,78.0,2.3,224,2026-10-05 06:50:00,PT5M,26.681,39.046,33.1888,20.1732,14.316
161,157,294,84,26,0.14,77.4,2.4,224,2026-10-05 06:55:00,PT5M,30.844,44.88,38.2312,23.4568,16.808
179,175,318,90,26,0.14,76.8,2.4,224,2026-10-05 07:00:00,PT5M,35.009,50.814,43.3273,26.6907,19.204
198,194,337,96,26,0.14,76.2,2.5,224,2026-10-05 07:05:00,PT5M,39.193,56.898,48.5113,29.8747,21.488
217,212,357,101,26,0.14,75.6,2.5,224,2026-10-05 07:10:00,PT5M,43.583,63.2885,53.9541,33.2119,23.8775
236,231,376,107,26,0.14,75.0,2.5,224,2026-10-05 07:15:00,PT5M,48.024,69.7605,59.4641,36.5839,26.2875
255,250,393,112,27,0.14,74.5,2.6,224,2026-10-05 07:20:00,PT5M,52.469,76.257,64.9888,39.9492,28.681
275,269,409,117,27,0.14,73.9,2.6,224,2026-10-05 07:25:00,PT5M,56.919,82.77,70.5246,43.3134,31.068
294,288,424,122,27,0.14,73.3,2.6,224,2026-10-05 07:30:00,PT5M,61.374,89.353,76.0995,46.6485,33.395
313,307,439,127,27,0.14,72.8,2.7,225,2026-10-05 07:35:00,PT5M,65.848,95.936,81.6835,50.0125,35.76
332,326,452,131,27,0.14,72.2,2.7,225,2026-10-05 07:40:00,PT5M,70.305,100.0,87.2626,53.3474,38.085
351,345,466,135,27,0.14,71.7,2.8,225,2026-10-05 07:45:00,PT5M,72.525,100.0,89.8416,55.2084,39.623
371,364,479,140,27,0.14,71.1,2.8,225,2026-10-05 07:50:00,PT5M,74.643,100.0,92.2917,56.9943,41.11
390,383,491,144,27,0.14,70.6,2.8,225,2026-10-05 07:55:00,PT5M,76.652,100.0,94.6043,58.6997,42.542
409,402,502,147,27,0.14,70.0,2.9,225,2026-10-05 08:00:00,PT5M,78.543,100.0,96.768,60.318,43.915
428,420,513,151,28,0.14,69.5,2.9,225,2026-10-05 08:05:00,PT5M,80.33,100.0,98.7981,61.8619,45.24
446,439,524,154,28,0.14,69.0,2.9,225,2026-10-05 08:10:00,PT5M,81.996,100.0,100.0,63.32,46.511
465,457,535,157,28,0.14,68.4,3.0,225,2026-10-05 08:15:00,PT5M,83.504,100.0,100.0,64.6659,47.711
483,475,545,160,28,0.14,67.9,3.0,225,2026-10-05 08:20:00,PT5M,84.837,100.0,100.0,65.8905,48.838
501,493,554,163,28,0.14,67.4,3.1,225,2026-10-05 08:25:00,PT5M,86.083,100.0,100.0,67.0675,49.953
519,511,562,166,28,0.14,66.9,3.1,225,2026-10-05 08:30:00,PT5M,87.175,100.0,100.0,68.1135,50.9575
537,528,570,169,28,0.14,66.2,3.1,225,2026-10-05 08:35:00,PT5M,88.186,100.0,100.0,69.0982,51.9185
554,545,578,172,28,0.14,65.5,3.1,226,2026-10-05 08:40:00,PT5M,89.124,100.0,100.0,70.0256,52.8365
571,562,585,174,29,0.14,64.7,3.1,227,2026-10-05 08:45:00,PT5M,90.002,100.0,100.0,70.9036,53.7145
587,578,592,177,29,0.14,64.0,3.1,228,2026-10-05 08:50:00,PT5M,90.83,100.0,100.0,71.7424,54.563
604,594,599,179,29,0.14,63.2,3.1,229,2026-10-05 08:55:00,PT5M,91.61,100.0,100.0,72.5429,55.382
620,610,605,182,29,0.14,62.5,3.1,230,2026-10-05 09:00:00,PT5M,92.353,100.0,100.0,73.3159,56.182
636,626,613,183,29,0.14,61.8,3.1,230,2026-10-05 09:05:00,PT5M,93.161,100.0,100.0,74.1463,57.0325
652,642,620,185,29,0.14,61.1,3.1,231,2026-10-05 09:10:00,PT5M,93.912,100.0,100.0,74.982,57.9445
668,657,627,186,30,0.14,60.4,3.1,232,2026-10-05 09:15:00,PT5M,94.626,100.0,100.0,75.8997,59.0455
683,672,634,188,30,0.14,59.7,3.1,233,2026-10-05 09:20:00,PT5M,95.305,100.0,100.0,76.7795,60.106
698,687,640,189,30,0.14,59.0,3.1,234,2026-10-05 09:25:00,PT5M,95.951,100.0,100.0,77.6231,61.1275
712,702,646,190,30,0.14,58.3,3.1,235,2026-10-05 09:30:00,PT5M,96.566,100.0,100.0,78.4324,62.1115
727,716,654,191,30,0.14,57.7,3.1,235,2026-10-05 09:35:00,PT5M,97.22,100.0,100.0,79.2953,63.1625
742,731,662,191,30,0.14,57.0,3.1,236,2026-10-05 09:40:00,PT5M,97.911,100.0,100.0,80.2108,64.28
756,745,669,191,31,0.14,56.4,3.2,237,2026-10-05 09:45:00,PT5M,98.529,100.0,100.0,81.048,65.3145
770,758,676,191,31,0.14,55.7,3.2,238,2026-10-05 09:50:00,PT5M,99.102,100.0,100.0,81.8362,66.2965
783,771,683,191,31,0.14,55.1,3.2,239,2026-10-05 09:55:00,PT5M,99.65,100.0,100.0,82.5958,67.2465
796,784,689,191,31,0.14,54.5,3.2,239,2026-10-05 10:00:00,PT5M,100.0,100.0,100.0,83.1519,67.988
808,796,696,190,31,0.14,53.8,3.2,240,2026-10-05 10:05:00,PT5M,100.0,100.0,100.0,83.355,68.374
820,808,703,189,31,0.14,53.2,3.2,241,2026-10-05 10:10:00,PT5M,100.0,100.0,100.0,83.5553,68.7545
832,820,710,188,31,0.14,52.6,3.2,242,2026-10-05 10:15:00,PT5M,100.0,100.0,100.0,83.7516,69.1275
844,831,716,187,32,0.14,52.0,3.2,243,2026-10-05 10:20:00,PT5M,100.0,100.0,100.0,83.9445,69.494
854,842,723,186,32,0.14,51.4,3.2,243,2026-10-05 10:25:00,PT5M,100.0,100.0,100.0,84.1337,69.8535
865,852,729,185,32,0.14,50.9,3.2,244,2026-10-05 10:30:00,PT5M,100.0,100.0,100.0,84.3203,70.208
900,886,795,153,32,0.14,50.3,3.3,245,2026-10-05 10:35:00,PT5M,100.0,100.0,100.0,84.481,70.5135
908,894,798,153,32,0.14,49.7,3.3,246,2026-10-05 10:40:00,PT5M,100.0,100.0,100.0,84.6147,70.7675
916,902,800,152,32,0.14,49.2,3.3,246,2026-10-05 10:45:00,PT5M,100.0,100.0,100.0,84.7413,71.008
923,909,803,152,33,0.14,48.6,3.3,247,2026-10-05 10:50:00,PT5M,100.0,100.0,100.0,84.8592,71.232
930,916,805,152,33,0.14,48.1,3.3,248,2026-10-05 10:55:00,PT5M,100.0,100.0,100.0,84.955,71.414
936,922,807,152,33,0.14,47.5,3.3,249,2026-10-05 11:00:00,PT5M,100.0,100.0,100.0,85.0529,71.6
942,928,809,152,33,0.14,47.0,3.3,249,2026-10-05 11:05:00,PT5M,100.0,100.0,100.0,85.1579,71.7995
947,933,810,152,33,0.14,46.5,3.4,250,2026-10-05 11:10:00,PT5M,100.0,100.0,100.0,85.255,71.984
951,937,811,153,33,0.14,45.9,3.4,251,2026-10-05 11:15:00,PT5M,100.0,100.0,100.0,85.3358,72.1375
955,941,812,153,34,0.14,45.4,3.4,251,2026-10-05 11:20:00,PT5M,100.0,100.0,100.0,85.4087,72.276
959,944,813,153,34,0.14,44.9,3.4,252,2026-10-05 11:25:00,PT5M,100.0,100.0,100.0,85.4744,72.401
962,947,813,153,34,0.14,44.4,3.4,253,2026-10-05 11:30:00,PT5M,100.0,100.0,100.0,85.5339,72.514
938,924,754,187,34,0.14,44.3,3.4,253,2026-10-05 11:35:00,PT5M,100.0,100.0,100.0,85.4939,72.438
932,919,738,196,34,0.14,44.5,3.3,253,2026-10-05 11:40:00,PT5M,100.0,100.0,100.0,85.3537,72.1715
926,913,723,204,34,0.14,44.7,3.2,252,2026-10-05 11:45:00,PT5M,100.0,100.0,100.0,85.206,71.891
920,907,707,213,34,0.14,44.9,3.1,252,2026-10-05 11:50:00,PT5M,100.0,100.0,100.0,85.0516,71.5975
913,900,692,221,34,0.14,45.1,3.0,251,2026-10-05 11:55:00,PT5M,100.0,100.0,100.0,84.8897,71.29
905,893,676,229,34,0.14,45.4,2.9,250,2026-10-05 12:00:00,PT5M,100.0,100.0,100.0,84.7216,70.9705
897,885,660,238,34,0.14,45.6,2.8,250,2026-10-05 12:05:00,PT5M,99.9,100.0,100.0,84.4453,70.5355
888,877,643,246,34,0.14,45.8,2.7,249,2026-10-05 12:10:00,PT5M,99.182,100.0,100.0,83.5433,69.468
879,868,627,255,34,0.14,46.0,2.6,249,2026-10-05 12:15:00,PT5M,98.439,100.0,100.0,82.6111,68.3655
869,858,610,263,33,0.14,46.2,2.5,248,2026-10-05 12:20:00,PT5M,97.672,100.0,100.0,81.6499,67.2295
859,848,594,270,33,0.14,46.5,2.4,247,2026-10-05 12:25:00,PT5M,96.879,100.0,100.0,80.6582,66.059
848,838,577,278,33,0.14,46.7,2.3,246,2026-10-05 12:30:00,PT5M,96.059,100.0,100.0,79.6366,64.856
837,827,561,285,33,0.14,46.9,2.2,245,2026-10-05 12:35:00,PT5M,95.212,100.0,100.0,78.5839,63.618
826,816,545,291,33,0.14,47.2,2.1,244,2026-10-05 12:40:00,PT5M,94.334,100.0,100.0,77.4961,62.3415
814,804,529,298,33,0.14,47.4,2.0,243,2026-10-05 12:45:00,PT5M,93.483,100.0,100.0,76.4241,61.0705
802,792,513,303,33,0.14,47.6,1.9,242,2026-10-05 12:50:00,PT5M,92.538,100.0,100.0,75.2551,59.7
789,780,497,309,33,0.14,47.8,1.8,240,2026-10-05 12:55:00,PT5M,91.577,100.0,100.0,74.0802,58.3325
776,767,481,314,33,0.14,48.1,1.8,239,2026-10-05 13:00:00,PT5M,90.592,100.0,100.0,72.886,56.95
763,755,466,318,33,0.14,48.3,1.7,237,2026-10-05 13:05:00,PT5M,89.563,100.0,100.0,71.6338,55.497
750,742,452,322,33,0.14,48.6,1.6,235,2026-10-05 13:10:00,PT5M,88.501,100.0,100.0,70.3458,54.0055
736,728,437,326,33,0.14,48.8,1.5,233,2026-10-05 13:15:00,PT5M,87.4,100.0,100.0,69.0169,52.4715
722,715,422,329,33,0.14,49.0,1.4,231,2026-10-05 13:20:00,PT5M,86.26,100.0,100.0,67.649,50.8985
708,701,408,331,33,0.14,49.3,1.3,228,2026-10-05 13:25:00,PT5M,85.083,100.0,100.0,66.2444,49.289
694,687,394,333,33,0.14,49.5,1.2,225,2026-10-05 13:30:00,PT5M,83.872,100.0,100.0,64.8068,47.6475
680,673,381,335,33,0.14,49.7,1.2,222,2026-10-05 13:35:00,PT5M,82.684,100.0,100.0,63.3927,46.03
666,660,369,335,33,0.14,50.0,1.1,218,2026-10-05 13:40:00,PT5M,81.518,100.0,100.0,62.0012,44.4355
652,646,357,335,33,0.14,50.2,1.0,214,2026-10-05 13:45:00,PT5M,80.256,100.0,99.9978,60.5142,42.746
638,632,345,335,33,0.14,50.5,1.0,209,2026-10-05 13:50:00,PT5M,79.015,100.0,98.9813,59.0487,41.0785
624,618,334,335,33,0.14,50.7,0.9,204,2026-10-05 13:55:00,PT5M,77.734,100.0,97.9239,57.5441,39.3725
609,604,322,334,32,0.14,51.0,0.9,198,2026-10-05 14:00:00,PT5M,76.408,100.0,96.8219,55.9941,37.621
595,589,311,333,32,0.14,51.2,0.8,191,2026-10-05 14:05:00,PT5M,75.054,100.0,95.6902,54.4178,35.8445
580,575,299,331,32,0.14,51.5,0.8,184,2026-10-05 14:10:00,PT5M,73.652,100.0,94.509,52.795,34.023
565,560,288,329,32,0.14,51.7,0.8,177,2026-10-05 14:15:00,PT5M,72.181,100.0,93.2583,51.1037,32.1335
549,545,276,327,32,0.14,52.0,0.8,170,2026-10-05 14:20:00,PT5M,70.669,100.0,91.9642,49.3738,30.2075
534,530,265,324,32,0.14,52.2,0.8,163,2026-10-05 14:25:00,PT5M,69.116,100.0,90.5622,47.6698,28.3675
518,514,254,321,32,0.14,52.5,0.9,157,2026-10-05 14:30:00,PT5M,67.523,100.0,89.0392,46.0068,26.6415
502,498,240,318,32,0.14,52.8,0.9,154,2026-10-05 14:35:00,PT5M,65.697,100.0,87.2735,44.1205,24.701
484,480,225,315,32,0.14,53.1,0.9,156,2026-10-05 14:40:00,PT5M,63.655,100.0,85.2902,42.0198,22.5475
466,463,210,311,32,0.14,53.4,0.8,157,2026-10-05 14:45:00,PT5M,61.559,100.0,83.245,39.873,20.355
449,446,196,307,32,0.14,53.7,0.8,159,2026-10-05 14:50:00,PT5M,59.427,100.0,81.1495,37.7045,18.1535
431,429,182,303,32,0.14,54.0,0.8,161,2026-10-05 14:55:00,PT5M,57.343,98.6525,79.0845,35.6015,16.0335
415,412,169,298,32,0.14,54.3,0.7,163,2026-10-05 15:00:00,PT5M,55.219,96.5355,76.9642,33.4738,13.9025
398,396,157,292,32,0.14,54.6,0.7,165,2026-10-05 15:05:00,PT5M,53.072,94.373,74.809,31.335,11.771
381,379,144,286,32,0.14,54.9,0.7,167,2026-10-05 15:10:00,PT5M,50.906,92.1695,72.6233,29.1887,9.6425
365,363,132,280,31,0.14,55.2,0.7,170,2026-10-05 15:15:00,PT5M,48.691,89.886,70.3722,27.0098,7.496
348,347,121,273,31,0.14,55.5,0.6,173,2026-10-05 15:20:00,PT5M,46.436,87.5185,68.058,24.814,5.3535
332,331,109,266,31,0.14,55.8,0.6,175,2026-10-05 15:25:00,PT5M,44.374,85.294,65.9105,22.8375,3.454
316,315,98,259,31,0.14,56.1,0.6,178,2026-10-05 15:30:00,PT5M,42.049,82.754,63.4723,20.6257,1.344
300,300,87,251,31,0.14,56.4,0.6,182,2026-10-05 15:35:00,PT5M,39.763,80.181,61.0353,18.4907,0.0
285,284,77,243,31,0.14,56.7,0.6,185,2026-10-05 15:40:00,PT5M,37.527,77.56,58.5967,16.4573,0.0
270,269,66,235,31,0.14,57.1,0.6,188,2026-10-05 15:45:00,PT5M,35.26,74.816,56.0786,14.4414,0.0
255,255,56,226,31,0.14,57.4,0.6,192,2026-10-05 15:50:00,PT5M,32.967,71.9595,53.489,12.445,0.0
240,240,47,217,31,0.14,57.7,0.5,196,2026-10-05 15:55:00,PT5M,30.652,69.004,50.8369,10.4671,0.0
226,226,37,208,31,0.14,58.0,0.5,200,2026-10-05 16:00:00,PT5M,28.32,65.963,48.1318,8.5082,0.0
211,211,27,199,31,0.14,58.4,0.5,204,2026-10-05 16:05:00,PT5M,26.265,63.122,45.6631,6.8669,0.0
197,197,17,190,31,0.14,58.7,0.5,208,2026-10-05 16:10:00,PT5M,23.863,59.8575,42.8072,4.9188,0.0
183,184,8,181,30,0.14,59.0,0.5,212,2026-10-05 16:15:00,PT5M,21.814,55.526,39.5569,4.0711,0.0
170,170,0,170,30,0.14,59.4,0.5,216,2026-10-05 16:20:00,PT5M,19.867,51.3265,36.4244,3.3096,0.0
157,157,0,157,30,0.14,59.7,0.6,219,2026-10-05 16:25:00,PT5M,18.461,47.6395,33.8179,3.1041,0.0
144,144,0,144,30,0.14,60.0,0.6,223,2026-10-05 16:30:00,PT5M,17.035,43.991,31.2221,2.8479,0.0
131,131,0,131,30,0.14,60.4,0.6,227,2026-10-05 16:35:00,PT5M,15.593,40.3325,28.6136,2.5724,0.0
119,119,0,119,30,0.14,60.7,0.6,230,2026-10-05 16:40:00,PT5M,14.118,36.643,25.9731,2.2629,0.0
107,107,0,107,30,0.14,61.1,0.6,233,2026-10-05 16:45:00,PT5M,12.666,32.9935,23.3645,1.9675,0.0
95,95,0,95,30,0.14,61.4,0.6,237,2026-10-05 16:50:00,PT5M,11.252,29.4195,20.8137,1.6903,0.0
83,84,0,84,30,0.14,61.7,0.6,239,2026-10-05 16:55:00,PT5M,9.852,25.9305,18.3142,1.3898,0.0
72,72,0,72,30,0.14,62.1,0.7,242,2026-10-05 17:00:00,PT5M,8.505,22.595,15.9207,1.0893,0.0
62,62,0,62,30,0.14,62.4,0.7,245,2026-10-05 17:05:00,PT5M,7.158,19.329,13.5637,0.7523,0.0
52,52,0,52,30,0.14,62.8,0.7,247,2026-10-05 17:10:00,PT5M,5.903,16.202,11.3234,0.4826,0.0
43,43,0,43,30,0.14,63.2,0.7,249,2026-10-05 17:15:00,PT5M,4.808,13.274,9.2637,0.3523,0.0
35,35,0,35,29,0.14,63.5,0.8,251,2026-10-05 17:20:00,PT5M,3.773,10.4135,7.2679,0.2781,0.0
27,27,0,27,29,0.14,63.9,0.8,253,2026-10-05 17:25:00,PT5M,2.777,7.6545,5.3441,0.2099,0.0
20,21,0,21,29,0.14,64.2,0.8,255,2026-10-05 17:30:00,PT5M,1.947,5.354,3.7401,0.1539,0.0
15,15,0,15,29,0.14,64.6,0.8,255,2026-10-05 17:35:00,PT5M,1.23,3.344,2.3426,0.1174,0.0
10,10,0,10,29,0.14,65.0,0.8,253,2026-10-05 17:40:00,PT5M,0.579,1.708,1.1732,0.0,0.0
5,5,0,5,29,0.14,65.4,0.9,250,2026-10-05 17:45:00,PT5M,0.0,0.439,0.231,0.0,0.0
1,1,0,1,29,0.14,65.8,0.9,248,2026-10-05 17:50:00,PT5M,0.0,0.0,0.0,0.0,0.0
0,0,0,0,29,0.14,66.2,0.9,246,2026-10-05 17:55:00,PT5M,0.0,0.0,0.0,0.0,0.0
0,0,0,0,29,0.14,66.6,0.9,244,2026-10-05 18:00:00,PT5M,0.0,0.0,0.0,0.0,0.0
0,0,0,0,29,0.14,67.1,0.9,243,2026-10-05 18:05:00,PT5M,0.0,0.0,0.0,0.0,0.0
0,0,0,0,29,0.14,67.5,1.0,241,2026-10-05 18:10:00,PT5M,0.0,0.0,0.0,0.0,0.0
0,0,0,0,28,0.14,67.9,1.0,239,2026-10-05 18:15:00,PT5M,0.0,0.0,0.0,0.0,0.0
0,0,0,0,28,0.14,68.3,1.0,238,2026-10-05 18:20:00,PT5M,0.0,0.0,0.0,0.0,0.0
0,0,0,0,28,0.14,68.7,1.0,236,2026-10-05 18:25:00,PT5M,0.0,0.0,0.0,0.0,0.0
0,0,0,0,28,0.14,69.2,1.1,235,2026-10-05 18:30:00,PT5M,0.0,0.0,0.0,0.0,0.0
0,0,0,0,28,0.14,69.6,1.1,233,2026-10-05 18:35:00,PT5M,0.0,0.0,0.0,0.0,0.0
0,0,0,0,28,0.14,70.0,1.1,232,2026-10-05 18:40:00,PT5M,0.0,0.0,0.0,0.0,0.0
0,0,0,0,28,0.14,70.5,1.1,231,2026-10-05 18:45:00,PT5M,0.0,0.0,0.0,0.0,0.0
0,0,0,0,28,0.14,70.9,1.2,229,2026-10-05 18:50:00,PT5M,0.0,0.0,0.0,0.0,0.0
0,0,0,0,28,0.14,71.3,1.2,228,2026-10-05 18:55:00,PT5M,0.0,0.0,0.0,0.0,0.0
0,0,0,0,28,0.14,71.8,1.2,227,2026-10-05 19:00:00,PT5M,0.0,0.0,0.0,0.0,0.0
0,0,0,0,28,0.14,72.2,1.3,226,2026-10-05 19:05:00,PT5M,0.0,0.0,0.0,0.0,0.0
0,0,0,0,28,0.14,72.7,1.3,225,2026-10-05 19:10:00,PT5M,0.0,0.0,0.0,0.0,0.0
0,0,0,0,27,0.14,73.1,1.3,224,2026-10-05 19:15:00,PT5M,0.0,0.0,0.0,0.0,0.0
0,0,0,0,27,0.14,73.6,1.3,223,2026-10-05 19:20:00,PT5M,0.0,0.0,0.0,0.0,0.0
0,0,0,0,27,0.14,74.1,1.4,222,2026-10-05 19:25:00,PT5M,0.0,0.0,0.0,0.0,0.0
0,0,0,0,27,0.14,74.5,1.4,222,2026-10-05 19:30:00,PT5M,0.0,0.0,0.0,0.0,0.0
0,0,0,0,27,0.14,75.0,1.4,221,2026-10-05 19:35:00,PT5M,0.0,0.0,0.0,0.0,0.0
0,0,0,0,27,0.14,75.5,1.5,220,2026-10-05 19:40:00,PT5M,0.0,0.0,0.0,0.0,0.0
0,0,0,0,27,0.14,75.9,1.5,219,2026-10-05 19:45:00,PT5M,0.0,0.0,0.0,0.0,0.0
0,0,0,0,27,0.14,76.4,1.5,219,2026-10-05 19:50:00,PT5M,0.0,0.0,0.0,0.0,0.0
0,0,0,0,27,0.14,76.9,1.6,218,2026-10-05 19:55:00,PT5M,0.0,0.0,0.0,0.0,0.0
0,0,0,0,27,0.14,77.4,1.6,217,2026-10-05 20:00:00,PT5M,0.0,0.0,0.0,0.0,0.0
0,0,0,0,27,0.14,77.8,1.6,217,2026-10-05 20:05:00,PT5M,0.0,0.0,0.0,0.0,0.0
0,0,0,0,26,0.14,78.3,1.7,216,2026-10-05 20:10:00,PT5M,0.0,0.0,0.0,0.0,0.0
0,0,0,0,26,0.14,78.8,1.7,216,2026-10-05 20:15:00,PT5M,0.0,0.0,0.0,0.0,0.0
0,0,0,0,26,0.14,79.3,1.7,215,2026-10-05 20:20:00,PT5M,0.0,0.0,0.0,0.0,0.0
0,0,0,0,26,0.14,79.8,1.8,214,2026-10-05 20:25:00,PT5M,0.0,0.0,0.0,0.0,0.0
0,0,0,0,26,0.14,80.3,1.8,214,2026-10-05 20:30:00,PT5M,0.0,0.0,0.0,0.0,0.0
0,0,0,0,26,0.14,80.7,1.8,214,2026-10-05 20:35:00,PT5M,0.0,0.0,0.0,0.0,0.0
0,0,0,0,26,0.14,80.8,1.8,214,2026-10-05 20:40:00,PT5M,0.0,0.0,0.0,0.0,0.0
0,0,0,0,26,0.14,81.0,1.8,215,2026-10-05 20:45:00,PT5M,0.0,0.0,0.0,0.0,0.0
0,0,0,0,26,0.14,81.1,1.9,215,2026-10-05 20:50:00,PT5M,0.0,0.0,0.0,0.0,0.0
0,0,0,0,26,0.14,81.3,1.9,215,2026-10-05 20:55:00,PT5M,0.0,0.0,0.0,0.0,0.0
0,0,0,0,26,0.14,81.5,1.9,215,2026-10-05 21:00:00,PT5M,0.0,0.0,0.0,0.0,0.0
0,0,0,0,26,0.14,81.6,1.9,216,2026-10-05 21:05:00,PT5M,0.0,0.0,0.0,0.0,0.0
0,0,0,0,26,0.14,81.8,1.9,216,2026-10-05 21:10:00,PT5M,0.0,0.0,0.0,0.0,0.0
0,0,0,0,26,0.14,81.9,1.9,216,2026-10-05 21:15:00,PT5M,0.0,0.0,0.0,0.0,0.0
0,0,0,0,26,0.14,82.1,1.9,217,2026-10-05 21:20:00,PT5M,0.0,0.0,0.0,0.0,0.0
0,0,0,0,26,0.14,82.3,2.0,217,2026-10-05 21:25:00,PT5M,0.0,0.0,0.0,0.0,0.0
0,0,0,0,26,0.14,82.4,2.0,217,2026-10-05 21:30:00,PT5M,0.0,0.0,0.0,0.0,0.0
0,0,0,0,26,0.14,82.6,2.0,218,2026-10-05 21:35:00,PT5M,0.0,0.0,0.0,0.0,0.0
0,0,0,0,26,0.14,82.7,2.0,218,2026-10-05 21:40:00,PT5M,0.0,0.0,0.0,0.0,0.0
0,0,0,0,25,0.14,82.9,2.0,218,2026-10-05 21:45:00,PT5M,0.0,0.0,0.0,0.0,0.0
0,0,0,0,25,0.14,83.1,2.0,218,2026-10-05 21:50:00,PT5M,0.0,0.0,0.0,0.0,0.0
0,0,0,0,25,0.14,83.2,2.0,219,2026-10-05 21:55:00,PT5M,0.0,0.0,0.0,0.0,0.0
0,0,0,0,25,0.14,83.4,2.1,219,2026-10-05 22:00:00,PT5M,0.0,0.0,0.0,0.0,0.0
0,0,0,0,25,0.14,83.6,2.1,219,2026-10-05 22:05:00,PT5M,0.0,0.0,0.0,0.0,0.0
0,0,0,0,25,0.14,83.7,2.1,219,2026-10-05 22:10:00,PT5M,0.0,0.0,0.0,0.0,0.0
0,0,0,0,25,0.14,83.9,2.1,220,2026-10-05 22:15:00,PT5M,0.0,0.0,0.0,0.0,0.0
0,0,0,0,25,0.14,84.1,2.1,220,2026-10-05 22:20:00,PT5M,0.0,0.0,0.0,0.0,0.0
0,0,0,0,25,0.14,84.2,2.1,220,2026-10-05 22:25:00,PT5M,0.0,0.0,0.0,0.0,0.0
0,0,0,0,25,0.14,84.4,2.1,220,2026-10-05 22:30:00,PT5M,0.0,0.0,0.0,0.0,0.0
0,0,0,0,25,0.14,84.6,2.2,221,2026-10-05 22:35:00,PT5M,0.0,0.0,0.0,0.0,0.0
0,0,0,0,25,0.14,84.7,2.2,221,2026-10-05 22:40:00,PT5M,0.0,0.0,0.0,0.0,0.0
0,0,0,0,25,0.14,84.9,2.2,221,2026-10-05 22:45:00,PT5M,0.0,0.0,0.0,0.0,0.0
0,0,0,0,25,0.14,85.1,2.2,221,2026-10-05 22:50:00,PT5M,0.0,0.0,0.0,0.0,0.0
0,0,0,0,25,0.14,85.2,2.2,222,2026-10-05 22:55:00,PT5M,0.0,0.0,0.0,0.0,0.0
0,0,0,0,25,0.14,85.4,2.2,222,2026-10-05 23:00:00,PT5M,0.0,0.0,0.0,0.0,0.0
0,0,0,0,25,0.14,85.6,2.2,222,2026-10-05 23:05:00,PT5M,0.0,0.0,0.0,0.0,0.0
0,0,0,0,25,0.14,85.7,2.3,222,2026-10-05 23:10:00,PT5M,0.0,0.0,0.0,0.0,0.0
0,0,0,0,25,0.14,85.9,2.3,223,2026-10-05 23:15:00,PT5M,0.0,0.0,0.0,0.0,0.0
0,0,0,0,25,0.14,86.1,2.3,223,2026-10-05 23:20:00,PT5M,0.0,0.0,0.0,0.0,0.0
0,0,0,0,25,0.14,86.3,2.3,223,2026-10-05 23:25:00,PT5M,0.0,0.0,0.0,0.0,0.0
0,0,0,0,25,0.14,86.4,2.3,223,2026-10-05 23:30:00,PT5M,0.0,0.0,0.0,0.0,0.0
0,0,0,0,25,0.14,86.6,2.3,223,2026-10-05 23:35:00,PT5M,0.0,0.0,0.0,0.0,0.0
0,0,0,0,25,0.14,86.6,2.3,223,2026-10-05 23:40:00,PT5M,0.0,0.0,0.0,0.0,0.0
0,0,0,0,25,0.14,86.7,2.3,223,2026-10-05 23:45:00,PT5M,0.0,0.0,0.0,0.0,0.0
0,0,0,0,25,0.14,86.8,2.3,224,2026-10-05 23:50:00,PT5M,0.0,0.0,0.0,0.0,0.0
0,0,0,0,25,0.14,86.9,2.3,224,2026-10-05 23:55:00,PT5M,0.0,0.0,0.0,0.0,0.0
0,0,0,0,25,0.14,87.0,2.2,224,2026-10-06 00:00:00,PT5M,0.0,0.0,0.0,0.0,0.0
0,0,0,0,25,0.14,87.1,2.2,224,2026-10-06 00:05:00,PT5M,0.0,0.0,0.0,0.0,0.0
0,0,0,0,24,0.14,87.2,2.2,224,2026-10-06 00:10:00,PT5M,0.0,0.0,0.0,0.0,0.0
0,0,0,0,24,0.14,87.3,2.2,224,2026-10-06 00:15:00,PT5M,0.0,0.0,0.0,0.0,0.0
0,0,0,0,24,0.14,87.3,2.2,224,2026-10-06 00:20:00,PT5M,0.0,0.0,0.0,0.0,0.0
0,0,0,0,24,0.14,87.4,2.2,224,2026-10-06 00:25:00,PT5M,0.0,0.0,0.0,0.0,0.0
0,0,0,0,24,0.14,87.5,2.2,224,2026-10-06 00:30:00,PT5M,0.0,0.0,0.0,0.0,0.0
0,0,0,0,24,0.14,87.6,2.1,224,2026-10-06 00:35:00,PT5M,0.0,0.0,0.0,0.0,0.0
0,0,0,0,24,0.14,87.7,2.1,225,2026-10-06 00:40:00,PT5M,0.0,0.0,0.0,0.0,0.0
0,0,0,0,24,0.14,87.8,2.1,225,2026-10-06 00:45:00,PT5M,0.0,0.0,0.0,0.0,0.0
0,0,0,0,24,0.14,87.9,2.1,225,2026-10-06 00:50:00,PT5M,0.0,0.0,0.0,0.0,0.0
0,0,0,0,24,0.14,87.9,2.1,225,2026-10-06 00:55:00,PT5M,0.0,0.0,0.0,0.0,0.0
0,0,0,0,24,0.14,88.0,2.1,225,2026-10-06 01:00:00,PT5M,0.0,0.0,0.0,0.0,0.0
0,0,0,0,24,0.14,88.1,2.0,225,2026-10-06 01:05:00,PT5M,0.0,0.0,0.0,0.0,0.0
0,0,0,0,24,0.14,88.2,2.0,225,2026-10-06 01:10:00,PT5M,0.0,0.0,0.0,0.0,0.0
0,0,0,0,24,0.14,88.3,2.0,225,2026-10-06 01:15:00,PT5M,0.0,0.0,0.0,0.0,0.0
0,0,0,0,24,0.14,88.4,2.0,225,2026-10-06 01:20:00,PT5M,0.0,0.0,0.0,0.0,0.0
0,0,0,0,24,0.14,88.5,2.0,226,2026-10-06 01:25:00,PT5M,0.0,0.0,0.0,0.0,0.0
0,0,0,0,24,0.14,88.6,2.0,226,2026-10-06 01:30:00,PT5M,0.0,0.0,0.0,0.0,0.0
0,0,0,0,24,0.14,88.6,1.9,226,2026-10-06 01:35:00,PT5M,0.0,0.0,0.0,0.0,0.0
0,0,0,0,24,0.14,88.7,1.9,226,2026-10-06 01:40:00,PT5M,0.0,0.0,0.0,0.0,0.0
0,0,0,0,24,0.14,88.8,1.9,226,2026-10-06 01:45:00,PT5M,0.0,0.0,0.0,0.0,0.0
0,0,0,0,24,0.14,88.9,1.9,226,2026-10-06 01:50:00,PT5M,0.0,0.0,0.0,0.0,0.0
0,0,0,0,24,0.14,89.0,1.9,226,2026-10-06 01:55:00,PT5M,0.0,0.0,0.0,0.0,0.0
0,0,0,0,24,0.14,89.1,1.9,226,2026-10-06 02:00:00,PT5M,0.0,0.0,0.0,0.0,0.0
0,0,0,0,24,0.14,89.2,1.9,227,2026-10-06 02:05:00,PT5M,0.0,0.0,0.0,0.0,0.0
0,0,0,0,24,0.14,89.3,1.8,227,2026-10-06 02:10:00,PT5M,0.0,0.0,0.0,0.0,0.0
0,0,0,0,24,0.14,89.4,1.8,227,2026-10-06 02:15:00,PT5M,0.0,0.0,0.0,0.0,0.0
0,0,0,0,24,0.14,89.4,1.8,227,2026-10-06 02:20:00,PT5M,0.0,0.0,0.0,0.0,0.0
0,0,0,0,24,0.14,89.5,1.8,227,2026-10-06 02:25:00,PT5M,0.0,0.0,0.0,0.0,0.0
0,0,0,0,24,0.14,89.6,1.8,227,2026-10-06 02:30:00,PT5M,0.0,0.0,0.0,0.0,0.0
0,0,0,0,24,0.14,89.7,1.8,227,2026-10-06 02:35:00,PT5M,0.0,0.0,0.0,0.0,0.0
0,0,0,0,24,0.14,89.7,1.8,227,2026-10-06 02:40:00,PT5M,0.0,0.0,0.0,0.0,0.0
0,0,0,0,24,0.14,89.7,1.7,227,2026-10-06 02:45:00,PT5M,0.0,0.0,0.0,0.0,0.0
0,0,0,0,24,0.14,89.8,1.7,227,2026-10-06 02:50:00,PT5M,0.0,0.0,0.0,0.0,0.0
0,0,0,0,24,0.14,89.8,1.7,227,2026-10-06 02:55:00,PT5M,0.0,0.0,0.0,0.0,0.0
0,0,0,0,24,0.14,89.8,1.7,227,2026-10-06 03:00:00,PT5M,0.0,0.0,0.0,0.0,0.0
0,0,0,0,24,0.14,89.9,1.7,227,2026-10-06 03:05:00,PT5M,0.0,0.0,0.0,0.0,0.0
0,0,0,0,24,0.14,89.9,1.7,227,2026-10-06 03:10:00,PT5M,0.0,0.0,0.0,0.0,0.0
0,0,0,0,24,0.14,89.9,1.7,227,2026-10-06 03:15:00,PT5M,0.0,0.0,0.0,0.0,0.0
0,0,0,0,24,0.14,90.0,1.7,227,2026-10-06 03:20:00,PT5M,0.0,0.0,0.0,0.0,0.0
0,0,0,0,24,0.14,90.0,1.7,227,2026-10-06 03:25:00,PT5M,0.0,0.0,0.0,0.0,0.0
0,0,0,0,24,0.14,90.0,1.7,227,2026-10-06 03:30:00,PT5M,0.0,0.0,0.0,0.0,0.0
0,0,0,0,24,0.14,90.0,1.7,227,2026-10-06 03:35:00,PT5M,0.0,0.0,0.0,0.0,0.0
0,0,0,0,24,0.14,90.1,1.7,227,2026-10-06 03:40:00,PT5M,0.0,0.0,0.0,0.0,0.0
0,0,0,0,24,0.14,90.1,1.7,227,2026-10-06 03:45:00,PT5M,0.0,0.0,0.0,0.0,0.0
0,0,0,0,24,0.14,90.1,1.6,227,2026-10-06 03:50:00,PT5M,0.0,0.0,0.0,0.0,0.0
0,0,0,0,24,0.14,90.2,1.6,227,2026-10-06 03:55:00,PT5M,0.0,0.0,0.0,0.0,0.0
0,0,0,0,24,0.14,90.2,1.6,227,2026-10-06 04:00:00,PT5M,0.0,0.0,0.0,0.0,0.0
0,0,0,0,24,0.14,90.2,1.6,227,2026-10-06 04:05:00,PT5M,0.0,0.0,0.0,0.0,0.0
0,0,0,0,24,0.14,90.3,1.6,228,2026-10-06 04:10:00,PT5M,0.0,0.0,0.0,0.0,0.0
0,0,0,0,24,0.14,90.3,1.6,228,2026-10-06 04:15:00,PT5M,0.0,0.0,0.0,0.0,0.0
0,0,0,0,24,0.14,90.3,1.6,228,2026-10-06 04:20:00,PT5M,0.0,0.0,0.0,0.0,0.0
0,0,0,0,24,0.14,90.3,1.6,228,2026-10-06 04:25:00,PT5M,0.0,0.0,0.0,0.0,0.0
0,0,0,0,24,0.14,90.4,1.6,228,2026-10-06 04:30:00,PT5M,0.0,0.0,0.0,0.0,0.0
0,0,0,0,24,0.14,90.4,1.6,228,2026-10-06 04:35:00,PT5M,0.0,0.0,0.0,0.0,0.0
0,0,0,0,24,0.14,90.4,1.6,228,2026-10-06 04:40:00,PT5M,0.0,0.0,0.0,0.0,0.0
0,0,0,0,24,0.14,90.5,1.6,228,2026-10-06 04:45:00,PT5M,0.0,0.0,0.0,0.0,0.0
0,0,0,0,24,0.14,90.5,1.6,228,2026-10-06 04:50:00,PT5M,0.0,0.0,0.0,0.0,0.0
0,0,0,0,24,0.14,90.5,1.5,228,2026-10-06 04:55:00,PT5M,0.0,0.0,0.0,0.0,0.0
0,0,0,0,24,0.14,90.6,1.5,228,2026-10-06 05:00:00,PT5M,0.0,0.0,0.0,0.0,0.0
0,0,0,0,24,0.14,90.6,1.5,228,2026-10-06 05:05:00,PT5M,0.0,0.0,0.0,0.0,0.0
0,0,0,0,24,0.14,90.6,1.5,228,2026-10-06 05:10:00,PT5M,0.0,0.0,0.0,0.0,0.0
0,0,0,0,24,0.14,90.6,1.5,228,2026-10-06 05:15:00,PT5M,0.0,0.0,0.0,0.0,0.0
0,0,0,0,24,0.14,90.7,1.5,228,2026-10-06 05:20:00,PT5M,0.0,0.0,0.0,0.0,0.0
0,0,0,0,24,0.14,90.7,1.5,228,2026-10-06 05:25:00,PT5M,0.0,0.0,0.0,0.0,0.0
0,0,0,0,24,0.14,90.7,1.5,228,2026-10-06 05:30:00,PT5M,0.0,0.0,0.0,0.0,0.0
0,0,0,0,24,0.14,90.4,1.5,228,2026-10-06 05:35:00,PT5M,0.0,0.0,0.0,0.0,0.0
0,0,0,0,24,0.14,89.6,1.5,229,2026-10-06 05:40:00,PT5M,0.0,0.0,0.0,0.0,0.0
0,0,0,0,24,0.14,88.8,1.5,229,2026-10-06 05:45:00,PT5M,0.0,0.0,0.0,0.0,0.0
0,0,0,0,24,0.14,88.1,1.5,230,2026-10-06 05:50:00,PT5M,0.0,0.0,0.0,0.0,0.0
0,0,0,0,24,0.14,87.3,1.5,230,2026-10-06 05:55:00,PT5M,0.0,0.0,0.0,0.0,0.0
3,3,0,3,24,0.14,86.6,1.6,231,2026-10-06 06:00:00,PT5M,0.0,0.0,0.0,0.0,0.0
9,9,0,9,24,0.14,85.9,1.6,231,2026-10-06 06:05:00,PT5M,0.484,1.0345,0.7737,0.1943,0.0
16,16,0,16,25,0.14,85.1,1.6,232,2026-10-06 06:10:00,PT5M,1.415,2.7265,2.1053,0.7247,0.1035
24,24,0,24,25,0.14,84.4,1.6,232,2026-10-06 06:15:00,PT5M,2.461,4.9265,3.7586,1.1634,0.0
33,33,0,33,25,0.14,83.7,1.6,233,2026-10-06 06:20:00,PT5M,3.613,7.4475,5.6311,1.5949,0.0
43,43,0,43,25,0.14,83.0,1.6,233,2026-10-06 06:25:00,PT5M,4.936,10.3145,7.7667,2.1053,0.0
55,55,0,55,25,0.14,82.3,1.6,234,2026-10-06 06:30:00,PT5M,6.501,13.661,10.2694,2.7326,0.0
68,68,4,67,25,0.14,81.6,1.7,234,2026-10-06 06:35:00,PT5M,8.201,17.267,12.9725,3.4295,0.0
82,82,29,76,25,0.14,80.9,1.7,235,2026-10-06 06:40:00,PT5M,10.7,21.7175,16.4986,4.9014,0.0
97,96,56,85,25,0.14,80.2,1.7,235,2026-10-06 06:45:00,PT5M,13.584,26.554,20.4102,6.7578,0.614
113,112,83,93,26,0.14,79.6,1.7,236,2026-10-06 06:50:00,PT5M,16.713,31.6495,24.5742,8.8518,1.7765
130,128,110,101,26,0.14,78.9,1.7,236,2026-10-06 06:55:00,PT5M,20.093,37.0925,29.04,11.146,3.0935
147,145,135,109,26,0.14,78.2,1.7,237,2026-10-06 07:00:00,PT5M,23.622,42.7435,33.6858,13.5582,4.5005
164,162,156,116,26,0.14,77.6,1.7,237,2026-10-06 07:05:00,PT5M,27.169,48.442,38.3651,15.9729,5.896
181,178,177,123,26,0.14,76.9,1.8,237,2026-10-06 07:10:00,PT5M,30.836,54.2505,43.1592,18.5128,7.4215
198,196,197,130,26,0.14,76.3,1.8,238,2026-10-06 07:15:00,PT5M,34.676,60.238,48.1295,21.2225,9.114
216,213,216,137,26,0.14,75.6,1.8,238,2026-10-06 07:20:00,PT5M,38.61,66.3125,53.19,24.03,10.9075
234,231,236,143,26,0.14,75.0,1.8,239,2026-10-06 07:25:00,PT5M,42.669,72.513,58.3761,26.9619,12.825
253,249,256,149,27,0.14,74.4,1.8,239,2026-10-06 07:30:00,PT5M,46.851,78.8585,63.6968,30.0052,14.8435
272,268,275,155,27,0.14,73.8,1.8,239,2026-10-06 07:35:00,PT5M,51.157,85.344,69.1499,33.1641,16.97
291,286,295,160,27,0.14,73.1,1.8,240,2026-10-06 07:40:00,PT5M,55.507,91.8475,74.6333,36.3807,19.1665
310,306,315,164,27,0.14,72.5,1.9,240,2026-10-06 07:45:00,PT5M,58.549,95.464,77.9776,39.1204,21.634
330,325,335,168,27,0.14,71.9,1.9,241,2026-10-06 07:50:00,PT5M,61.529,98.9605,81.2295,41.8285,24.0975
350,345,355,172,27,0.14,71.3,1.9,241,2026-10-06 07:55:00,PT5M,64.437,100.0,84.3772,44.4968,26.55
370,364,375,175,27,0.14,70.7,1.9,241,2026-10-06 08:00:00,PT5M,67.226,100.0,87.3701,47.0819,28.9515
391,384,395,177,27,0.14,70.1,1.9,242,2026-10-06 08:05:00,PT5M,69.955,100.0,90.262,49.648,31.371
411,405,415,179,28,0.14,69.6,1.9,242,2026-10-06 08:10:00,PT5M,72.567,100.0,92.9906,52.1434,33.7615
432,425,436,181,28,0.14,69.0,2.0,242,2026-10-06 08:15:00,PT5M,75.047,100.0,95.5364,54.5576,36.1165
453,445,456,182,28,0.14,68.4,2.0,243,2026-10-06 08:20:00,PT5M,77.382,100.0,97.8825,56.8815,38.4305
474,466,476,182,28,0.14,67.9,2.0,243,2026-10-06 08:25:00,PT5M,79.582,100.0,100.0,59.0744,40.617
495,487,497,182,28,0.14,67.3,2.0,243,2026-10-06 08:30:00,PT5M,81.691,100.0,100.0,61.2369,42.8275
513,504,509,184,28,0.14,66.6,2.0,244,2026-10-06 08:35:00,PT5M,83.092,100.0,100.0,62.6637,44.2775
528,520,512,189,28,0.14,65.8,2.0,245,2026-10-06 08:40:00,PT5M,83.81,100.0,100.0,63.3706,44.9745
543,534,515,194,29,0.14,65.1,2.0,245,2026-10-06 08:45:00,PT5M,84.48,100.0,100.0,64.0367,45.637
558,549,518,198,29,0.14,64.3,2.0,246,2026-10-06 08:50:00,PT5M,85.112,100.0,100.0,64.6729,46.277
572,563,521,202,29,0.14,63.5,2.0,247,2026-10-06 08:55:00,PT5M,85.709,100.0,100.0,65.302,46.935
586,577,523,207,29,0.14,62.8,2.0,248,2026-10-06 09:00:00,PT5M,86.276,100.0,100.0,66.0332,47.814
600,591,527,210,29,0.14,62.1,1.9,249,2026-10-06 09:05:00,PT5M,86.931,100.0,100.0,66.8548,48.7855
614,605,531,214,29,0.14,61.3,1.9,250,2026-10-06 09:10:00,PT5M,87.553,100.0,100.0,67.6404,49.7185
628,618,534,217,29,0.14,60.6,1.9,251,2026-10-06 09:15:00,PT5M,88.144,100.0,100.0,68.392,50.6145
641,632,537,221,30,0.14,59.9,1.9,252,2026-10-06 09:20:00,PT5M,88.705,100.0,100.0,69.1103,51.4745
654,644,540,224,30,0.14,59.2,1.9,252,2026-10-06 09:25:00,PT5M,89.273,100.0,100.0,69.8323,52.335
666,657,543,227,30,0.14,58.5,1.9,253,2026-10-06 09:30:00,PT5M,89.775,100.0,100.0,70.4848,53.123
679,669,546,231,30,0.14,57.9,1.9,254,2026-10-06 09:35:00,PT5M,90.251,100.0,100.0,71.1076,53.878
690,681,548,234,30,0.14,57.2,1.9,255,2026-10-06 09:40:00,PT5M,90.703,100.0,100.0,71.7028,54.602
701,692,550,237,30,0.14,56.5,1.9,256,2026-10-06 09:45:00,PT5M,91.092,100.0,100.0,72.2286,55.251
712,702,551,240,30,0.14,55.9,1.9,257,2026-10-06 09:50:00,PT5M,91.441,100.0,100.0,72.7092,55.85
722,712,552,243,31,0.14,55.2,1.9,258,2026-10-06 09:55:00,PT5M,91.768,100.0,100.0,73.1628,56.4175
732,722,553,246,31,0.14,54.6,1.9,259,2026-10-06 10:00:00,PT5M,92.072,100.0,100.0,73.5873,56.9505
741,731,554,250,31,0.14,53.9,1.9,260,2026-10-06 10:05:00,PT5M,92.354,100.0,100.0,73.9851,57.4525
750,740,554,252,31,0.14,53.3,1.9,261,2026-10-06 10:10:00,PT5M,92.614,100.0,100.0,74.3561,57.9235
759,748,555,255,31,0.14,52.7,1.9,262,2026-10-06 10:15:00,PT5M,92.851,100.0,100.0,74.6997,58.363
767,756,555,258,31,0.14,52.1,1.9,263,2026-10-06 10:20:00,PT5M,93.066,100.0,100.0,75.0168,58.772
774,764,555,261,31,0.14,51.5,1.9,263,2026-10-06 10:25:00,PT5M,93.26,100.0,100.0,75.3087,59.152
781,771,555,263,32,0.14,50.9,1.9,264,2026-10-06 10:30:00,PT5M,93.438,100.0,100.0,75.5815,59.51
788,778,555,266,32,0.14,50.3,1.9,265,2026-10-06 10:35:00,PT5M,93.595,100.0,100.0,75.829,59.839
795,784,555,268,32,0.14,49.7,1.9,266,2026-10-06 10:40:00,PT5M,93.73,100.0,100.0,76.05,60.1375
800,790,555,271,32,0.14,49.1,1.9,267,2026-10-06 10:45:00,PT5M,93.841,100.0,100.0,76.2413,60.401
806,795,555,273,32,0.14,48.6,1.9,268,2026-10-06 10:50:00,PT5M,93.926,100.0,100.0,76.3992,60.6245
811,800,554,275,32,0.14,48.0,1.9,269,2026-10-06 10:55:00,PT5M,93.976,100.0,100.0,76.5031,60.777
815,805,554,277,32,0.14,47.5,1.9,270,2026-10-06 11:00:00,PT5M,94.015,100.0,100.0,76.5992,60.9245
819,808,553,279,33,0.14,46.9,1.9,271,2026-10-06 11:05:00,PT5M,94.043,100.0,100.0,76.6909,61.0735
823,812,552,281,33,0.14,46.4,1.9,272,2026-10-06 11:10:00,PT5M,94.049,100.0,100.0,76.7538,61.1875
826,815,551,283,33,0.14,45.8,1.9,273,2026-10-06 11:15:00,PT5M,94.028,100.0,100.0,76.7767,61.25
828,817,550,284,33,0.14,45.3,1.9,274,2026-10-06 11:20:00,PT5M,93.984,100.0,100.0,76.7703,61.2775
830,820,549,286,33,0.14,44.8,1.9,275,2026-10-06 11:25:00,PT5M,93.918,100.0,100.0,76.7364,61.2725
832,821,547,287,33,0.14,44.3,1.9,276,2026-10-06 11:30:00,PT5M,93.83,100.0,100.0,76.6758,61.2365
831,821,544,290,33,0.14,44.1,1.9,275,2026-10-06 11:35:00,PT5M,93.627,100.0,100.0,76.4633,61.0155
830,819,537,293,33,0.14,44.2,1.8,273,2026-10-06 11:40:00,PT5M,93.309,100.0,100.0,76.0988,60.609
827,817,531,297,33,0.14,44.4,1.7,270,2026-10-06 11:45:00,PT5M,93.018,100.0,100.0,75.7554,60.2185
825,814,525,300,33,0.14,44.5,1.6,267,2026-10-06 11:50:00,PT5M,92.65,100.0,100.0,75.3292,59.74
821,811,518,303,33,0.14,44.7,1.5,264,2026-10-06 11:55:00,PT5M,92.265,100.0,100.0,74.88,59.233
817,807,512,306,33,0.14,44.8,1.5,261,2026-10-06 12:00:00,PT5M,91.964,100.0,100.0,74.5093,58.7995
813,803,505,309,33,0.14,45.0,1.4,257,2026-10-06 12:05:00,PT5M,91.63,100.0,100.0,74.0992,58.321
808,798,497,312,33,0.14,45.1,1.3,253,2026-10-06 12:10:00,PT5M,91.263,100.0,100.0,73.6499,57.7975
803,793,490,315,33,0.14,45.3,1.3,249,2026-10-06 12:15:00,PT5M,90.869,100.0,100.0,73.1688,57.238
797,788,482,318,33,0.14,45.4,1.2,244,2026-10-06 12:20:00,PT5M,90.448,100.0,100.0,72.6554,56.6415
791,781,475,320,33,0.14,45.6,1.2,239,2026-10-06 12:25:00,PT5M,90.0,100.0,100.0,72.1106,56.0095
784,775,467,323,33,0.14,45.7,1.2,234,2026-10-06 12:30:00,PT5M,89.525,100.0,100.0,71.5353,55.344
776,767,458,325,33,0.14,45.9,1.2,228,2026-10-06 12:35:00,PT5M,88.965,100.0,100.0,70.8595,54.564
768,759,448,328,33,0.14,46.1,1.2,222,2026-10-06 12:40:00,PT5M,88.316,100.0,100.0,70.0797,53.6665
759,750,439,331,33,0.14,46.2,1.2,217,2026-10-06 12:45:00,PT5M,87.627,100.0,100.0,69.2489,52.708
749,741,429,333,33,0.14,46.4,1.2,211,2026-10-06 12:50:00,PT5M,86.907,100.0,100.0,68.3844,51.7135
739,731,419,335,33,0.14,46.5,1.2,206,2026-10-06 12:55:00,PT5M,86.176,100.0,100.0,67.5174,50.724
729,722,409,337,33,0.14,46.7,1.2,201,2026-10-06 13:00:00,PT5M,85.422,100.0,100.0,66.6284,49.7135
719,711,400,338,33,0.14,46.8,1.3,196,2026-10-06 13:05:00,PT5M,84.617,100.0,100.0,65.6749,48.6265
708,701,390,339,33,0.14,47.0,1.3,192,2026-10-06 13:10:00,PT5M,83.774,100.0,100.0,64.6791,47.493
697,690,380,340,33,0.14,47.1,1.4,188,2026-10-06 13:15:00,PT5M,82.895,100.0,100.0,63.6445,46.3185
686,679,371,341,33,0.14,47.3,1.5,184,2026-10-06 13:20:00,PT5M,81.982,100.0,100.0,62.5742,45.1065
675,668,361,341,33,0.14,47.4,1.6,181,2026-10-06 13:25:00,PT5M,81.036,100.0,100.0,61.47,43.86
663,656,352,341,33,0.14,47.6,1.6,178,2026-10-06 13:30:00,PT5M,79.993,100.0,99.7179,60.2681,42.515
651,644,342,341,33,0.14,47.8,1.7,175,2026-10-06 13:35:00,PT5M,78.985,100.0,98.8699,59.1001,41.203
638,632,333,340,33,0.14,47.9,1.8,173,2026-10-06 13:40:00,PT5M,77.943,100.0,97.9892,57.8968,39.8545
626,620,324,339,33,0.14,48.1,1.9,171,2026-10-06 13:45:00,PT5M,76.865,100.0,97.0739,56.6561,38.4675
613,608,314,338,33,0.14,48.2,2.0,169,2026-10-06 13:50:00,PT5M,75.75,100.0,96.1226,55.3774,37.0415
600,595,305,336,33,0.14,48.4,2.1,167,2026-10-06 13:55:00,PT5M,74.598,100.0,95.1353,54.0607,35.5765
587,582,296,334,33,0.14,48.6,2.2,165,2026-10-06 14:00:00,PT5M,73.405,100.0,94.1097,52.7003,34.0655
574,569,287,332,33,0.14,48.7,2.3,164,2026-10-06 14:05:00,PT5M,72.187,100.0,93.059,51.315,32.5295
560,555,278,330,33,0.14,48.9,2.4,162,2026-10-06 14:10:00,PT5M,70.919,100.0,91.9597,49.8783,30.941
546,542,269,327,33,0.14,49.1,2.5,161,2026-10-06 14:15:00,PT5M,69.594,100.0,90.8044,48.3836,29.2935
532,528,259,324,33,0.14,49.2,2.6,160,2026-10-06 14:20:00,PT5M,68.233,100.0,89.6129,46.8531,27.6105
518,514,250,320,33,0.14,49.4,2.7,159,2026-10-06 14:25:00,PT5M,66.836,100.0,88.3854,45.2866,25.8915
504,500,241,316,33,0.14,49.5,2.8,158,2026-10-06 14:30:00,PT5M,65.402,100.0,87.1201,43.6839,24.137
488,484,229,313,33,0.14,49.9,2.8,157,2026-10-06 14:35:00,PT5M,63.624,100.0,85.4802,41.7678,22.0965
470,466,213,310,33,0.14,50.4,2.7,157,2026-10-06 14:40:00,PT5M,61.519,100.0,83.4813,39.5567,19.79
452,449,198,306,32,0.14,50.9,2.6,156,2026-10-06 14:45:00,PT5M,59.362,100.0,81.4211,37.3029,17.449
434,431,183,302,32,0.14,51.4,2.4,156,2026-10-06 14:50:00,PT5M,57.188,99.255,79.3282,35.0478,15.121
417,414,169,298,32,0.14,51.9,2.3,156,2026-10-06 14:55:00,PT5M,55.05,97.2375,77.2536,32.8464,12.8625
400,398,156,292,32,0.14,52.4,2.2,155,2026-10-06 15:00:00,PT5M,52.877,95.1545,75.128,30.626,10.5995
383,381,143,287,32,0.14,52.9,2.1,155,2026-10-06 15:05:00,PT5M,50.651,92.917,72.8959,28.4061,8.385
366,364,129,281,32,0.14,53.4,2.0,154,2026-10-06 15:10:00,PT5M,48.371,90.636,70.6154,26.1266,6.106
349,348,116,275,32,0.14,53.9,1.9,154,2026-10-06 15:15:00,PT5M,46.043,88.265,68.2647,23.8213,3.821
333,332,104,268,32,0.14,54.5,1.8,153,2026-10-06 15:20:00,PT5M,43.908,86.035,66.0797,21.7363,1.781
316,316,91,262,31,0.14,55.0,1.7,152,2026-10-06 15:25:00,PT5M,41.515,83.496,63.6099,19.4201,0.0
300,300,79,254,31,0.14,55.6,1.6,152,2026-10-06 15:30:00,PT5M,39.093,80.8695,61.0803,17.1057,0.0
284,284,67,247,31,0.14,56.1,1.5,151,2026-10-06 15:35:00,PT5M,36.608,78.086,58.4382,14.7778,0.0
268,268,54,239,31,0.14,56.7,1.4,150,2026-10-06 15:40:00,PT5M,34.076,75.1455,55.6912,12.4608,0.0
252,252,42,230,31,0.14,57.2,1.3,148,2026-10-06 15:45:00,PT5M,31.537,72.0995,52.8853,10.1887,0.0
237,237,30,222,31,0.14,57.8,1.1,147,2026-10-06 15:50:00,PT5M,29.318,69.2825,50.3516,8.2844,0.0
222,222,19,213,31,0.14,58.4,1.0,145,2026-10-06 15:55:00,PT5M,26.78,66.064,47.4555,6.1045,0.0
207,207,8,204,31,0.14,58.9,0.9,143,2026-10-06 16:00:00,PT5M,24.253,62.782,44.5311,3.9749,0.0
192,193,0,193,30,0.14,59.5,0.8,140,2026-10-06 16:05:00,PT5M,21.961,59.6695,41.8073,2.1147,0.0
178,179,0,179,30,0.14,60.1,0.7,137,2026-10-06 16:10:00,PT5M,20.393,57.1405,39.7335,1.0525,0.0
165,166,0,166,30,0.14,60.7,0.6,133,2026-10-06 16:15:00,PT5M,19.185,53.549,37.271,1.099,0.0
152,152,0,152,30,0.14,61.3,0.6,127,2026-10-06 16:20:00,PT5M,17.833,49.8975,34.7088,0.9572,0.0
139,140,0,140,30,0.14,61.9,0.5,119,2026-10-06 16:25:00,PT5M,16.447,46.2265,32.1202,0.7738,0.0
127,127,0,127,30,0.14,62.5,0.4,107,2026-10-06 16:30:00,PT5M,15.06,42.515,29.5098,0.6102,0.0
115,115,0,115,30,0.14,63.2,0.4,92,2026-10-06 16:35:00,PT5M,13.683,38.859,26.9333,0.4327,0.0
104,104,0,104,30,0.14,63.8,0.3,74,2026-10-06 16:40:00,PT5M,12.304,35.2035,24.3562,0.2518,0.0
92,93,0,93,29,0.14,64.4,0.4,56,2026-10-06 16:45:00,PT5M,10.957,31.5965,21.8197,0.0943,0.0
82,82,0,82,29,0.14,65.1,0.4,41,2026-10-06 16:50:00,PT5M,9.655,28.0735,19.3488,0.0,0.0
71,72,0,72,29,0.14,65.7,0.5,29,2026-10-06 16:55:00,PT5M,8.375,24.6475,16.9393,0.0,0.0
61,62,0,62,29,0.14,66.4,0.6,21,2026-10-06 17:00:00,PT5M,7.159,21.387,14.6473,0.0,0.0
52,52,0,52,29,0.14,67.0,0.6,15,2026-10-06 17:05:00,PT5M,5.943,18.191,12.3892,0.0,0.0
43,44,0,44,29,0.14,67.7,0.7,11,2026-10-06 17:10:00,PT5M,4.839,15.158,10.27,0.0,0.0
36,36,0,36,29,0.14,68.4,0.8,7,2026-10-06 17:15:00,PT5M,3.882,12.239,8.2803,0.0,0.0
28,28,0,28,29,0.14,69.1,0.9,5,2026-10-06 17:20:00,PT5M,2.982,9.4575,6.3901,0.0,0.0
22,22,0,22,28,0.14,69.8,1.0,3,2026-10-06 17:25:00,PT5M,2.131,6.8425,4.6107,0.0,0.0
16,16,0,16,28,0.14,70.5,1.1,1,2026-10-06 17:30:00,PT5M,1.433,4.692,3.1482,0.0,0.0
12,12,0,12,28,0.14,70.9,1.2,359,2026-10-06 17:35:00,PT5M,0.84,2.495,1.711,0.0,0.0
8,8,0,8,28,0.14,71.1,1.1,358,2026-10-06 17:40:00,PT5M,0.309,1.2445,0.8014,0.0,0.0
4,4,0,4,28,0.14,71.3,1.0,356,2026-10-06 17:45:00,PT5M,0.0,0.333,0.1753,0.0,0.0
1,1,0,1,28,0.14,71.5,0.9,354,2026-10-06 17:50:00,PT5M,0.0,0.0,0.0,0.0,0.0
0,0,0,0,28,0.14,71.7,0.9,352,2026-10-06 17:55:00,PT5M,0.0,0.0,0.0,0.0,0.0
0,0,0,0,28,0.14,72.0,0.8,349,2026-10-06 18:00:00,PT5M,0.0,0.0,0.0,0.0,0.0
0,0,0,0,28,0.14,72.2,0.7,345,2026-10-06 18:05:00,PT5M,0.0,0.0,0.0,0.0,0.0
0,0,0,0,28,0.14,72.4,0.7,341,2026-10-06 18:10:00,PT5M,0.0,0.0,0.0,0.0,0.0
0,0,0,0,28,0.14,72.6,0.6,336,2026-10-06 18:15:00,PT5M,0.0,0.0,0.0,0.0,0.0
0,0,0,0,28,0.14,72.8,0.5,330,2026-10-06 18:20:00,PT5M,0.0,0.0,0.0,0.0,0.0
0,0,0,0,28,0.14,73.0,0.5,323,2026-10-06 18:25:00,PT5M,0.0,0.0,0.0,0.0,0.0
0,0,0,0,28,0.14,73.2,0.4,314,2026-10-06 18:30:00,PT5M,0.0,0.0,0.0,0.0,0.0
0,0,0,0,28,0.14,73.4,0.4,303,2026-10-06 18:35:00,PT5M,0.0,0.0,0.0,0.0,0.0
0,0,0,0,28,0.14,73.7,0.4,292,2026-10-06 18:40:00,PT5M,0.0,0.0,0.0,0.0,0.0
0,0,0,0,27,0.14,73.9,0.4,280,2026-10-06 18:45:00,PT5M,0.0,0.0,0.0,0.0,0.0
0,0,0,0,27,0.14,74.1,0.4,269,2026-10-06 18:50:00,PT5M,0.0,0.0,0.0,0.0,0.0
0,0,0,0,27,0.14,74.3,0.5,260,2026-10-06 18:55:00,PT5M,0.0,0.0,0.0,0.0,0.0
0,0,0,0,27,0.14,74.5,0.5,252,2026-10-06 19:00:00,PT5M,0.0,0.0,0.0,0.0,0.0
0,0,0,0,27,0.14,74.7,0.6,245,2026-10-06 19:05:00,PT5M,0.0,0.0,0.0,0.0,0.0
0,0,0,0,27,0.14,75.0,0.6,240,2026-10-06 19:10:00,PT5M,0.0,0.0,0.0,0.0,0.0
0,0,0,0,27,0.14,75.2,0.7,235,2026-10-06 19:15:00,PT5M,0.0,0.0,0.0,0.0,0.0
0,0,0,0,27,0.14,75.4,0.8,232,2026-10-06 19:20:00,PT5M,0.0,0.0,0.0,0.0,0.0
0,0,0,0,27,0.14,75.6,0.8,229,2026-10-06 19:25:00,PT5M,0.0,0.0,0.0,0.0,0.0
0,0,0,0,27,0.14,75.8,0.9,226,2026-10-06 19:30:00,PT5M,0.0,0.0,0.0,0.0,0.0
0,0,0,0,27,0.14,76.1,1.0,224,2026-10-06 19:35:00,PT5M,0.0,0.0,0.0,0.0,0.0
0,0,0,0,27,0.14,76.3,1.1,222,2026-10-06 19:40:00,PT5M,0.0,0.0,0.0,0.0,0.0
0,0,0,0,27,0.14,76.5,1.1,221,2026-10-06 19:45:00,PT5M,0.0,0.0,0.0,0.0,0.0
0,0,0,0,27,0.14,76.7,1.2,219,2026-10-06 19:50:00,PT5M,0.0,0.0,0.0,0.0,0.0
0,0,0,0,27,0.14,77.0,1.3,218,2026-10-06 19:55:00,PT5M,0.0,0.0,0.0,0.0,0.0
0,0,0,0,27,0.14,77.2,1.4,217,2026-10-06 20:00:00,PT5M,0.0,0.0,0.0,0.0,0.0
0,0,0,0,27,0.14,77.4,1.4,216,2026-10-06 20:05:00,PT5M,0.0,0.0,0.0,0.0,0.0
0,0,0,0,27,0.14,77.6,1.5,215,2026-10-06 20:10:00,PT5M,0.0,0.0,0.0,0.0,0.0
0,0,0,0,27,0.14,77.9,1.6,214,2026-10-06 20:15:00,PT5M,0.0,0.0,0.0,0.0,0.0
0,0,0,0,26,0.14,78.1,1.7,214,2026-10-06 20:20:00,PT5M,0.0,0.0,0.0,0.0,0.0
0,0,0,0,26,0.14,78.3,1.8,213,2026-10-06 20:25:00,PT5M,0.0,0.0,0.0,0.0,0.0
0,0,0,0,26,0.14,78.6,1.8,212,2026-10-06 20:30:00,PT5M,0.0,0.0,0.0,0.0,0.0
0,0,0,0,26,0.14,78.8,1.9,212,2026-10-06 20:35:00,PT5M,0.0,0.0,0.0,0.0,0.0
0,0,0,0,26,0.14,78.9,1.9,213,2026-10-06 20:40:00,PT5M,0.0,0.0,0.0,0.0,0.0
0,0,0,0,26,0.14,79.1,1.9,213,2026-10-06 20:45:00,PT5M,0.0,0.0,0.0,0.0,0.0
0,0,0,0,26,0.14,79.3,1.9,214,2026-10-06 20:50:00,PT5M,0.0,0.0,0.0,0.0,0.0
0,0,0,0,26,0.14,79.4,1.9,215,2026-10-06 20:55:00,PT5M,0.0,0.0,0.0,0.0,0.0
0,0,0,0,26,0.14,79.6,1.9,215,2026-10-06 21:00:00,PT5M,0.0,0.0,0.0,0.0,0.0
0,0,0,0,26,0.14,79.8,1.9,216,2026-10-06 21:05:00,PT5M,0.0,0.0,0.0,0.0,0.0
0,0,0,0,26,0.14,79.9,1.9,216,2026-10-06 21:10:00,PT5M,0.0,0.0,0.0,0.0,0.0
0,0,0,0,26,0.14,80.1,1.9,217,2026-10-06 21:15:00,PT5M,0.0,0.0,0.0,0.0,0.0
0,0,0,0,26,0.14,80.3,1.9,217,2026-10-06 21:20:00,PT5M,0.0,0.0,0.0,0.0,0.0
0,0,0,0,26,0.14,80.5,2.0,218,2026-10-06 21:25:00,PT5M,0.0,0.0,0.0,0.0,0.0
0,0,0,0,26,0.14,80.6,2.0,219,2026-10-06 21:30:00,PT5M,0.0,0.0,0.0,0.0,0.0
0,0,0,0,26,0.14,80.8,2.0,219,2026-10-06 21:35:00,PT5M,0.0,0.0,0.0,0.0,0.0
0,0,0,0,26,0.14,81.0,2.0,220,2026-10-06 21:40:00,PT5M,0.0,0.0,0.0,0.0,0.0
0,0,0,0,26,0.14,81.1,2.0,220,2026-10-06 21:45:00,PT5M,0.0,0.0,0.0,0.0,0.0
0,0,0,0,26,0.14,81.3,2.0,221,2026-10-06 21:50:00,PT5M,0.0,0.0,0.0,0.0,0.0
0,0,0,0,26,0.14,81.5,2.0,221,2026-10-06 21:55:00,PT5M,0.0,0.0,0.0,0.0,0.0
0,0,0,0,26,0.14,81.7,2.0,222,2026-10-06 22:00:00,PT5M,0.0,0.0,0.0,0.0,0.0
0,0,0,0,26,0.14,81.8,2.0,222,2026-10-06 22:05:00,PT5M,0.0,0.0,0.0,0.0,0.0
0,0,0,0,26,0.14,82.0,2.0,223,2026-10-06 22:10:00,PT5M,0.0,0.0,0.0,0.0,0.0
0,0,0,0,25,0.14,82.2,2.0,223,2026-10-06 22:15:00,PT5M,0.0,0.0,0.0,0.0,0.0
0,0,0,0,25,0.14,82.4,2.1,224,2026-10-06 22:20:00,PT5M,0.0,0.0,0.0,0.0,0.0
0,0,0,0,25,0.14,82.5,2.1,224,2026-10-06 22:25:00,PT5M,0.0,0.0,0.0,0.0,0.0
0,0,0,0,25,0.14,82.7,2.1,225,2026-10-06 22:30:00,PT5M,0.0,0.0,0.0,0.0,0.0
0,0,0,0,25,0.14,82.9,2.1,225,2026-10-06 22:35:00,PT5M,0.0,0.0,0.0,0.0,0.0
0,0,0,0,25,0.14,83.1,2.1,226,2026-10-06 22:40:00,PT5M,0.0,0.0,0.0,0.0,0.0
0,0,0,0,25,0.14,83.3,2.1,226,2026-10-06 22:45:00,PT5M,0.0,0.0,0.0,0.0,0.0
0,0,0,0,25,0.14,83.4,2.1,227,2026-10-06 22:50:00,PT5M,0.0,0.0,0.0,0.0,0.0
0,0,0,0,25,0.14,83.6,2.1,227,2026-10-06 22:55:00,PT5M,0.0,0.0,0.0,0.0,0.0
0,0,0,0,25,0.14,83.8,2.1,228,2026-10-06 23:00:00,PT5M,0.0,0.0,0.0,0.0,0.0
0,0,0,0,25,0.14,84.0,2.1,228,2026-10-06 23:05:00,PT5M,0.0,0.0,0.0,0.0,0.0
0,0,0,0,25,0.14,84.2,2.2,229,2026-10-06 23:10:00,PT5M,0.0,0.0,0.0,0.0,0.0
0,0,0,0,25,0.14,84.3,2.2,229,2026-10-06 23:15:00,PT5M,0.0,0.0,0.0,0.0,0.0
0,0,0,0,25,0.14,84.5,2.2,229,2026-10-06 23:20:00,PT5M,0.0,0.0,0.0,0.0,0.0
0,0,0,0,25,0.14,84.7,2.2,230,2026-10-06 23:25:00,PT5M,0.0,0.0,0.0,0.0,0.0
0,0,0,0,25,0.14,84.9,2.2,230,2026-10-06 23:30:00,PT5M,0.0,0.0,0.0,0.0,0.0
0,0,0,0,25,0.14,85.0,2.2,231,2026-10-06 23:35:00,PT5M,0.0,0.0,0.0,0.0,0.0
0,0,0,0,25,0.14,85.1,2.2,231,2026-10-06 23:40:00,PT5M,0.0,0.0,0.0,0.0,0.0
0,0,0,0,25,0.14,85.2,2.1,232,2026-10-06 23:45:00,PT5M,0.0,0.0,0.0,0.0,0.0
0,0,0,0,25,0.14,85.3,2.1,232,2026-10-06 23:50:00,PT5M,0.0,0.0,0.0,0.0,0.0
0,0,0,0,25,0.14,85.4,2.1,233,2026-10-06 23:55:00,PT5M,0.0,0.0,0.0,0.0,0.0
0,0,0,0,25,0.14,85.4,2.1,233,2026-10-07 00:00:00,PT5M,0.0,0.0,0.0,0.0,0.0
0,0,0,0,25,0.14,85.5,2.1,234,2026-10-07 00:05:00,PT5M,0.0,0.0,0.0,0.0,0.0
0,0,0,0,25,0.14,85.6,2.0,234,2026-10-07 00:10:00,PT5M,0.0,0.0,0.0,0.0,0.0
0,0,0,0,25,0.14,85.7,2.0,235,2026-10-07 00:15:00,PT5M,0.0,0.0,0.0,0.0,0.0
0,0,0,0,25,0.14,85.8,2.0,235,2026-10-07 00:20:00,PT5M,0.0,0.0,0.0,0.0,0.0
0,0,0,0,25,0.14,85.9,2.0,236,2026-10-07 00:25:00,PT5M,0.0,0.0,0.0,0.0,0.0
0,0,0,0,25,0.14,85.9,2.0,237,2026-10-07 00:30:00,PT5M,0.0,0.0,0.0,0.0,0.0
0,0,0,0,25,0.14,86.0,1.9,237,2026-10-07 00:35:00,PT5M,0.0,0.0,0.0,0.0,0.0
0,0,0,0,25,0.14,86.1,1.9,238,2026-10-07 00:40:00,PT5M,0.0,0.0,0.0,0.0,0.0
0,0,0,0,25,0.14,86.2,1.9,238,2026-10-07 00:45:00,PT5M,0.0,0.0,0.0,0.0,0.0
0,0,0,0,25,0.14,86.3,1.9,239,2026-10-07 00:50:00,PT5M,0.0,0.0,0.0,0.0,0.0
0,0,0,0,25,0.14,86.4,1.9,240,2026-10-07 00:55:00,PT5M,0.0,0.0,0.0,0.0,0.0
0,0,0,0,25,0.14,86.5,1.8,240,2026-10-07 01:00:00,PT5M,0.0,0.0,0.0,0.0,0.0
0,0,0,0,24,0.14,86.5,1.8,241,2026-10-07 01:05:00,PT5M,0.0,0.0,0.0,0.0,0.0
0,0,0,0,24,0.14,86.6,1.8,242,2026-10-07 01:10:00,PT5M,0.0,0.0,0.0,0.0,0.0
0,0,0,0,24,0.14,86.7,1.8,242,2026-10-07 01:15:00,PT5M,0.0,0.0,0.0,0.0,0.0
0,0,0,0,24,0.14,86.8,1.8,243,2026-10-07 01:20:00,PT5M,0.0,0.0,0.0,0.0,0.0
0,0,0,0,24,0.14,86.9,1.8,244,2026-10-07 01:25:00,PT5M,0.0,0.0,0.0,0.0,0.0
0,0,0,0,24,0.14,87.0,1.7,245,2026-10-07 01:30:00,PT5M,0.0,0.0,0.0,0.0,0.0
0,0,0,0,24,0.14,87.1,1.7,245,2026-10-07 01:35:00,PT5M,0.0,0.0,0.0,0.0,0.0
0,0,0,0,24,0.14,87.2,1.7,246,2026-10-07 01:40:00,PT5M,0.0,0.0,0.0,0.0,0.0
0,0,0,0,24,0.14,87.2,1.7,247,2026-10-07 01:45:00,PT5M,0.0,0.0,0.0,0.0,0.0
0,0,0,0,24,0.14,87.3,1.7,248,2026-10-07 01:50:00,PT5M,0.0,0.0,0.0,0.0,0.0
0,0,0,0,24,0.14,87.4,1.7,248,2026-10-07 01:55:00,PT5M,0.0,0.0,0.0,0.0,0.0
0,0,0,0,24,0.14,87.5,1.6,249,2026-10-07 02:00:00,PT5M,0.0,0.0,0.0,0.0,0.0
0,0,0,0,24,0.14,87.6,1.6,250,2026-10-07 02:05:00,PT5M,0.0,0.0,0.0,0.0,0.0
0,0,0,0,24,0.14,87.7,1.6,251,2026-10-07 02:10:00,PT5M,0.0,0.0,0.0,0.0,0.0
0,0,0,0,24,0.14,87.8,1.6,252,2026-10-07 02:15:00,PT5M,0.0,0.0,0.0,0.0,0.0
0,0,0,0,24,0.14,87.8,1.6,253,2026-10-07 02:20:00,PT5M,0.0,0.0,0.0,0.0,0.0
0,0,0,0,24,0.14,87.9,1.6,254,2026-10-07 02:25:00,PT5M,0.0,0.0,0.0,0.0,0.0
0,0,0,0,24,0.14,88.0,1.6,255,2026-10-07 02:30:00,PT5M,0.0,0.0,0.0,0.0,0.0
0,0,0,0,24,0.14,88.1,1.5,255,2026-10-07 02:35:00,PT5M,0.0,0.0,0.0,0.0,0.0
0,0,0,0,24,0.14,88.1,1.5,255,2026-10-07 02:40:00,PT5M,0.0,0.0,0.0,0.0,0.0
0,0,0,0,24,0.14,88.1,1.5,254,2026-10-07 02:45:00,PT5M,0.0,0.0,0.0,0.0,0.0
0,0,0,0,24,0.14,88.1,1.5,254,2026-10-07 02:50:00,PT5M,0.0,0.0,0.0,0.0,0.0
0,0,0,0,24,0.14,88.1,1.5,254,2026-10-07 02:55:00,PT5M,0.0,0.0,0.0,0.0,0.0
0,0,0,0,24,0.14,88.1,1.5,253,2026-10-07 03:00:00,PT5M,0.0,0.0,0.0,0.0,0.0
0,0,0,0,24,0.14,88.1,1.4,253,2026-10-07 03:05:00,PT5M,0.0,0.0,0.0,0.0,0.0
0,0,0,0,24,0.14,88.1,1.4,253,2026-10-07 03:10:00,PT5M,0.0,0.0,0.0,0.0,0.0
0,0,0,0,24,0.14,88.1,1.4,252,2026-10-07 03:15:00,PT5M,0.0,0.0,0.0,0.0,0.0
0,0,0,0,24,0.14,88.1,1.4,252,2026-10-07 03:20:00,PT5M,0.0,0.0,0.0,0.0,0.0
0,0,0,0,24,0.14,88.1,1.4,252,2026-10-07 03:25:00,PT5M,0.0,0.0,0.0,0.0,0.0
0,0,0,0,24,0.14,88.1,1.3,251,2026-10-07 03:30:00,PT5M,0.0,0.0,0.0,0.0,0.0
0,0,0,0,24,0.14,88.1,1.3,251,2026-10-07 03:35:00,PT5M,0.0,0.0,0.0,0.0,0.0
0,0,0,0,24,0.14,88.1,1.3,251,2026-10-07 03:40:00,PT5M,0.0,0.0,0.0,0.0,0.0
0,0,0,0,24,0.14,88.1,1.3,250,2026-10-07 03:45:00,PT5M,0.0,0.0,0.0,0.0,0.0
0,0,0,0,24,0.14,88.1,1.3,250,2026-10-07 03:50:00,PT5M,0.0,0.0,0.0,0.0,0.0
0,0,0,0,24,0.14,88.1,1.3,249,2026-10-07 03:55:00,PT5M,0.0,0.0,0.0,0.0,0.0
0,0,0,0,24,0.14,88.1,1.2,249,2026-10-07 04:00:00,PT5M,0.0,0.0,0.0,0.0,0.0
0,0,0,0,24,0.14,88.1,1.2,248,2026-10-07 04:05:00,PT5M,0.0,0.0,0.0,0.0,0.0
0,0,0,0,24,0.14,88.1,1.2,248,2026-10-07 04:10:00,PT5M,0.0,0.0,0.0,0.0,0.0
0,0,0,0,24,0.14,88.1,1.2,247,2026-10-07 04:15:00,PT5M,0.0,0.0,0.0,0.0,0.0
0,0,0,0,24,0.14,88.1,1.2,247,2026-10-07 04:20:00,PT5M,0.0,0.0,0.0,0.0,0.0
0,0,0,0,24,0.14,88.1,1.2,246,2026-10-07 04:25:00,PT5M,0.0,0.0,0.0,0.0,0.0
0,0,0,0,24,0.14,88.1,1.1,246,2026-10-07 04:30:00,PT5M,0.0,0.0,0.0,0.0,0.0
0,0,0,0,24,0.14,88.1,1.1,245,2026-10-07 04:35:00,PT5M,0.0,0.0,0.0,0.0,0.0
0,0,0,0,24,0.14,88.1,1.1,245,2026-10-07 04:40:00,PT5M,0.0,0.0,0.0,0.0,0.0
0,0,0,0,24,0.14,88.1,1.1,244,2026-10-07 04:45:00,PT5M,0.0,0.0,0.0,0.0,0.0
0,0,0,0,24,0.14,88.0,1.1,244,2026-10-07 04:50:00,PT5M,0.0,0.0,0.0,0.0,0.0
0,0,0,0,24,0.14,88.0,1.1,243,2026-10-07 04:55:00,PT5M,0.0,0.0,0.0,0.0,0.0
0,0,0,0,24,0.14,88.0,1.0,243,2026-10-07 05:00:00,PT5M,0.0,0.0,0.0,0.0,0.0
0,0,0,0,24,0.14,88.0,1.0,242,2026-10-07 05:05:00,PT5M,0.0,0.0,0.0,0.0,0.0
0,0,0,0,24,0.14,88.0,1.0,241,2026-10-07 05:10:00,PT5M,0.0,0.0,0.0,0.0,0.0
0,0,0,0,24,0.14,88.0,1.0,241,2026-10-07 05:15:00,PT5M,0.0,0.0,0.0,0.0,0.0
0,0,0,0,24,0.14,88.0,1.0,240,2026-10-07 05:20:00,PT5M,0.0,0.0,0.0,0.0,0.0
0,0,0,0,24,0.14,88.0,1.0,239,2026-10-07 05:25:00,PT5M,0.0,0.0,0.0,0.0,0.0
0,0,0,0,24,0.14,88.0,1.0,238,2026-10-07 05:30:00,PT5M,0.0,0.0,0.0,0.0,0.0
0,0,0,0,24,0.14,87.7,0.9,238,2026-10-07 05:35:00,PT5M,0.0,0.0,0.0,0.0,0.0
0,0,0,0,24,0.14,87.0,0.9,238,2026-10-07 05:40:00,PT5M,0.0,0.0,0.0,0.0,0.0
0,0,0,0,24,0.14,86.3,0.9,237,2026-10-07 05:45:00,PT5M,0.0,0.0,0.0,0.0,0.0
0,0,0,0,24,0.14,85.6,0.9,237,2026-10-07 05:50:00,PT5M,0.0,0.0,0.0,0.0,0.0
0,0,0,0,24,0.14,84.9,0.9,237,2026-10-07 05:55:00,PT5M,0.0,0.0,0.0,0.0,0.0
4,4,0,4,25,0.14,84.2,0.9,237,2026-10-07 06:00:00,PT5M,0.0,0.0,0.0,0.0,0.0
11,12,0,12,25,0.14,83.5,0.9,236,2026-10-07 06:05:00,PT5M,0.876,1.4135,1.1589,0.5931,0.3385
20,20,0,20,25,0.14,82.8,0.9,236,2026-10-07 06:10:00,PT5M,2.058,3.202,2.6601,1.4559,0.914
30,30,0,30,25,0.14,82.1,0.9,236,2026-10-07 06:15:00,PT5M,3.358,5.3345,4.3982,2.3178,1.3815
42,42,28,39,25,0.14,81.5,0.9,236,2026-10-07 06:20:00,PT5M,5.14,8.223,6.7626,3.5174,2.057
55,54,58,47,25,0.14,80.8,0.9,236,2026-10-07 06:25:00,PT5M,7.42,11.839,9.7458,5.0942,3.001
69,68,91,55,25,0.14,80.2,0.9,235,2026-10-07 06:30:00,PT5M,10.278,16.239,13.4153,7.1407,4.317
85,83,126,63,26,0.14,79.5,0.9,235,2026-10-07 06:35:00,PT5M,13.571,21.215,17.5941,9.5479,5.927
102,100,161,70,26,0.14,78.9,0.9,235,2026-10-07 06:40:00,PT5M,17.09,26.4835,22.0339,12.1461,7.6965
120,117,195,76,26,0.14,78.2,0.9,235,2026-10-07 06:45:00,PT5M,20.91,32.071,26.7841,15.0359,9.749
138,135,229,82,26,0.14,77.6,0.9,234,2026-10-07 06:50:00,PT5M,24.948,37.912,31.771,18.125,11.984
157,154,262,88,26,0.14,77.0,0.9,234,2026-10-07 06:55:00,PT5M,29.207,44.0585,37.0235,21.3905,14.3555
176,172,290,94,26,0.14,76.4,0.9,234,2026-10-07 07:00:00,PT5M,33.488,50.3415,42.3581,24.6179,16.6345
194,190,311,100,26,0.14,75.8,0.9,234,2026-10-07 07:05:00,PT5M,37.654,56.553,47.6007,27.7073,18.755
213,208,329,106,26,0.14,75.2,0.9,233,2026-10-07 07:10:00,PT5M,41.785,62.772,52.8306,30.7394,20.798
231,226,345,111,27,0.14,74.6,0.9,233,2026-10-07 07:15:00,PT5M,45.955,69.0115,58.0898,33.8202,22.8985
249,244,361,117,27,0.14,74.0,0.9,233,2026-10-07 07:20:00,PT5M,50.121,75.259,63.3513,36.8907,24.983
268,262,375,123,27,0.14,73.4,0.9,233,2026-10-07 07:25:00,PT5M,54.285,81.509,68.6132,39.9568,27.061
286,280,389,128,27,0.14,72.8,0.9,232,2026-10-07 07:30:00,PT5M,58.448,87.7695,73.8801,43.0159,29.1265
305,298,401,133,27,0.14,72.2,0.9,232,2026-10-07 07:35:00,PT5M,62.621,94.085,79.1807,46.0613,31.157
323,316,413,138,27,0.14,71.6,0.9,232,2026-10-07 07:40:00,PT5M,66.648,100.0,84.3111,48.9849,33.0875
341,335,425,143,27,0.14,71.1,0.9,232,2026-10-07 07:45:00,PT5M,68.749,100.0,86.7629,50.7351,34.522
360,353,436,148,28,0.14,70.5,0.9,231,2026-10-07 07:50:00,PT5M,70.755,100.0,89.0947,52.4153,35.909
378,371,447,153,28,0.14,69.9,0.9,231,2026-10-07 07:55:00,PT5M,72.66,100.0,91.2992,54.0208,37.245
396,388,457,157,28,0.14,69.4,0.9,231,2026-10-07 08:00:00,PT5M,74.454,100.0,93.3629,55.5451,38.5265
414,406,467,161,28,0.14,68.8,0.9,231,2026-10-07 08:05:00,PT5M,76.154,100.0,95.3042,57.0038,39.768
432,424,476,165,28,0.14,68.3,0.9,230,2026-10-07 08:10:00,PT5M,77.742,100.0,97.0991,58.3849,40.963
449,441,486,169,28,0.14,67.7,0.9,230,2026-10-07 08:15:00,PT5M,79.182,100.0,98.7017,59.6623,42.094
467,458,494,173,28,0.14,67.2,0.9,230,2026-10-07 08:20:00,PT5M,80.464,100.0,100.0,60.8354,43.169
484,475,502,176,28,0.14,66.7,0.9,230,2026-10-07 08:25:00,PT5M,81.612,100.0,100.0,61.9105,44.1785
501,492,510,180,29,0.14,66.2,0.9,230,2026-10-07 08:30:00,PT5M,82.68,100.0,100.0,62.9261,45.147
517,508,516,184,29,0.14,65.6,0.9,231,2026-10-07 08:35:00,PT5M,83.602,100.0,100.0,63.8121,46.0005
533,524,520,188,29,0.14,65.0,0.9,235,2026-10-07 08:40:00,PT5M,84.388,100.0,100.0,64.5749,46.7425
548,539,525,192,29,0.14,64.3,0.9,238,2026-10-07 08:45:00,PT5M,85.12,100.0,100.0,65.2616,47.3885
563,554,529,196,29,0.14,63.7,0.9,241,2026-10-07 08:50:00,PT5M,85.808,100.0,100.0,65.946,48.0695
578,568,532,200,29,0.14,63.1,1.0,244,2026-10-07 08:55:00,PT5M,86.456,100.0,100.0,66.5982,48.7255
592,582,536,204,29,0.14,62.5,1.0,248,2026-10-07 09:00:00,PT5M,87.067,100.0,100.0,67.2213,49.3595
607,597,540,207,30,0.14,61.9,1.0,251,2026-10-07 09:05:00,PT5M,87.766,100.0,100.0,68.0092,50.2275
621,611,545,210,30,0.14,61.3,1.0,254,2026-10-07 09:10:00,PT5M,88.475,100.0,100.0,68.8924,51.2675
635,625,549,213,30,0.14,60.7,1.0,256,2026-10-07 09:15:00,PT5M,89.098,100.0,100.0,69.6862,52.215
648,638,554,215,30,0.14,60.2,1.1,259,2026-10-07 09:20:00,PT5M,89.688,100.0,100.0,70.4438,53.1235
662,651,557,218,30,0.14,59.6,1.1,261,2026-10-07 09:25:00,PT5M,90.246,100.0,100.0,71.1658,53.993
675,664,561,221,30,0.14,59.0,1.1,264,2026-10-07 09:30:00,PT5M,90.776,100.0,100.0,71.8563,54.828
687,677,565,223,30,0.14,58.5,1.2,266,2026-10-07 09:35:00,PT5M,91.277,100.0,100.0,72.5049,55.6095
699,688,568,226,30,0.14,57.9,1.2,268,2026-10-07 09:40:00,PT5M,91.751,100.0,100.0,73.1134,56.339
711,700,570,228,31,0.14,57.4,1.2,270,2026-10-07 09:45:00,PT5M,92.164,100.0,100.0,73.6538,56.994
722,711,572,231,31,0.14,56.8,1.3,272,2026-10-07 09:50:00,PT5M,92.531,100.0,100.0,74.1418,57.591
732,721,574,234,31,0.14,56.3,1.3,274,2026-10-07 09:55:00,PT5M,92.875,100.0,100.0,74.6011,58.154
742,731,576,236,31,0.14,55.8,1.3,276,2026-10-07 10:00:00,PT5M,93.195,100.0,100.0,75.0292,58.6795
752,740,577,239,31,0.14,55.2,1.4,277,2026-10-07 10:05:00,PT5M,93.482,100.0,100.0,75.4186,59.161
761,749,578,242,31,0.14,54.7,1.4,279,2026-10-07 10:10:00,PT5M,93.735,100.0,100.0,75.7677,59.5965
769,758,578,245,31,0.14,54.2,1.5,280,2026-10-07 10:15:00,PT5M,93.967,100.0,100.0,76.0905,60.001
777,766,578,247,32,0.14,53.7,1.5,281,2026-10-07 10:20:00,PT5M,94.177,100.0,100.0,76.3862,60.374
785,774,579,250,32,0.14,53.2,1.5,283,2026-10-07 10:25:00,PT5M,94.366,100.0,100.0,76.6563,60.717
792,781,579,252,32,0.14,52.7,1.6,284,2026-10-07 10:30:00,PT5M,94.539,100.0,100.0,76.9064,61.0365
800,788,580,254,32,0.14,52.2,1.6,285,2026-10-07 10:35:00,PT5M,94.753,100.0,100.0,77.2138,61.428
807,796,582,255,32,0.14,51.7,1.7,286,2026-10-07 10:40:00,PT5M,95.004,100.0,100.0,77.5743,61.887
814,803,584,256,32,0.14,51.2,1.7,287,2026-10-07 10:45:00,PT5M,95.23,100.0,100.0,77.9045,62.311
821,809,587,257,32,0.14,50.7,1.8,288,2026-10-07 10:50:00,PT5M,95.43,100.0,100.0,78.2011,62.6945
827,815,588,258,33,0.14,50.3,1.8,289,2026-10-07 10:55:00,PT5M,95.595,100.0,100.0,78.4432,63.006
833,821,590,259,33,0.14,49.8,1.9,290,2026-10-07 11:00:00,PT5M,95.748,100.0,100.0,78.6783,63.315
838,826,592,260,33,0.14,49.3,1.9,290,2026-10-07 11:05:00,PT5M,95.887,100.0,100.0,78.9057,63.622
843,831,593,261,33,0.14,48.9,2.0,291,2026-10-07 11:10:00,PT5M,96.004,100.0,100.0,79.1038,63.893
847,835,595,261,33,0.14,48.4,2.0,292,2026-10-07 11:15:00,PT5M,96.094,100.0,100.0,79.2619,64.1125
851,839,596,262,33,0.14,48.0,2.1,293,2026-10-07 11:20:00,PT5M,96.161,100.0,100.0,79.391,64.2975
854,842,597,262,33,0.14,47.5,2.1,293,2026-10-07 11:25:00,PT5M,96.205,100.0,100.0,79.4911,64.448
857,845,598,262,33,0.14,47.1,2.2,294,2026-10-07 11:30:00,PT5M,96.229,100.0,100.0,79.5664,64.5695
856,844,593,265,34,0.14,47.0,2.1,294,2026-10-07 11:35:00,PT5M,95.966,100.0,100.0,79.2839,64.2695
852,840,582,271,33,0.14,47.2,2.0,294,2026-10-07 11:40:00,PT5M,95.419,100.0,100.0,78.6461,63.55
847,835,571,277,33,0.14,47.5,1.9,293,2026-10-07 11:45:00,PT5M,94.852,100.0,100.0,77.9823,62.799
842,830,559,283,33,0.14,47.7,1.8,292,2026-10-07 11:50:00,PT5M,94.262,100.0,100.0,77.2894,62.0135
836,825,548,288,33,0.14,48.0,1.7,292,2026-10-07 11:55:00,PT5M,93.665,100.0,100.0,76.5837,61.21
830,819,537,293,33,0.14,48.2,1.5,291,2026-10-07 12:00:00,PT5M,93.142,100.0,100.0,75.9465,60.47
823,812,525,299,33,0.14,48.5,1.4,290,2026-10-07 12:05:00,PT5M,92.615,100.0,100.0,75.2969,59.71
815,805,511,306,33,0.14,48.7,1.3,289,2026-10-07 12:10:00,PT5M,91.989,100.0,100.0,74.5403,58.836
807,797,497,312,33,0.14,49.0,1.2,288,2026-10-07 12:15:00,PT5M,91.337,100.0,100.0,73.7533,57.9275
799,789,484,318,33,0.14,49.2,1.1,286,2026-10-07 12:20:00,PT5M,90.656,100.0,100.0,72.9326,56.981
790,780,471,323,33,0.14,49.5,0.9,284,2026-10-07 12:25:00,PT5M,89.948,100.0,100.0,72.0812,56.0005
780,771,457,329,33,0.14,49.7,0.8,281,2026-10-07 12:30:00,PT5M,89.21,100.0,100.0,71.1966,54.984
770,761,443,334,33,0.14,50.0,0.7,278,2026-10-07 12:35:00,PT5M,88.384,100.0,100.0,70.2204,53.8725
759,750,428,339,33,0.14,50.3,0.6,274,2026-10-07 12:40:00,PT5M,87.466,100.0,100.0,69.1474,52.66
747,739,413,344,33,0.14,50.5,0.5,267,2026-10-07 12:45:00,PT5M,86.502,100.0,100.0,68.0184,51.3825
735,727,398,349,33,0.14,50.8,0.4,257,2026-10-07 12:50:00,PT5M,85.505,100.0,100.0,66.8548,50.069
723,716,384,353,33,0.14,51.0,0.3,243,2026-10-07 12:55:00,PT5M,84.494,100.0,100.0,65.6864,48.759
711,703,369,357,33,0.14,51.3,0.3,223,2026-10-07 13:00:00,PT5M,83.452,100.0,100.0,64.4868,47.4175
698,691,356,359,33,0.14,51.6,0.3,199,2026-10-07 13:05:00,PT5M,82.335,100.0,100.0,63.2029,45.9835
686,679,344,361,32,0.14,51.8,0.3,179,2026-10-07 13:10:00,PT5M,81.256,100.0,100.0,61.9561,44.5855
673,667,332,362,32,0.14,52.1,0.4,165,2026-10-07 13:15:00,PT5M,80.138,100.0,99.6079,60.6681,43.1445
660,654,320,363,32,0.14,52.4,0.5,156,2026-10-07 13:20:00,PT5M,78.985,100.0,98.6263,59.3437,41.666
647,641,308,363,32,0.14,52.7,0.6,150,2026-10-07 13:25:00,PT5M,77.799,100.0,97.6116,57.9864,40.1545
634,629,297,363,32,0.14,52.9,0.7,145,2026-10-07 13:30:00,PT5M,76.581,100.0,96.5651,56.5969,38.6105
621,616,286,362,32,0.14,53.2,0.8,142,2026-10-07 13:35:00,PT5M,75.386,100.0,95.5422,55.2298,37.0885
609,603,276,361,32,0.14,53.5,1.0,140,2026-10-07 13:40:00,PT5M,74.214,100.0,94.5431,53.8849,35.588
596,591,267,360,32,0.14,53.8,1.1,138,2026-10-07 13:45:00,PT5M,73.006,100.0,93.5083,52.5037,34.051
583,578,257,358,32,0.14,54.0,1.2,136,2026-10-07 13:50:00,PT5M,71.759,100.0,92.4352,51.0828,32.4735
569,565,248,356,32,0.14,54.3,1.3,135,2026-10-07 13:55:00,PT5M,70.476,100.0,91.3262,49.6258,30.86
556,552,238,353,32,0.14,54.6,1.4,134,2026-10-07 14:00:00,PT5M,69.15,100.0,90.1762,48.1238,29.1995
542,538,229,350,32,0.14,54.9,1.5,133,2026-10-07 14:05:00,PT5M,67.787,100.0,88.989,46.585,27.5025
529,525,219,347,32,0.14,55.2,1.7,132,2026-10-07 14:10:00,PT5M,66.356,100.0,87.7349,44.9771,25.7355
514,511,210,344,32,0.14,55.5,1.8,131,2026-10-07 14:15:00,PT5M,64.872,100.0,86.4277,43.3163,23.9155
500,497,200,340,32,0.14,55.7,1.9,131,2026-10-07 14:20:00,PT5M,63.359,100.0,85.0905,41.6275,22.0685
486,483,190,336,32,0.14,56.0,2.0,130,2026-10-07 14:25:00,PT5M,61.81,100.0,83.7162,39.9038,20.1875
472,469,181,331,32,0.14,56.3,2.1,130,2026-10-07 14:30:00,PT5M,60.226,100.0,82.1941,38.2579,18.486
456,453,169,327,31,0.14,56.8,2.2,129,2026-10-07 14:35:00,PT5M,58.371,100.0,80.3993,36.3427,16.5165
439,436,155,323,31,0.14,57.4,2.1,128,2026-10-07 14:40:00,PT5M,56.247,98.206,78.3303,34.1637,14.288
422,420,142,318,31,0.14,58.1,2.0,127,2026-10-07 14:45:00,PT5M,54.092,96.1695,76.2377,31.9463,12.0145
405,403,129,312,31,0.14,58.7,1.9,125,2026-10-07 14:50:00,PT5M,51.934,94.1005,74.1265,29.7415,9.7675
389,387,117,307,31,0.14,59.4,1.9,124,2026-10-07 14:55:00,PT5M,49.8,92.0235,72.0225,27.5775,7.5765
372,371,105,300,31,0.14,60.1,1.8,122,2026-10-07 15:00:00,PT5M,47.853,90.1025,70.0892,25.6168,5.6035
356,355,93,294,31,0.14,60.8,1.7,121,2026-10-07 15:05:00,PT5M,45.618,87.835,67.8371,23.3989,3.401
340,339,81,288,30,0.14,61.5,1.7,119,2026-10-07 15:10:00,PT5M,43.303,85.415,65.4668,21.1392,1.191
324,323,69,281,30,0.14,62.2,1.6,117,2026-10-07 15:15:00,PT5M,40.942,82.9045,63.0272,18.8568,0.0
308,308,57,273,30,0.14,62.9,1.5,115,2026-10-07 15:20:00,PT5M,38.552,80.316,60.5327,16.5713,0.0
293,292,45,266,30,0.14,63.6,1.5,112,2026-10-07 15:25:00,PT5M,36.135,77.644,57.9815,14.2885,0.0
277,277,34,258,30,0.14,64.3,1.4,110,2026-10-07 15:30:00,PT5M,33.696,74.8865,55.3749,12.0171,0.0
262,262,24,249,30,0.14,65.0,1.3,107,2026-10-07 15:35:00,PT5M,31.684,72.4555,53.1423,10.2257,0.0
248,248,14,241,30,0.14,65.8,1.3,104,2026-10-07 15:40:00,PT5M,29.369,69.611,50.5487,8.1893,0.0
233,234,4,232,29,0.14,66.5,1.2,101,2026-10-07 15:45:00,PT5M,27.051,66.662,47.8986,6.2034,0.0
219,220,0,220,29,0.14,67.3,1.2,97,2026-10-07 15:50:00,PT5M,25.189,64.0745,45.6547,4.7233,0.0
206,206,0,206,29,0.14,68.1,1.2,94,2026-10-07 15:55:00,PT5M,23.636,61.71,43.6746,3.5974,0.0
192,193,0,193,29,0.14,68.8,1.1,90,2026-10-07 16:00:00,PT5M,22.101,59.2855,41.6715,2.5305,0.0
179,180,0,180,29,0.14,69.6,1.1,85,2026-10-07 16:05:00,PT5M,20.597,56.848,39.6762,1.5178,0.0
167,167,0,167,29,0.14,70.4,1.1,81,2026-10-07 16:10:00,PT5M,19.199,54.2375,37.64,0.758,0.0
154,155,0,155,29,0.14,71.2,1.0,76,2026-10-07 16:15:00,PT5M,18.059,50.7375,35.2579,0.8601,0.0
142,143,0,143,28,0.14,72.1,1.0,71,2026-10-07 16:20:00,PT5M,16.799,47.1895,32.7937,0.8043,0.0
131,131,0,131,28,0.14,72.9,1.0,67,2026-10-07 16:25:00,PT5M,15.506,43.6265,30.306,0.706,0.0
119,120,0,120,28,0.14,73.7,1.0,62,2026-10-07 16:30:00,PT5M,14.208,40.073,27.8209,0.5951,0.0
108,108,0,108,28,0.14,74.6,1.1,57,2026-10-07 16:35:00,PT5M,12.902,34.6635,24.3552,1.4488,0.0
97,97,0,97,28,0.14,75.4,1.1,52,2026-10-07 16:40:00,PT5M,11.583,31.1625,21.8878,1.2782,0.0
87,87,0,87,28,0.14,76.3,1.1,48,2026-10-07 16:45:00,PT5M,10.296,27.741,19.4774,1.1146,0.0
77,77,0,77,28,0.14,77.2,1.1,44,2026-10-07 16:50:00,PT5M,9.053,24.417,17.1392,0.9668,0.0
67,67,0,67,27,0.14,78.1,1.2,40,2026-10-07 16:55:00,PT5M,7.826,21.0435,14.7825,0.8695,0.0
57,57,0,57,27,0.14,79.0,1.2,36,2026-10-07 17:00:00,PT5M,6.669,17.862,12.56,0.778,0.0
48,49,0,49,27,0.14,79.9,1.3,33,2026-10-07 17:05:00,PT5M,5.506,14.797,10.3959,0.6161,0.0
40,40,0,40,27,0.14,80.8,1.3,30,2026-10-07 17:10:00,PT5M,4.468,12.0095,8.4371,0.4989,0.0
33,33,0,33,27,0.14,81.7,1.4,27,2026-10-07 17:15:00,PT5M,3.569,9.449,6.6637,0.4743,0.0
26,26,0,26,27,0.14,82.7,1.4,24,2026-10-07 17:20:00,PT5M,2.717,7.093,5.0201,0.4139,0.0
20,20,0,20,26,0.14,83.7,1.5,22,2026-10-07 17:25:00,PT5M,1.924,5.024,3.5556,0.2924,0.0
15,15,0,15,26,0.14,84.6,1.5,19,2026-10-07 17:30:00,PT5M,1.278,3.3985,2.394,0.162,0.0
11,11,0,11,26,0.14,85.2,1.6,18,2026-10-07 17:35:00,PT5M,0.718,2.112,1.4517,0.0,0.0
7,7,0,7,26,0.14,85.4,1.5,17,2026-10-07 17:40:00,PT5M,0.213,0.9985,0.6264,0.0,0.0
3,3,0,3,26,0.14,85.5,1.4,16,2026-10-07 17:45:00,PT5M,0.0,0.229,0.1205,0.0,0.0
1,1,0,1,26,0.14,85.7,1.4,14,2026-10-07 17:50:00,PT5M,0.0,0.0,0.0,0.0,0.0
0,0,0,0,26,0.14,85.9,1.3,13,2026-10-07 17:55:00,PT5M,0.0,0.0,0.0,0.0,0.0
0,0,0,0,26,0.14,86.0,1.3,12,2026-10-07 18:00:00,PT5M,0.0,0.0,0.0,0.0,0.0
0,0,0,0,26,0.14,86.2,1.2,10,2026-10-07 18:05:00,PT5M,0.0,0.0,0.0,0.0,0.0
0,0,0,0,26,0.14,86.4,1.2,8,2026-10-07 18:10:00,PT5M,0.0,0.0,0.0,0.0,0.0
0,0,0,0,26,0.14,86.6,1.1,6,2026-10-07 18:15:00,PT5M,0.0,0.0,0.0,0.0,0.0
0,0,0,0,26,0.14,86.7,1.1,4,2026-10-07 18:20:00,PT5M,0.0,0.0,0.0,0.0,0.0
0,0,0,0,26,0.14,86.9,1.0,2,2026-10-07 18:25:00,PT5M,0.0,0.0,0.0,0.0,0.0
0,0,0,0,26,0.14,87.1,1.0,359,2026-10-07 18:30:00,PT5M,0.0,0.0,0.0,0.0,0.0
0,0,0,0,26,0.14,87.2,0.9,357,2026-10-07 18:35:00,PT5M,0.0,0.0,0.0,0.0,0.0
0,0,0,0,26,0.14,87.4,0.9,353,2026-10-07 18:40:00,PT5M,0.0,0.0,0.0,0.0,0.0
0,0,0,0,26,0.14,87.6,0.8,350,2026-10-07 18:45:00,PT5M,0.0,0.0,0.0,0.0,0.0
0,0,0,0,26,0.14,87.8,0.8,346,2026-10-07 18:50:00,PT5M,0.0,0.0,0.0,0.0,0.0
0,0,0,0,26,0.14,87.9,0.8,342,2026-10-07 18:55:00,PT5M,0.0,0.0,0.0,0.0,0.0
0,0,0,0,26,0.14,88.1,0.7,338,2026-10-07 19:00:00,PT5M,0.0,0.0,0.0,0.0,0.0
0,0,0,0,26,0.14,88.3,0.7,333,2026-10-07 19:05:00,PT5M,0.0,0.0,0.0,0.0,0.0
0,0,0,0,26,0.14,88.5,0.7,328,2026-10-07 19:10:00,PT5M,0.0,0.0,0.0,0.0,0.0
0,0,0,0,26,0.14,88.6,0.7,322,2026-10-07 19:15:00,PT5M,0.0,0.0,0.0,0.0,0.0
0,0,0,0,26,0.14,88.8,0.7,317,2026-10-07 19:20:00,PT5M,0.0,0.0,0.0,0.0,0.0
0,0,0,0,26,0.14,89.0,0.7,311,2026-10-07 19:25:00,PT5M,0.0,0.0,0.0,0.0,0.0
0,0,0,0,25,0.14,89.2,0.7,306,2026-10-07 19:30:00,PT5M,0.0,0.0,0.0,0.0,0.0
0,0,0,0,25,0.14,89.3,0.7,300,2026-10-07 19:35:00,PT5M,0.0,0.0,0.0,0.0,0.0
0,0,0,0,25,0.14,89.5,0.7,295,2026-10-07 19:40:00,PT5M,0.0,0.0,0.0,0.0,0.0
0,0,0,0,25,0.14,89.7,0.7,290,2026-10-07 19:45:00,PT5M,0.0,0.0,0.0,0.0,0.0
0,0,0,0,25,0.14,89.9,0.7,286,2026-10-07 19:50:00,PT5M,0.0,0.0,0.0,0.0,0.0
0,0,0,0,25,0.14,90.0,0.8,281,2026-10-07 19:55:00,PT5M,0.0,0.0,0.0,0.0,0.0
0,0,0,0,25,0.14,90.2,0.8,278,2026-10-07 20:00:00,PT5M,0.0,0.0,0.0,0.0,0.0
0,0,0,0,25,0.14,90.4,0.9,274,2026-10-07 20:05:00,PT5M,0.0,0.0,0.0,0.0,0.0
0,0,0,0,25,0.14,90.6,0.9,271,2026-10-07 20:10:00,PT5M,0.0,0.0,0.0,0.0,0.0
0,0,0,0,25,0.14,90.8,0.9,268,2026-10-07 20:15:00,PT5M,0.0,0.0,0.0,0.0,0.0
0,0,0,0,25,0.14,90.9,1.0,265,2026-10-07 20:20:00,PT5M,0.0,0.0,0.0,0.0,0.0
0,0,0,0,25,0.14,91.1,1.0,263,2026-10-07 20:25:00,PT5M,0.0,0.0,0.0,0.0,0.0
0,0,0,0,25,0.14,91.3,1.1,261,2026-10-07 20:30:00,PT5M,0.0,0.0,0.0,0.0,0.0
0,0,0,0,25,0.14,91.4,1.1,259,2026-10-07 20:35:00,PT5M,0.0,0.0,0.0,0.0,0.0
0,0,0,0,25,0.14,91.3,1.1,258,2026-10-07 20:40:00,PT5M,0.0,0.0,0.0,0.0,0.0
0,0,0,0,25,0.14,91.3,1.1,257,2026-10-07 20:45:00,PT5M,0.0,0.0,0.0,0.0,0.0
0,0,0,0,25,0.14,91.2,1.1,256,2026-10-07 20:50:00,PT5M,0.0,0.0,0.0,0.0,0.0
0,0,0,0,25,0.14,91.2,1.1,256,2026-10-07 20:55:00,PT5M,0.0,0.0,0.0,0.0,0.0
0,0,0,0,25,0.14,91.1,1.2,255,2026-10-07 21:00:00,PT5M,0.0,0.0,0.0,0.0,0.0
0,0,0,0,25,0.14,91.1,1.2,254,2026-10-07 21:05:00,PT5M,0.0,0.0,0.0,0.0,0.0
0,0,0,0,25,0.14,91.1,1.2,253,2026-10-07 21:10:00,PT5M,0.0,0.0,0.0,0.0,0.0
0,0,0,0,25,0.14,91.0,1.2,252,2026-10-07 21:15:00,PT5M,0.0,0.0,0.0,0.0,0.0
0,0,0,0,25,0.14,91.0,1.2,251,2026-10-07 21:20:00,PT5M,0.0,0.0,0.0,0.0,0.0
0,0,0,0,25,0.14,90.9,1.2,250,2026-10-07 21:25:00,PT5M,0.0,0.0,0.0,0.0,0.0
0,0,0,0,25,0.14,90.9,1.2,249,2026-10-07 21:30:00,PT5M,0.0,0.0,0.0,0.0,0.0
0,0,0,0,25,0.14,90.8,1.2,249,2026-10-07 21:35:00,PT5M,0.0,0.0,0.0,0.0,0.0
0,0,0,0,25,0.14,90.8,1.2,248,2026-10-07 21:40:00,PT5M,0.0,0.0,0.0,0.0,0.0
0,0,0,0,25,0.14,90.7,1.2,247,2026-10-07 21:45:00,PT5M,0.0,0.0,0.0,0.0,0.0
0,0,0,0,25,0.14,90.7,1.2,246,2026-10-07 21:50:00,PT5M,0.0,0.0,0.0,0.0,0.0
0,0,0,0,25,0.14,90.6,1.3,246,2026-10-07 21:55:00,PT5M,0.0,0.0,0.0,0.0,0.0
0,0,0,0,25,0.14,90.6,1.3,245,2026-10-07 22:00:00,PT5M,0.0,0.0,0.0,0.0,0.0
0,0,0,0,25,0.14,90.5,1.3,244,2026-10-07 22:05:00,PT5M,0.0,0.0,0.0,0.0,0.0
0,0,0,0,25,0.14,90.5,1.3,243,2026-10-07 22:10:00,PT5M,0.0,0.0,0.0,0.0,0.0
0,0,0,0,25,0.14,90.5,1.3,243,2026-10-07 22:15:00,PT5M,0.0,0.0,0.0,0.0,0.0
0,0,0,0,25,0.14,90.4,1.3,242,2026-10-07 22:20:00,PT5M,0.0,0.0,0.0,0.0,0.0
0,0,0,0,25,0.14,90.4,1.3,241,2026-10-07 22:25:00,PT5M,0.0,0.0,0.0,0.0,0.0
0,0,0,0,25,0.14,90.3,1.3,241,2026-10-07 22:30:00,PT5M,0.0,0.0,0.0,0.0,0.0
0,0,0,0,25,0.14,90.3,1.3,240,2026-10-07 22:35:00,PT5M,0.0,0.0,0.0,0.0,0.0
0,0,0,0,25,0.14,90.2,1.4,239,2026-10-07 22:40:00,PT5M,0.0,0.0,0.0,0.0,0.0
0,0,0,0,25,0.14,90.2,1.4,239,2026-10-07 22:45:00,PT5M,0.0,0.0,0.0,0.0,0.0
0,0,0,0,25,0.14,90.1,1.4,238,2026-10-07 22:50:00,PT5M,0.0,0.0,0.0,0.0,0.0
0,0,0,0,25,0.14,90.1,1.4,237,2026-10-07 22:55:00,PT5M,0.0,0.0,0.0,0.0,0.0
0,0,0,0,25,0.14,90.0,1.4,237,2026-10-07 23:00:00,PT5M,0.0,0.0,0.0,0.0,0.0
0,0,0,0,25,0.14,90.0,1.4,236,2026-10-07 23:05:00,PT5M,0.0,0.0,0.0,0.0,0.0
0,0,0,0,25,0.14,89.9,1.4,236,2026-10-07 23:10:00,PT5M,0.0,0.0,0.0,0.0,0.0
0,0,0,0,25,0.14,89.9,1.5,235,2026-10-07 23:15:00,PT5M,0.0,0.0,0.0,0.0,0.0
0,0,0,0,25,0.14,89.9,1.5,234,2026-10-07 23:20:00,PT5M,0.0,0.0,0.0,0.0,0.0
0,0,0,0,25,0.14,89.8,1.5,234,2026-10-07 23:25:00,PT5M,0.0,0.0,0.0,0.0,0.0
0,0,0,0,25,0.14,89.8,1.5,233,2026-10-07 23:30:00,PT5M,0.0,0.0,0.0,0.0,0.0
0,0,0,0,25,0.14,89.7,1.5,233,2026-10-07 23:35:00,PT5M,0.0,0.0,0.0,0.0,0.0
0,0,0,0,25,0.14,89.7,1.5,233,2026-10-07 23:40:00,PT5M,0.0,0.0,0.0,0.0,0.0
0,0,0,0,25,0.14,89.7,1.5,233,2026-10-07 23:45:00,PT5M,0.0,0.0,0.0,0.0,0.0
0,0,0,0,25,0.14,89.7,1.6,233,2026-10-07 23:50:00,PT5M,0.0,0.0,0.0,0.0,0.0
0,0,0,0,25,0.14,89.7,1.6,232,2026-10-07 23:55:00,PT5M,0.0,0.0,0.0,0.0,0.0
0,0,0,0,25,0.14,89.7,1.6,232,2026-10-08 00:00:00,PT5M,0.0,0.0,0.0,0.0,0.0
0,0,0,0,25,0.14,89.7,1.6,232,2026-10-08 00:05:00,PT5M,0.0,0.0,0.0,0.0,0.0
0,0,0,0,25,0.14,89.7,1.6,232,2026-10-08 00:10:00,PT5M,0.0,0.0,0.0,0.0,0.0
0,0,0,0,25,0.14,89.7,1.6,232,2026-10-08 00:15:00,PT5M,0.0,0.0,0.0,0.0,0.0
0,0,0,0,25,0.14,89.7,1.7,232,2026-10-08 00:20:00,PT5M,0.0,0.0,0.0,0.0,0.0
0,0,0,0,25,0.14,89.7,1.7,232,2026-10-08 00:25:00,PT5M,0.0,0.0,0.0,0.0,0.0
0,0,0,0,25,0.14,89.7,1.7,231,2026-10-08 00:30:00,PT5M,0.0,0.0,0.0,0.0,0.0
0,0,0,0,25,0.14,89.7,1.7,231,2026-10-08 00:35:00,PT5M,0.0,0.0,0.0,0.0,0.0
0,0,0,0,25,0.14,89.7,1.7,231,2026-10-08 00:40:00,PT5M,0.0,0.0,0.0,0.0,0.0
0,0,0,0,25,0.14,89.7,1.8,231,2026-10-08 00:45:00,PT5M,0.0,0.0,0.0,0.0,0.0
0,0,0,0,25,0.14,89.7,1.8,231,2026-10-08 00:50:00,PT5M,0.0,0.0,0.0,0.0,0.0
0,0,0,0,25,0.14,89.7,1.8,231,2026-10-08 00:55:00,PT5M,0.0,0.0,0.0,0.0,0.0
0,0,0,0,25,0.14,89.7,1.8,231,2026-10-08 01:00:00,PT5M,0.0,0.0,0.0,0.0,0.0
0,0,0,0,25,0.14,89.7,1.8,231,2026-10-08 01:05:00,PT5M,0.0,0.0,0.0,0.0,0.0
0,0,0,0,25,0.14,89.7,1.8,230,2026-10-08 01:10:00,PT5M,0.0,0.0,0.0,0.0,0.0
0,0,0,0,25,0.14,89.7,1.9,230,2026-10-08 01:15:00,PT5M,0.0,0.0,0.0,0.0,0.0
0,0,0,0,24,0.14,89.7,1.9,230,2026-10-08 01:20:00,PT5M,0.0,0.0,0.0,0.0,0.0
0,0,0,0,24,0.14,89.7,1.9,230,2026-10-08 01:25:00,PT5M,0.0,0.0,0.0,0.0,0.0
0,0,0,0,24,0.14,89.7,1.9,230,2026-10-08 01:30:00,PT5M,0.0,0.0,0.0,0.0,0.0
0,0,0,0,24,0.14,89.7,1.9,230,2026-10-08 01:35:00,PT5M,0.0,0.0,0.0,0.0,0.0
0,0,0,0,24,0.14,89.7,1.9,230,2026-10-08 01:40:00,PT5M,0.0,0.0,0.0,0.0,0.0
0,0,0,0,24,0.14,89.7,2.0,230,2026-10-08 01:45:00,PT5M,0.0,0.0,0.0,0.0,0.0
0,0,0,0,24,0.14,89.7,2.0,230,2026-10-08 01:50:00,PT5M,0.0,0.0,0.0,0.0,0.0
0,0,0,0,24,0.14,89.7,2.0,229,2026-10-08 01:55:00,PT5M,0.0,0.0,0.0,0.0,0.0
0,0,0,0,24,0.14,89.7,2.0,229,2026-10-08 02:00:00,PT5M,0.0,0.0,0.0,0.0,0.0
0,0,0,0,24,0.14,89.7,2.0,229,2026-10-08 02:05:00,PT5M,0.0,0.0,0.0,0.0,0.0
0,0,0,0,24,0.14,89.7,2.0,229,2026-10-08 02:10:00,PT5M,0.0,0.0,0.0,0.0,0.0
0,0,0,0,24,0.14,89.7,2.1,229,2026-10-08 02:15:00,PT5M,0.0,0.0,0.0,0.0,0.0
0,0,0,0,24,0.14,89.7,2.1,229,2026-10-08 02:20:00,PT5M,0.0,0.0,0.0,0.0,0.0
0,0,0,0,24,0.14,89.7,2.1,229,2026-10-08 02:25:00,PT5M,0.0,0.0,0.0,0.0,0.0
0,0,0,0,24,0.14,89.7,2.1,229,2026-10-08 02:30:00,PT5M,0.0,0.0,0.0,0.0,0.0
0,0,0,0,24,0.14,89.7,2.1,229,2026-10-08 02:35:00,PT5M,0.0,0.0,0.0,0.0,0.0
0,0,0,0,24,0.14,89.7,2.1,229,2026-10-08 02:40:00,PT5M,0.0,0.0,0.0,0.0,0.0
0,0,0,0,24,0.14,89.7,2.1,228,2026-10-08 02:45:00,PT5M,0.0,0.0,0.0,0.0,0.0
0,0,0,0,24,0.14,89.7,2.1,228,2026-10-08 02:50:00,PT5M,0.0,0.0,0.0,0.0,0.0
0,0,0,0,24,0.14,89.7,2.1,228,2026-10-08 02:55:00,PT5M,0.0,0.0,0.0,0.0,0.0
0,0,0,0,24,0.14,89.7,2.1,228,2026-10-08 03:00:00,PT5M,0.0,0.0,0.0,0.0,0.0
0,0,0,0,24,0.14,89.7,2.1,227,2026-10-08 03:05:00,PT5M,0.0,0.0,0.0,0.0,0.0
0,0,0,0,24,0.14,89.7,2.1,227,2026-10-08 03:10:00,PT5M,0.0,0.0,0.0,0.0,0.0
0,0,0,0,24,0.14,89.7,2.1,227,2026-10-08 03:15:00,PT5M,0.0,0.0,0.0,0.0,0.0
0,0,0,0,24,0.14,89.7,2.0,227,2026-10-08 03:20:00,PT5M,0.0,0.0,0.0,0.0,0.0
0,0,0,0,24,0.14,89.7,2.0,227,2026-10-08 03:25:00,PT5M,0.0,0.0,0.0,0.0,0.0
0,0,0,0,24,0.14,89.7,2.0,226,2026-10-08 03:30:00,PT5M,0.0,0.0,0.0,0.0,0.0
0,0,0,0,24,0.14,89.7,2.0,226,2026-10-08 03:35:00,PT5M,0.0,0.0,0.0,0.0,0.0
0,0,0,0,24,0.14,89.7,2.0,226,2026-10-08 03:40:00,PT5M,0.0,0.0,0.0,0.0,0.0
0,0,0,0,24,0.14,89.7,2.0,226,2026-10-08 03:45:00,PT5M,0.0,0.0,0.0,0.0,0.0
0,0,0,0,24,0.14,89.7,2.0,226,2026-10-08 03:50:00,PT5M,0.0,0.0,0.0,0.0,0.0
0,0,0,0,24,0.14,89.7,2.0,225,2026-10-08 03:55:00,PT5M,0.0,0.0,0.0,0.0,0.0
0,0,0,0,24,0.14,89.7,2.0,225,2026-10-08 04:00:00,PT5M,0.0,0.0,0.0,0.0,0.0
0,0,0,0,24,0.14,89.7,2.0,225,2026-10-08 04:05:00,PT5M,0.0,0.0,0.0,0.0,0.0
0,0,0,0,24,0.14,89.7,2.0,225,2026-10-08 04:10:00,PT5M,0.0,0.0,0.0,0.0,0.0
0,0,0,0,24,0.14,89.7,2.0,224,2026-10-08 04:15:00,PT5M,0.0,0.0,0.0,0.0,0.0
0,0,0,0,24,0.14,89.7,2.0,224,2026-10-08 04:20:00,PT5M,0.0,0.0,0.0,0.0,0.0
0,0,0,0,24,0.14,89.7,1.9,224,2026-10-08 04:25:00,PT5M,0.0,0.0,0.0,0.0,0.0
0,0,0,0,24,0.14,89.7,1.9,224,2026-10-08 04:30:00,PT5M,0.0,0.0,0.0,0.0,0.0
0,0,0,0,24,0.14,89.7,1.9,223,2026-10-08 04:35:00,PT5M,0.0,0.0,0.0,0.0,0.0
0,0,0,0,24,0.14,89.7,1.9,223,2026-10-08 04:40:00,PT5M,0.0,0.0,0.0,0.0,0.0
0,0,0,0,24,0.14,89.7,1.9,223,2026-10-08 04:45:00,PT5M,0.0,0.0,0.0,0.0,0.0
0,0,0,0,24,0.14,89.7,1.9,223,2026-10-08 04:50:00,PT5M,0.0,0.0,0.0,0.0,0.0
0,0,0,0,24,0.14,89.7,1.9,223,2026-10-08 04:55:00,PT5M,0.0,0.0,0.0,0.0,0.0
0,0,0,0,24,0.14,89.7,1.9,222,2026-10-08 05:00:00,PT5M,0.0,0.0,0.0,0.0,0.0
0,0,0,0,24,0.14,89.7,1.9,222,2026-10-08 05:05:00,PT5M,0.0,0.0,0.0,0.0,0.0
0,0,0,0,24,0.14,89.7,1.9,222,2026-10-08 05:10:00,PT5M,0.0,0.0,0.0,0.0,0.0
0,0,0,0,24,0.14,89.7,1.9,222,2026-10-08 05:15:00,PT5M,0.0,0.0,0.0,0.0,0.0
0,0,0,0,24,0.14,89.7,1.9,221,2026-10-08 05:20:00,PT5M,0.0,0.0,0.0,0.0,0.0
0,0,0,0,24,0.14,89.7,1.9,221,2026-10-08 05:25:00,PT5M,0.0,0.0,0.0,0.0,0.0
0,0,0,0,24,0.14,89.7,1.8,221,2026-10-08 05:30:00,PT5M,0.0,0.0,0.0,0.0,0.0
0,0,0,0,24,0.14,89.4,1.9,221,2026-10-08 05:35:00,PT5M,0.0,0.0,0.0,0.0,0.0
0,0,0,0,24,0.14,88.9,1.9,221,2026-10-08 05:40:00,PT5M,0.0,0.0,0.0,0.0,0.0
0,0,0,0,24,0.14,88.4,1.9,222,2026-10-08 05:45:00,PT5M,0.0,0.0,0.0,0.0,0.0
0,0,0,0,24,0.14,87.9,1.9,222,2026-10-08 05:50:00,PT5M,0.0,0.0,0.0,0.0,0.0
0,0,0,0,24,0.14,87.4,2.0,223,2026-10-08 05:55:00,PT5M,0.0,0.0,0.0,0.0,0.0
3,3,0,3,25,0.14,86.9,2.0,223,2026-10-08 06:00:00,PT5M,0.0,0.0,0.0,0.0,0.0
8,8,0,8,25,0.14,86.4,2.0,224,2026-10-08 06:05:00,PT5M,0.323,0.866,0.6088,0.0372,0.0
13,13,0,13,25,0.14,86.0,2.1,224,2026-10-08 06:10:00,PT5M,1.108,2.3655,1.7698,0.4462,0.0
20,20,0,20,25,0.14,85.5,2.1,224,2026-10-08 06:15:00,PT5M,1.982,4.268,3.1851,0.7789,0.0
28,28,0,28,25,0.14,85.0,2.1,225,2026-10-08 06:20:00,PT5M,2.942,6.473,4.8004,1.0836,0.0
36,37,0,37,25,0.14,84.5,2.1,225,2026-10-08 06:25:00,PT5M,4.059,8.9635,6.6403,1.4777,0.0
46,46,0,46,25,0.14,84.0,2.2,225,2026-10-08 06:30:00,PT5M,5.388,11.934,8.8332,1.9428,0.0
57,57,0,57,25,0.14,83.6,2.2,226,2026-10-08 06:35:00,PT5M,6.752,15.0305,11.109,2.395,0.0
69,69,0,69,25,0.14,83.1,2.2,226,2026-10-08 06:40:00,PT5M,8.201,18.276,13.5035,2.8985,0.0
82,82,0,82,25,0.14,82.6,2.3,226,2026-10-08 06:45:00,PT5M,9.85,21.7585,16.1175,3.5825,0.0
96,96,0,96,26,0.14,82.2,2.3,227,2026-10-08 06:50:00,PT5M,11.577,25.3545,18.8282,4.3258,0.0
110,111,14,107,26,0.14,81.7,2.3,227,2026-10-08 06:55:00,PT5M,13.94,29.657,22.212,5.668,0.0
126,125,33,116,26,0.14,81.3,2.4,227,2026-10-08 07:00:00,PT5M,16.573,34.331,25.9192,7.2268,0.0
141,140,50,126,26,0.14,80.8,2.4,228,2026-10-08 07:05:00,PT5M,19.393,39.267,29.8528,8.9332,0.0
157,156,68,135,26,0.14,80.4,2.4,228,2026-10-08 07:10:00,PT5M,22.411,44.4405,34.0053,10.8167,0.3815
173,172,85,143,26,0.14,79.9,2.4,228,2026-10-08 07:15:00,PT5M,25.602,49.8055,38.3405,12.8635,1.3985
189,188,103,152,26,0.14,79.5,2.5,229,2026-10-08 07:20:00,PT5M,28.795,55.1735,42.6782,14.9118,2.4165
206,205,121,160,26,0.14,79.0,2.5,229,2026-10-08 07:25:00,PT5M,32.26,60.8705,47.3179,17.2021,3.6495
224,222,138,167,26,0.14,78.6,2.5,229,2026-10-08 07:30:00,PT5M,35.868,66.6845,52.0869,19.6491,5.0515
242,239,156,175,26,0.14,78.1,2.6,229,2026-10-08 07:35:00,PT5M,39.606,72.656,57.0005,22.2115,6.556
260,257,175,182,26,0.14,77.7,2.6,230,2026-10-08 07:40:00,PT5M,43.367,78.546,61.882,24.852,8.188
278,275,194,188,27,0.14,77.3,2.6,230,2026-10-08 07:45:00,PT5M,46.564,82.495,65.4747,27.6533,10.633
297,294,213,194,27,0.14,76.8,2.7,230,2026-10-08 07:50:00,PT5M,49.718,86.3155,68.9795,30.4565,13.1205
316,312,232,199,27,0.14,76.4,2.7,230,2026-10-08 07:55:00,PT5M,52.765,89.952,72.3368,33.1932,15.578
336,331,251,204,27,0.14,76.0,2.7,231,2026-10-08 08:00:00,PT5M,55.806,93.5055,75.6475,35.9645,18.1065
355,350,270,209,27,0.14,75.6,2.8,231,2026-10-08 08:05:00,PT5M,58.74,96.852,78.7986,38.6814,20.628
375,370,289,213,27,0.14,75.2,2.8,231,2026-10-08 08:10:00,PT5M,61.556,99.974,81.7757,41.3363,23.138
395,389,309,216,27,0.14,74.7,2.8,231,2026-10-08 08:15:00,PT5M,64.271,100.0,84.5996,43.9424,25.646
415,409,328,219,27,0.14,74.3,2.8,231,2026-10-08 08:20:00,PT5M,66.881,100.0,87.2549,46.5071,28.17
435,429,348,222,27,0.14,73.9,2.9,232,2026-10-08 08:25:00,PT5M,69.382,100.0,89.7564,49.0076,30.67
455,449,368,224,27,0.14,73.5,2.9,232,2026-10-08 08:30:00,PT5M,71.8,100.0,92.1449,51.4551,33.144
474,467,381,227,28,0.14,72.8,2.9,232,2026-10-08 08:35:00,PT5M,73.584,100.0,93.93,53.238,34.926
489,482,388,232,28,0.14,71.9,2.9,233,2026-10-08 08:40:00,PT5M,74.777,100.0,95.1617,54.3923,36.0455
505,497,395,236,28,0.14,70.9,2.9,233,2026-10-08 08:45:00,PT5M,75.909,100.0,96.3223,55.4957,37.123
520,512,402,240,28,0.14,70.0,2.9,234,2026-10-08 08:50:00,PT5M,76.993,100.0,97.4248,56.5612,38.172
535,527,408,244,28,0.14,69.1,2.9,235,2026-10-08 08:55:00,PT5M,78.031,100.0,98.4712,57.5908,39.194
550,542,415,248,28,0.14,68.2,2.9,235,2026-10-08 09:00:00,PT5M,79.025,100.0,99.4657,58.5843,40.187
565,557,422,252,29,0.14,67.3,2.8,236,2026-10-08 09:05:00,PT5M,80.093,100.0,100.0,59.6652,41.2795
580,571,430,255,29,0.14,66.5,2.8,236,2026-10-08 09:10:00,PT5M,81.12,100.0,100.0,60.7017,42.3245
594,586,437,258,29,0.14,65.6,2.8,237,2026-10-08 09:15:00,PT5M,82.105,100.0,100.0,61.8514,43.6225
609,600,444,261,29,0.14,64.7,2.8,238,2026-10-08 09:20:00,PT5M,83.051,100.0,100.0,62.96,44.8775
623,614,451,263,29,0.14,63.9,2.8,238,2026-10-08 09:25:00,PT5M,83.96,100.0,100.0,64.029,46.0905
637,628,458,266,29,0.14,63.1,2.8,239,2026-10-08 09:30:00,PT5M,84.832,100.0,100.0,65.0584,47.2615
651,641,466,268,30,0.14,62.3,2.8,239,2026-10-08 09:35:00,PT5M,85.737,100.0,100.0,66.1178,48.46
665,655,475,269,30,0.14,61.5,2.8,240,2026-10-08 09:40:00,PT5M,86.674,100.0,100.0,67.2067,49.6855
678,669,483,270,30,0.14,60.7,2.8,241,2026-10-08 09:45:00,PT5M,87.544,100.0,100.0,68.2235,50.8345
692,682,490,271,30,0.14,59.9,2.8,241,2026-10-08 09:50:00,PT5M,88.356,100.0,100.0,69.1776,51.9165
704,694,498,272,30,0.14,59.1,2.8,242,2026-10-08 09:55:00,PT5M,89.135,100.0,100.0,70.0945,52.9575
717,707,505,273,30,0.14,58.4,2.8,243,2026-10-08 10:00:00,PT5M,89.88,100.0,100.0,70.9722,53.9545
729,719,513,273,31,0.14,57.6,2.7,243,2026-10-08 10:05:00,PT5M,90.604,100.0,100.0,71.8256,54.9245
741,731,521,273,31,0.14,56.9,2.7,244,2026-10-08 10:10:00,PT5M,91.305,100.0,100.0,72.6527,55.865
753,742,529,273,31,0.14,56.1,2.7,245,2026-10-08 10:15:00,PT5M,91.974,100.0,100.0,73.4443,56.767
764,753,536,273,31,0.14,55.4,2.7,245,2026-10-08 10:20:00,PT5M,92.61,100.0,100.0,74.199,57.6285
775,764,544,272,31,0.14,54.7,2.7,246,2026-10-08 10:25:00,PT5M,93.185,100.0,100.0,74.889,58.422
786,775,552,271,31,0.14,54.0,2.7,247,2026-10-08 10:30:00,PT5M,93.764,100.0,100.0,75.5804,59.2145
796,784,558,271,32,0.14,53.3,2.7,247,2026-10-08 10:35:00,PT5M,94.252,100.0,100.0,76.1873,59.9285
804,793,563,270,32,0.14,52.6,2.7,248,2026-10-08 10:40:00,PT5M,94.65,100.0,100.0,76.7108,60.565
813,801,568,270,32,0.14,52.0,2.7,249,2026-10-08 10:45:00,PT5M,95.019,100.0,100.0,77.2001,61.1625
821,809,573,270,32,0.14,51.3,2.7,249,2026-10-08 10:50:00,PT5M,95.357,100.0,100.0,77.6518,61.7165
828,816,578,269,32,0.14,50.7,2.7,250,2026-10-08 10:55:00,PT5M,95.656,100.0,100.0,78.046,62.1965
835,823,583,268,33,0.14,50.0,2.7,251,2026-10-08 11:00:00,PT5M,95.941,100.0,100.0,78.4323,62.674
