gti,ghi,dni,dhi,air_temp,albedo,relative_humidity,wind_speed_10m,wind_direction_10m,period_end,period,power,power_p10,power_p25,power_p75,power_p90
0,0,0,0,25,0.14,95.8,1.0,235,2026-10-05 19:20:00,PT5M,0.0,0.0,0.0,0.0,0.0
0,0,0,0,25,0.14,95.8,1.0,235,2026-10-05 19:25:00,PT5M,0.0,0.0,0.0,0.0,0.0
0,0,0,0,25,0.14,95.9,1.1,236,2026-10-05 19:30:00,PT5M,0.0,0.0,0.0,0.0,0.0
0,0,0,0,25,0.14,95.9,1.1,237,2026-10-05 19:35:00,PT5M,0.0,0.0,0.0,0.0,0.0
0,0,0,0,25,0.14,96.0,1.1,239,2026-10-05 19:40:00,PT5M,0.0,0.0,0.0,0.0,0.0
0,0,0,0,25,0.14,96.0,1.1,241,2026-10-05 19:45:00,PT5M,0.0,0.0,0.0,0.0,0.0
0,0,0,0,25,0.14,96.1,1.1,243,2026-10-05 19:50:00,PT5M,0.0,0.0,0.0,0.0,0.0
0,0,0,0,25,0.14,96.1,1.2,245,2026-10-05 19:55:00,PT5M,0.0,0.0,0.0,0.0,0.0
0,0,0,0,25,0.14,96.2,1.2,247,2026-10-05 20:00:00,PT5M,0.0,0.0,0.0,0.0,0.0
0,0,0,0,25,0.14,96.2,1.2,249,2026-10-05 20:05:00,PT5M,0.0,0.0,0.0,0.0,0.0
0,0,0,0,25,0.14,96.3,1.2,250,2026-10-05 20:10:00,PT5M,0.0,0.0,0.0,0.0,0.0
0,0,0,0,25,0.14,96.3,1.2,252,2026-10-05 20:15:00,PT5M,0.0,0.0,0.0,0.0,0.0
0,0,0,0,25,0.14,96.4,1.3,253,2026-10-05 20:20:00,PT5M,0.0,0.0,0.0,0.0,0.0
0,0,0,0,25,0.14,96.4,1.3,255,2026-10-05 20:25:00,PT5M,0.0,0.0,0.0,0.0,0.0
0,0,0,0,25,0.14,96.5,1.3,256,2026-10-05 20:30:00,PT5M,0.0,0.0,0.0,0.0,0.0
0,0,0,0,25,0.14,96.5,1.3,258,2026-10-05 20:35:00,PT5M,0.0,0.0,0.0,0.0,0.0
0,0,0,0,25,0.14,96.5,1.3,260,2026-10-05 20:40:00,PT5M,0.0,0.0,0.0,0.0,0.0
0,0,0,0,25,0.14,96.5,1.3,262,2026-10-05 20:45:00,PT5M,0.0,0.0,0.0,0.0,0.0
0,0,0,0,25,0.14,96.5,1.3,265,2026-10-05 20:50:00,PT5M,0.0,0.0,0.0,0.0,0.0
0,0,0,0,25,0.14,96.5,1.3,267,2026-10-05 20:55:00,PT5M,0.0,0.0,0.0,0.0,0.0
0,0,0,0,25,0.14,96.5,1.3,269,2026-10-05 21:00:00,PT5M,0.0,0.0,0.0,0.0,0.0
0,0,0,0,25,0.14,96.5,1.3,271,2026-10-05 21:05:00,PT5M,0.0,0.0,0.0,0.0,0.0
0,0,0,0,25,0.14,96.5,1.3,273,2026-10-05 21:10:00,PT5M,0.0,0.0,0.0,0.0,0.0
0,0,0,0,25,0.14,96.5,1.3,275,2026-10-05 21:15:00,PT5M,0.0,0.0,0.0,0.0,0.0
0,0,0,0,25,0.14,96.5,1.3,278,2026-10-05 21:20:00,PT5M,0.0,0.0,0.0,0.0,0.0
0,0,0,0,25,0.14,96.5,1.3,280,2026-10-05 21:25:00,PT5M,0.0,0.0,0.0,0.0,0.0
0,0,0,0,25,0.14,96.5,1.3,282,2026-10-05 21:30:00,PT5M,0.0,0.0,0.0,0.0,0.0
0,0,0,0,25,0.14,96.5,1.3,284,2026-10-05 21:35:00,PT5M,0.0,0.0,0.0,0.0,0.0
0,0,0,0,25,0.14,96.5,1.3,285,2026-10-05 21:40:00,PT5M,0.0,0.0,0.0,0.0,0.0
0,0,0,0,25,0.14,96.6,1.2,286,2026-10-05 21:45:00,PT5M,0.0,0.0,0.0,0.0,0.0
0,0,0,0,25,0.14,96.6,1.2,287,2026-10-05 21:50:00,PT5M,0.0,0.0,0.0,0.0,0.0
0,0,0,0,25,0.14,96.7,1.2,289,2026-10-05 21:55:00,PT5M,0.0,0.0,0.0,0.0,0.0
0,0,0,0,25,0.14,96.7,1.1,290,2026-10-05 22:00:00,PT5M,0.0,0.0,0.0,0.0,0.0
0,0,0,0,25,0.14,96.8,1.1,292,2026-10-05 22:05:00,PT5M,0.0,0.0,0.0,0.0,0.0
0,0,0,0,25,0.14,96.8,1.1,293,2026-10-05 22:10:00,PT5M,0.0,0.0,0.0,0.0,0.0
0,0,0,0,25,0.14,96.9,1.0,295,2026-10-05 22:15:00,PT5M,0.0,0.0,0.0,0.0,0.0
0,0,0,0,25,0.14,96.9,1.0,297,2026-10-05 22:20:00,PT5M,0.0,0.0,0.0,0.0,0.0
0,0,0,0,25,0.14,97.0,1.0,299,2026-10-05 22:25:00,PT5M,0.0,0.0,0.0,0.0,0.0
0,0,0,0,25,0.14,97.0,1.0,301,2026-10-05 22:30:00,PT5M,0.0,0.0,0.0,0.0,0.0
0,0,0,0,25,0.14,97.1,0.9,303,2026-10-05 22:35:00,PT5M,0.0,0.0,0.0,0.0,0.0
0,0,0,0,25,0.14,97.1,0.9,304,2026-10-05 22:40:00,PT5M,0.0,0.0,0.0,0.0,0.0
0,0,0,0,25,0.14,97.2,0.9,305,2026-10-05 22:45:00,PT5M,0.0,0.0,0.0,0.0,0.0
0,0,0,0,24,0.14,97.2,0.9,307,2026-10-05 22:50:00,PT5M,0.0,0.0,0.0,0.0,0.0
0,0,0,0,24,0.14,97.3,0.9,308,2026-10-05 22:55:00,PT5M,0.0,0.0,0.0,0.0,0.0
0,0,0,0,24,0.14,97.3,0.9,309,2026-10-05 23:00:00,PT5M,0.0,0.0,0.0,0.0,0.0
0,0,0,0,24,0.14,97.4,0.8,311,2026-10-05 23:05:00,PT5M,0.0,0.0,0.0,0.0,0.0
0,0,0,0,24,0.14,97.4,0.8,313,2026-10-05 23:10:00,PT5M,0.0,0.0,0.0,0.0,0.0
0,0,0,0,24,0.14,97.5,0.8,314,2026-10-05 23:15:00,PT5M,0.0,0.0,0.0,0.0,0.0
0,0,0,0,24,0.14,97.5,0.8,316,2026-10-05 23:20:00,PT5M,0.0,0.0,0.0,0.0,0.0
0,0,0,0,24,0.14,97.6,0.8,318,2026-10-05 23:25:00,PT5M,0.0,0.0,0.0,0.0,0.0
0,0,0,0,24,0.14,97.6,0.8,319,2026-10-05 23:30:00,PT5M,0.0,0.0,0.0,0.0,0.0
0,0,0,0,24,0.14,97.6,0.8,321,2026-10-05 23:35:00,PT5M,0.0,0.0,0.0,0.0,0.0
0,0,0,0,24,0.14,97.5,0.8,323,2026-10-05 23:40:00,PT5M,0.0,0.0,0.0,0.0,0.0
0,0,0,0,24,0.14,97.4,0.8,325,2026-10-05 23:45:00,PT5M,0.0,0.0,0.0,0.0,0.0
0,0,0,0,24,0.14,97.3,0.9,327,2026-10-05 23:50:00,PT5M,0.0,0.0,0.0,0.0,0.0
0,0,0,0,24,0.14,97.2,0.9,328,2026-10-05 23:55:00,PT5M,0.0,0.0,0.0,0.0,0.0
0,0,0,0,24,0.14,97.1,0.9,330,2026-10-06 00:00:00,PT5M,0.0,0.0,0.0,0.0,0.0
0,0,0,0,24,0.14,97.0,0.9,331,2026-10-06 00:05:00,PT5M,0.0,0.0,0.0,0.0,0.0
0,0,0,0,24,0.14,96.9,1.0,333,2026-10-06 00:10:00,PT5M,0.0,0.0,0.0,0.0,0.0
0,0,0,0,24,0.14,96.8,1.0,334,2026-10-06 00:15:00,PT5M,0.0,0.0,0.0,0.0,0.0
0,0,0,0,24,0.14,96.7,1.0,335,2026-10-06 00:20:00,PT5M,0.0,0.0,0.0,0.0,0.0
0,0,0,0,24,0.14,96.6,1.0,337,2026-10-06 00:25:00,PT5M,0.0,0.0,0.0,0.0,0.0
0,0,0,0,24,0.14,96.5,1.1,338,2026-10-06 00:30:00,PT5M,0.0,0.0,0.0,0.0,0.0
0,0,0,0,24,0.14,96.5,1.1,339,2026-10-06 00:35:00,PT5M,0.0,0.0,0.0,0.0,0.0
0,0,0,0,24,0.14,96.5,1.1,339,2026-10-06 00:40:00,PT5M,0.0,0.0,0.0,0.0,0.0
0,0,0,0,24,0.14,96.6,1.0,340,2026-10-06 00:45:00,PT5M,0.0,0.0,0.0,0.0,0.0
0,0,0,0,24,0.14,96.6,1.0,341,2026-10-06 00:50:00,PT5M,0.0,0.0,0.0,0.0,0.0
0,0,0,0,24,0.14,96.7,1.0,341,2026-10-06 00:55:00,PT5M,0.0,0.0,0.0,0.0,0.0
0,0,0,0,24,0.14,96.7,1.0,342,2026-10-06 01:00:00,PT5M,0.0,0.0,0.0,0.0,0.0
0,0,0,0,24,0.14,96.8,1.0,343,2026-10-06 01:05:00,PT5M,0.0,0.0,0.0,0.0,0.0
0,0,0,0,24,0.14,96.8,1.0,344,2026-10-06 01:10:00,PT5M,0.0,0.0,0.0,0.0,0.0
0,0,0,0,24,0.14,96.9,1.0,344,2026-10-06 01:15:00,PT5M,0.0,0.0,0.0,0.0,0.0
0,0,0,0,24,0.14,96.9,1.0,345,2026-10-06 01:20:00,PT5M,0.0,0.0,0.0,0.0,0.0
0,0,0,0,24,0.14,97.0,0.9,346,2026-10-06 01:25:00,PT5M,0.0,0.0,0.0,0.0,0.0
0,0,0,0,24,0.14,97.0,0.9,347,2026-10-06 01:30:00,PT5M,0.0,0.0,0.0,0.0,0.0
0,0,0,0,24,0.14,97.0,0.9,348,2026-10-06 01:35:00,PT5M,0.0,0.0,0.0,0.0,0.0
0,0,0,0,24,0.14,97.0,0.9,351,2026-10-06 01:40:00,PT5M,0.0,0.0,0.0,0.0,0.0
0,0,0,0,24,0.14,96.9,0.9,353,2026-10-06 01:45:00,PT5M,0.0,0.0,0.0,0.0,0.0
0,0,0,0,24,0.14,96.9,0.9,355,2026-10-06 01:50:00,PT5M,0.0,0.0,0.0,0.0,0.0
0,0,0,0,24,0.14,96.8,0.9,357,2026-10-06 01:55:00,PT5M,0.0,0.0,0.0,0.0,0.0
0,0,0,0,24,0.14,96.8,0.9,359,2026-10-06 02:00:00,PT5M,0.0,0.0,0.0,0.0,0.0
0,0,0,0,24,0.14,96.7,0.9,1,2026-10-06 02:05:00,PT5M,0.0,0.0,0.0,0.0,0.0
0,0,0,0,24,0.14,96.7,0.9,3,2026-10-06 02:10:00,PT5M,0.0,0.0,0.0,0.0,0.0
0,0,0,0,24,0.14,96.6,0.9,5,2026-10-06 02:15:00,PT5M,0.0,0.0,0.0,0.0,0.0
0,0,0,0,24,0.14,96.6,0.9,7,2026-10-06 02:20:00,PT5M,0.0,0.0,0.0,0.0,0.0
0,0,0,0,24,0.14,96.5,0.9,9,2026-10-06 02:25:00,PT5M,0.0,0.0,0.0,0.0,0.0
0,0,0,0,24,0.14,96.5,0.9,12,2026-10-06 02:30:00,PT5M,0.0,0.0,0.0,0.0,0.0
0,0,0,0,24,0.14,96.4,0.9,13,2026-10-06 02:35:00,PT5M,0.0,0.0,0.0,0.0,0.0
0,0,0,0,24,0.14,96.4,1.0,13,2026-10-06 02:40:00,PT5M,0.0,0.0,0.0,0.0,0.0
0,0,0,0,24,0.14,96.3,1.0,13,2026-10-06 02:45:00,PT5M,0.0,0.0,0.0,0.0,0.0
0,0,0,0,24,0.14,96.3,1.0,13,2026-10-06 02:50:00,PT5M,0.0,0.0,0.0,0.0,0.0
0,0,0,0,24,0.14,96.2,1.1,13,2026-10-06 02:55:00,PT5M,0.0,0.0,0.0,0.0,0.0
0,0,0,0,24,0.14,96.2,1.1,13,2026-10-06 03:00:00,PT5M,0.0,0.0,0.0,0.0,0.0
0,0,0,0,24,0.14,96.1,1.1,13,2026-10-06 03:05:00,PT5M,0.0,0.0,0.0,0.0,0.0
0,0,0,0,24,0.14,96.1,1.2,13,2026-10-06 03:10:00,PT5M,0.0,0.0,0.0,0.0,0.0
0,0,0,0,24,0.14,96.0,1.2,13,2026-10-06 03:15:00,PT5M,0.0,0.0,0.0,0.0,0.0
0,0,0,0,24,0.14,96.0,1.2,13,2026-10-06 03:20:00,PT5M,0.0,0.0,0.0,0.0,0.0
0,0,0,0,24,0.14,95.9,1.3,13,2026-10-06 03:25:00,PT5M,0.0,0.0,0.0,0.0,0.0
0,0,0,0,24,0.14,95.9,1.3,13,2026-10-06 03:30:00,PT5M,0.0,0.0,0.0,0.0,0.0
0,0,0,0,24,0.14,95.9,1.3,13,2026-10-06 03:35:00,PT5M,0.0,0.0,0.0,0.0,0.0
0,0,0,0,24,0.14,95.9,1.3,14,2026-10-06 03:40:00,PT5M,0.0,0.0,0.0,0.0,0.0
0,0,0,0,24,0.14,95.9,1.3,15,2026-10-06 03:45:00,PT5M,0.0,0.0,0.0,0.0,0.0
0,0,0,0,24,0.14,95.9,1.3,16,2026-10-06 03:50:00,PT5M,0.0,0.0,0.0,0.0,0.0
0,0,0,0,24,0.14,95.9,1.3,17,2026-10-06 03:55:00,PT5M,0.0,0.0,0.0,0.0,0.0
0,0,0,0,24,0.14,95.9,1.3,17,2026-10-06 04:00:00,PT5M,0.0,0.0,0.0,0.0,0.0
0,0,0,0,24,0.14,95.9,1.3,18,2026-10-06 04:05:00,PT5M,0.0,0.0,0.0,0.0,0.0
0,0,0,0,24,0.14,95.9,1.3,19,2026-10-06 04:10:00,PT5M,0.0,0.0,0.0,0.0,0.0
0,0,0,0,24,0.14,95.9,1.3,20,2026-10-06 04:15:00,PT5M,0.0,0.0,0.0,0.0,0.0
0,0,0,0,24,0.14,95.9,1.3,21,2026-10-06 04:20:00,PT5M,0.0,0.0,0.0,0.0,0.0
0,0,0,0,24,0.14,95.9,1.3,21,2026-10-06 04:25:00,PT5M,0.0,0.0,0.0,0.0,0.0
0,0,0,0,24,0.14,95.9,1.3,22,2026-10-06 04:30:00,PT5M,0.0,0.0,0.0,0.0,0.0
0,0,0,0,24,0.14,95.8,1.3,21,2026-10-06 04:35:00,PT5M,0.0,0.0,0.0,0.0,0.0
0,0,0,0,24,0.14,95.8,1.3,19,2026-10-06 04:40:00,PT5M,0.0,0.0,0.0,0.0,0.0
0,0,0,0,24,0.14,95.7,1.3,16,2026-10-06 04:45:00,PT5M,0.0,0.0,0.0,0.0,0.0
0,0,0,0,24,0.14,95.7,1.3,14,2026-10-06 04:50:00,PT5M,0.0,0.0,0.0,0.0,0.0
0,0,0,0,24,0.14,95.6,1.3,11,2026-10-06 04:55:00,PT5M,0.0,0.0,0.0,0.0,0.0
0,0,0,0,24,0.14,95.6,1.3,8,2026-10-06 05:00:00,PT5M,0.0,0.0,0.0,0.0,0.0
0,0,0,0,23,0.14,95.5,1.3,6,2026-10-06 05:05:00,PT5M,0.0,0.0,0.0,0.0,0.0
0,0,0,0,23,0.14,95.5,1.3,3,2026-10-06 05:10:00,PT5M,0.0,0.0,0.0,0.0,0.0
0,0,0,0,23,0.14,95.4,1.3,0,2026-10-06 05:15:00,PT5M,0.0,0.0,0.0,0.0,0.0
0,0,0,0,23,0.14,95.4,1.3,358,2026-10-06 05:20:00,PT5M,0.0,0.0,0.0,0.0,0.0
0,0,0,0,23,0.14,95.3,1.3,355,2026-10-06 05:25:00,PT5M,0.0,0.0,0.0,0.0,0.0
0,0,0,0,23,0.14,95.3,1.3,352,2026-10-06 05:30:00,PT5M,0.0,0.0,0.0,0.0,0.0
0,0,0,0,23,0.14,95.2,1.3,352,2026-10-06 05:35:00,PT5M,0.0,0.0,0.0,0.0,0.0
0,0,0,0,24,0.14,95.0,1.3,353,2026-10-06 05:40:00,PT5M,0.0,0.0,0.0,0.0,0.0
0,0,0,0,24,0.14,94.8,1.3,355,2026-10-06 05:45:00,PT5M,0.0,0.0,0.0,0.0,0.0
0,0,0,0,24,0.14,94.6,1.3,356,2026-10-06 05:50:00,PT5M,0.0,0.0,0.0,0.0,0.0
0,0,0,0,24,0.14,94.4,1.3,358,2026-10-06 05:55:00,PT5M,0.0,0.0,0.0,0.0,0.0
4,4,0,4,24,0.14,94.2,1.3,359,2026-10-06 06:00:00,PT5M,0.0,0.0,0.0,0.0,0.0
12,12,0,12,24,0.14,94.0,1.4,1,2026-10-06 06:05:00,PT5M,0.956,1.54,1.2634,0.6486,0.372
21,21,0,21,24,0.14,93.9,1.4,2,2026-10-06 06:10:00,PT5M,2.22,3.48,2.8831,1.5569,0.96
32,32,26,30,24,0.14,93.7,1.4,3,2026-10-06 06:15:00,PT5M,3.802,6.184,5.0557,2.5483,1.42
45,44,61,38,24,0.14,93.5,1.4,5,2026-10-06 06:20:00,PT5M,5.897,9.7045,7.9009,3.8931,2.0895
58,57,92,46,24,0.14,93.3,1.4,6,2026-10-06 06:25:00,PT5M,8.378,13.734,11.1969,5.5591,3.022
73,71,125,53,24,0.14,93.1,1.4,7,2026-10-06 06:30:00,PT5M,11.462,18.58,15.2083,7.7157,4.344
88,86,160,60,24,0.14,92.6,1.4,9,2026-10-06 06:35:00,PT5M,14.87,23.8315,19.5865,10.1535,5.9085
106,103,196,67,24,0.14,91.8,1.4,11,2026-10-06 06:40:00,PT5M,18.587,29.3905,24.273,12.901,7.7835
124,121,232,72,25,0.14,91.1,1.4,13,2026-10-06 06:45:00,PT5M,22.587,35.1745,29.2119,15.9621,9.9995
142,139,268,78,25,0.14,90.3,1.4,15,2026-10-06 06:50:00,PT5M,26.859,41.221,34.4178,19.3002,12.497
162,158,303,82,25,0.14,89.5,1.5,17,2026-10-06 06:55:00,PT5M,31.319,47.5215,39.8465,22.7915,15.1165
181,177,333,87,25,0.14,88.8,1.5,19,2026-10-06 07:00:00,PT5M,35.848,53.9825,45.3923,26.3037,17.7135
200,196,358,92,25,0.14,88.0,1.5,21,2026-10-06 07:05:00,PT5M,40.355,60.486,50.9501,29.7599,20.224
220,215,382,96,25,0.14,87.3,1.5,22,2026-10-06 07:10:00,PT5M,44.996,67.147,56.6542,33.3378,22.845
240,234,405,100,26,0.14,86.6,1.5,24,2026-10-06 07:15:00,PT5M,49.738,73.918,62.4641,37.0119,25.558
260,254,427,103,26,0.14,85.9,1.6,26,2026-10-06 07:20:00,PT5M,54.537,80.75,68.3331,40.7409,28.324
280,273,449,107,26,0.14,85.2,1.6,27,2026-10-06 07:25:00,PT5M,59.397,87.6355,74.2591,44.5349,31.1585
300,293,470,109,26,0.14,84.4,1.6,29,2026-10-06 07:30:00,PT5M,64.321,94.589,80.2513,48.3907,34.053
320,313,487,112,26,0.14,83.6,1.6,30,2026-10-06 07:35:00,PT5M,69.158,100.0,86.1782,52.1378,36.819
340,332,503,116,27,0.14,82.6,1.7,31,2026-10-06 07:40:00,PT5M,73.779,100.0,91.8892,55.6688,39.369
359,352,518,119,27,0.14,81.5,1.7,31,2026-10-06 07:45:00,PT5M,76.077,100.0,94.4196,57.7344,41.2255
379,371,533,121,27,0.14,80.5,1.8,32,2026-10-06 07:50:00,PT5M,78.226,100.0,96.7773,59.6747,42.978
399,391,547,124,27,0.14,79.6,1.8,33,2026-10-06 07:55:00,PT5M,80.282,100.0,99.0162,61.5478,44.6865
418,410,561,126,27,0.14,78.6,1.9,33,2026-10-06 08:00:00,PT5M,82.231,100.0,100.0,63.3089,46.2785
438,429,574,128,27,0.14,77.6,1.9,34,2026-10-06 08:05:00,PT5M,84.057,100.0,100.0,65.0168,47.88
457,448,587,130,28,0.14,76.7,2.0,34,2026-10-06 08:10:00,PT5M,85.742,100.0,100.0,66.6244,49.418
477,468,600,131,28,0.14,75.7,2.0,34,2026-10-06 08:15:00,PT5M,87.275,100.0,100.0,68.1235,50.8865
496,487,612,132,28,0.14,74.8,2.1,35,2026-10-06 08:20:00,PT5M,88.634,100.0,100.0,69.5051,52.2885
515,505,624,134,28,0.14,73.9,2.1,35,2026-10-06 08:25:00,PT5M,89.849,100.0,100.0,70.7817,53.6205
534,524,635,135,28,0.14,73.0,2.2,36,2026-10-06 08:30:00,PT5M,90.985,100.0,100.0,71.9993,54.9115
551,541,640,138,28,0.14,72.2,2.2,36,2026-10-06 08:35:00,PT5M,91.696,100.0,100.0,72.7816,55.758
566,555,640,143,29,0.14,71.5,2.3,36,2026-10-06 08:40:00,PT5M,92.001,100.0,100.0,73.1432,56.1705
580,570,639,147,29,0.14,70.8,2.3,37,2026-10-06 08:45:00,PT5M,92.268,100.0,100.0,73.4715,56.554
594,584,637,152,29,0.14,70.1,2.4,37,2026-10-06 08:50:00,PT5M,92.504,100.0,100.0,73.9309,57.2145
608,597,635,157,29,0.14,69.5,2.4,37,2026-10-06 08:55:00,PT5M,92.712,100.0,100.0,74.3618,57.846
621,610,634,162,29,0.14,68.8,2.4,37,2026-10-06 09:00:00,PT5M,92.899,100.0,100.0,74.7677,58.449
634,624,633,166,29,0.14,68.1,2.5,38,2026-10-06 09:05:00,PT5M,93.184,100.0,100.0,75.2759,59.158
647,637,633,170,29,0.14,67.5,2.5,38,2026-10-06 09:10:00,PT5M,93.445,100.0,100.0,75.7558,59.835
660,649,632,175,29,0.14,66.8,2.6,38,2026-10-06 09:15:00,PT5M,93.681,100.0,100.0,76.2071,60.48
672,661,631,179,30,0.14,66.2,2.6,38,2026-10-06 09:20:00,PT5M,93.895,100.0,100.0,76.6319,61.0945
684,673,630,183,30,0.14,65.5,2.6,39,2026-10-06 09:25:00,PT5M,94.089,100.0,100.0,77.0324,61.681
695,684,628,187,30,0.14,64.9,2.7,39,2026-10-06 09:30:00,PT5M,94.262,100.0,100.0,77.4073,62.2375
708,697,631,190,30,0.14,64.4,2.7,39,2026-10-06 09:35:00,PT5M,94.688,100.0,100.0,78.0404,63.057
722,711,638,190,30,0.14,64.0,2.7,40,2026-10-06 09:40:00,PT5M,95.36,100.0,100.0,78.9247,64.1325
735,724,645,191,30,0.14,63.6,2.7,41,2026-10-06 09:45:00,PT5M,95.967,100.0,100.0,79.7367,65.129
748,737,651,191,30,0.14,63.3,2.7,41,2026-10-06 09:50:00,PT5M,96.533,100.0,100.0,80.5014,66.0725
761,749,656,192,30,0.14,62.9,2.7,42,2026-10-06 09:55:00,PT5M,97.076,100.0,100.0,81.237,66.9815
773,761,662,192,30,0.14,62.5,2.7,42,2026-10-06 10:00:00,PT5M,97.596,100.0,100.0,81.9426,67.854
785,773,667,192,30,0.14,62.2,2.7,43,2026-10-06 10:05:00,PT5M,98.092,100.0,100.0,82.6186,68.692
797,785,673,193,31,0.14,61.8,2.6,44,2026-10-06 10:10:00,PT5M,98.565,100.0,100.0,83.266,69.4965
808,796,678,193,31,0.14,61.5,2.6,44,2026-10-06 10:15:00,PT5M,99.015,100.0,100.0,83.885,70.2675
818,806,683,192,31,0.14,61.1,2.6,45,2026-10-06 10:20:00,PT5M,99.442,100.0,100.0,84.4754,71.005
829,816,688,192,31,0.14,60.7,2.6,46,2026-10-06 10:25:00,PT5M,99.847,100.0,100.0,85.0391,71.7115
839,826,694,192,31,0.14,60.4,2.6,46,2026-10-06 10:30:00,PT5M,100.0,100.0,100.0,85.3466,72.158
846,833,693,194,31,0.14,60.1,2.6,47,2026-10-06 10:35:00,PT5M,100.0,100.0,100.0,85.4721,72.3965
850,838,688,199,31,0.14,59.8,2.6,47,2026-10-06 10:40:00,PT5M,100.0,100.0,100.0,85.5673,72.5775
854,841,682,204,31,0.14,59.5,2.6,48,2026-10-06 10:45:00,PT5M,100.0,100.0,100.0,85.6542,72.7425
857,845,676,208,31,0.14,59.2,2.6,48,2026-10-06 10:50:00,PT5M,99.826,100.0,100.0,85.5568,72.714
860,848,670,213,31,0.14,58.9,2.6,48,2026-10-06 10:55:00,PT5M,99.609,100.0,100.0,85.3916,72.5955
863,850,664,218,31,0.14,58.7,2.6,49,2026-10-06 11:00:00,PT5M,99.382,100.0,100.0,85.2199,72.4735
864,852,657,222,31,0.14,58.4,2.6,49,2026-10-06 11:05:00,PT5M,99.146,100.0,100.0,85.0465,72.3565
866,853,651,227,31,0.14,58.1,2.6,50,2026-10-06 11:10:00,PT5M,98.895,100.0,100.0,84.8489,72.207
866,854,645,231,31,0.14,57.8,2.6,50,2026-10-06 11:15:00,PT5M,98.623,100.0,100.0,84.6132,72.004
866,854,638,236,32,0.14,57.5,2.6,50,2026-10-06 11:20:00,PT5M,98.332,100.0,100.0,84.3504,71.7665
866,854,632,240,32,0.14,57.3,2.6,51,2026-10-06 11:25:00,PT5M,98.023,100.0,100.0,84.0614,71.4955
865,853,625,244,32,0.14,57.0,2.6,51,2026-10-06 11:30:00,PT5M,97.697,100.0,100.0,83.7488,71.195
865,853,620,247,32,0.14,57.0,2.6,53,2026-10-06 11:35:00,PT5M,97.483,100.0,100.0,83.5424,70.9955
865,854,617,249,32,0.14,57.3,2.6,56,2026-10-06 11:40:00,PT5M,97.381,100.0,100.0,83.442,70.8965
865,854,615,251,32,0.14,57.6,2.6,59,2026-10-06 11:45:00,PT5M,97.256,100.0,100.0,83.3107,70.7595
865,853,612,253,32,0.14,57.8,2.6,62,2026-10-06 11:50:00,PT5M,97.108,100.0,100.0,83.1485,70.5845
864,852,608,255,32,0.14,58.1,2.7,65,2026-10-06 11:55:00,PT5M,96.945,100.0,100.0,82.9629,70.3785
862,850,605,257,31,0.14,58.4,2.7,67,2026-10-06 12:00:00,PT5M,96.868,100.0,100.0,82.8553,70.2435
860,848,602,259,31,0.14,58.7,2.8,70,2026-10-06 12:05:00,PT5M,96.766,100.0,100.0,82.7147,70.068
857,845,598,260,31,0.14,59.0,2.8,72,2026-10-06 12:10:00,PT5M,96.641,100.0,100.0,82.5436,69.8555
854,842,594,262,31,0.14,59.3,2.9,75,2026-10-06 12:15:00,PT5M,96.493,100.0,100.0,82.3417,69.605
850,839,590,263,31,0.14,59.6,2.9,77,2026-10-06 12:20:00,PT5M,96.32,100.0,100.0,82.1071,69.315
846,834,586,265,31,0.14,59.8,3.0,79,2026-10-06 12:25:00,PT5M,96.124,100.0,100.0,81.8427,68.989
841,830,582,266,31,0.14,60.1,3.1,82,2026-10-06 12:30:00,PT5M,95.905,100.0,100.0,81.5489,68.628
835,824,575,268,31,0.14,60.6,3.1,83,2026-10-06 12:35:00,PT5M,95.551,100.0,100.0,81.0776,68.051
827,816,566,272,31,0.14,61.1,3.0,85,2026-10-06 12:40:00,PT5M,95.059,100.0,100.0,80.4256,67.255
818,808,557,275,31,0.14,61.6,3.0,86,2026-10-06 12:45:00,PT5M,94.534,100.0,100.0,79.725,66.3965
810,799,548,277,31,0.14,62.2,2.9,87,2026-10-06 12:50:00,PT5M,93.982,100.0,100.0,78.993,65.5025
800,790,539,280,31,0.14,62.7,2.8,89,2026-10-06 12:55:00,PT5M,93.416,100.0,100.0,78.2573,64.614
791,781,530,282,31,0.14,63.3,2.8,90,2026-10-06 13:00:00,PT5M,92.882,100.0,100.0,77.5544,63.759
781,771,521,285,31,0.14,63.8,2.7,92,2026-10-06 13:05:00,PT5M,92.252,100.0,100.0,76.7362,62.7715
771,761,511,287,31,0.14,64.4,2.7,93,2026-10-06 13:10:00,PT5M,91.587,100.0,100.0,75.8757,61.735
760,750,502,288,30,0.14,65.0,2.6,95,2026-10-06 13:15:00,PT5M,90.889,100.0,100.0,74.9777,60.657
749,740,493,290,30,0.14,65.5,2.6,97,2026-10-06 13:20:00,PT5M,90.159,100.0,100.0,74.0443,59.5405
738,729,484,291,30,0.14,66.1,2.5,99,2026-10-06 13:25:00,PT5M,89.399,100.0,100.0,73.0785,58.3895
726,717,475,292,30,0.14,66.7,2.5,101,2026-10-06 13:30:00,PT5M,88.611,100.0,100.0,72.0829,57.207
708,700,454,297,30,0.14,66.9,2.4,101,2026-10-06 13:35:00,PT5M,87.043,100.0,100.0,70.1906,55.023
685,677,424,305,30,0.14,66.7,2.4,101,2026-10-06 13:40:00,PT5M,84.686,100.0,100.0,67.4,51.842
661,654,394,312,30,0.14,66.5,2.4,100,2026-10-06 13:45:00,PT5M,82.285,100.0,99.9981,64.5719,48.6295
638,631,366,317,30,0.14,66.3,2.4,99,2026-10-06 13:50:00,PT5M,79.84,100.0,97.9729,61.7071,45.387
615,609,339,322,30,0.14,66.2,2.4,98,2026-10-06 13:55:00,PT5M,77.299,100.0,95.844,58.754,42.063
592,586,313,325,31,0.14,66.0,2.4,98,2026-10-06 14:00:00,PT5M,74.779,100.0,93.73,55.828,38.7715
569,564,288,327,31,0.14,65.8,2.4,97,2026-10-06 14:05:00,PT5M,72.222,100.0,91.5706,52.8734,35.459
547,542,263,328,31,0.14,65.6,2.4,96,2026-10-06 14:10:00,PT5M,69.607,100.0,89.3459,49.8681,32.1025
525,521,240,329,31,0.14,65.4,2.4,95,2026-10-06 14:15:00,PT5M,66.942,100.0,87.0627,46.8213,28.712
503,499,217,328,31,0.14,65.2,2.4,94,2026-10-06 14:20:00,PT5M,64.253,100.0,84.745,43.761,25.3175
481,478,196,326,31,0.14,65.1,2.4,94,2026-10-06 14:25:00,PT5M,61.548,100.0,82.4011,40.6949,21.9265
460,457,176,323,31,0.14,64.9,2.4,93,2026-10-06 14:30:00,PT5M,58.826,99.113,80.0293,37.6227,18.539
442,440,162,319,31,0.14,64.8,2.4,92,2026-10-06 14:35:00,PT5M,56.67,97.466,78.1412,35.1988,15.874
428,426,153,314,31,0.14,65.0,2.4,92,2026-10-06 14:40:00,PT5M,55.066,96.228,76.7299,33.4021,13.904
414,412,144,309,31,0.14,65.1,2.3,91,2026-10-06 14:45:00,PT5M,53.431,94.9645,75.2904,31.5716,11.8975
400,399,136,303,31,0.14,65.2,2.3,90,2026-10-06 14:50:00,PT5M,51.779,93.694,73.8392,29.7188,9.864
387,385,128,297,31,0.14,65.3,2.3,90,2026-10-06 14:55:00,PT5M,50.158,92.231,72.3013,28.0147,8.085
373,372,121,291,31,0.14,65.4,2.3,89,2026-10-06 15:00:00,PT5M,48.505,90.6255,70.6733,26.3367,6.3845
360,359,113,284,31,0.14,65.6,2.2,88,2026-10-06 15:05:00,PT5M,46.82,88.9635,69.0004,24.6396,4.6765
346,345,105,277,31,0.14,65.7,2.2,88,2026-10-06 15:10:00,PT5M,45.326,87.466,67.5046,23.1474,3.186
333,332,98,271,30,0.14,65.8,2.2,87,2026-10-06 15:15:00,PT5M,43.564,85.676,65.7278,21.4002,1.452
319,318,90,263,30,0.14,65.9,2.2,86,2026-10-06 15:20:00,PT5M,41.767,83.8165,63.898,19.636,0.0
306,305,83,256,30,0.14,66.0,2.1,86,2026-10-06 15:25:00,PT5M,39.933,81.879,62.0095,17.8565,0.0
292,292,75,248,30,0.14,66.2,2.1,85,2026-10-06 15:30:00,PT5M,38.065,79.86,60.062,16.068,0.0
280,279,69,241,30,0.14,67.2,2.0,86,2026-10-06 15:35:00,PT5M,36.396,77.8585,58.218,14.574,0.0
268,268,64,233,30,0.14,69.2,1.9,88,2026-10-06 15:40:00,PT5M,34.915,75.9755,56.5254,13.3046,0.0
256,256,59,225,29,0.14,71.2,1.7,91,2026-10-06 15:45:00,PT5M,33.379,73.9405,54.7268,12.0312,0.0
244,244,54,217,29,0.14,73.3,1.6,94,2026-10-06 15:50:00,PT5M,31.788,71.7675,52.8295,10.7465,0.0
233,232,48,209,28,0.14,75.5,1.4,99,2026-10-06 15:55:00,PT5M,30.141,69.466,50.838,9.444,0.0
221,220,42,201,28,0.14,77.7,1.3,104,2026-10-06 16:00:00,PT5M,28.44,67.0465,48.7589,8.1211,0.0
209,209,37,192,27,0.14,80.0,1.1,110,2026-10-06 16:05:00,PT5M,26.685,64.5145,46.5949,6.7751,0.0
197,197,30,184,27,0.14,82.4,1.0,118,2026-10-06 16:10:00,PT5M,24.901,61.8125,44.3278,5.4742,0.0
185,185,24,175,26,0.14,84.9,1.0,128,2026-10-06 16:15:00,PT5M,23.551,57.992,41.6775,5.4245,0.0
173,173,18,166,26,0.14,87.4,0.9,138,2026-10-06 16:20:00,PT5M,21.797,53.881,38.683,4.911,0.0
161,161,11,157,26,0.14,90.1,0.9,150,2026-10-06 16:25:00,PT5M,20.013,49.7685,35.6735,4.3525,0.0
149,150,4,148,25,0.14,92.8,0.9,162,2026-10-06 16:30:00,PT5M,18.226,45.6785,32.6744,3.7776,0.0
138,138,0,138,25,0.14,94.2,0.9,171,2026-10-06 16:35:00,PT5M,16.652,41.857,29.9176,3.3864,0.0
127,127,0,127,25,0.14,94.3,0.7,180,2026-10-06 16:40:00,PT5M,15.311,38.326,27.424,3.198,0.0
115,116,0,116,25,0.14,94.4,0.6,192,2026-10-06 16:45:00,PT5M,13.961,34.806,24.9319,2.9901,0.0
105,105,0,105,25,0.14,94.5,0.6,207,2026-10-06 16:50:00,PT5M,12.617,31.3295,22.4655,2.7685,0.0
93,94,0,94,25,0.14,94.6,0.6,224,2026-10-06 16:55:00,PT5M,11.245,27.9025,20.012,2.478,0.0
82,82,0,82,25,0.14,94.7,0.6,240,2026-10-06 17:00:00,PT5M,9.903,24.568,17.6213,2.1847,0.0
71,72,0,72,25,0.14,94.8,0.7,254,2026-10-06 17:05:00,PT5M,8.501,21.263,15.2177,1.7843,0.0
61,61,0,61,25,0.14,94.9,0.8,264,2026-10-06 17:10:00,PT5M,7.178,18.0455,12.8976,1.4584,0.0
51,51,0,51,25,0.14,95.0,0.9,271,2026-10-06 17:15:00,PT5M,5.99,14.955,10.7083,1.2717,0.0
42,42,0,42,25,0.14,95.1,1.1,277,2026-10-06 17:20:00,PT5M,4.817,11.9135,8.5519,1.0821,0.0
33,34,0,34,25,0.14,95.2,1.2,281,2026-10-06 17:25:00,PT5M,3.656,8.9975,6.4673,0.8447,0.0
26,26,0,26,25,0.14,95.3,1.4,285,2026-10-06 17:30:00,PT5M,2.667,6.473,4.6701,0.6639,0.0
18,18,0,18,25,0.14,95.4,1.4,286,2026-10-06 17:35:00,PT5M,1.761,4.118,3.0015,0.5205,0.0
12,12,0,12,25,0.14,95.6,1.4,286,2026-10-06 17:40:00,PT5M,0.911,2.1085,1.5413,0.2807,0.0
6,6,0,6,25,0.14,95.8,1.4,286,2026-10-06 17:45:00,PT5M,0.145,0.571,0.3692,0.0,0.0
2,2,0,2,25,0.14,96.0,1.3,286,2026-10-06 17:50:00,PT5M,0.0,0.0,0.0,0.0,0.0
0,0,0,0,25,0.14,96.2,1.3,286,2026-10-06 17:55:00,PT5M,0.0,0.0,0.0,0.0,0.0
0,0,0,0,25,0.14,96.4,1.3,286,2026-10-06 18:00:00,PT5M,0.0,0.0,0.0,0.0,0.0
0,0,0,0,25,0.14,96.6,1.2,286,2026-10-06 18:05:00,PT5M,0.0,0.0,0.0,0.0,0.0
0,0,0,0,25,0.14,96.8,1.2,286,2026-10-06 18:10:00,PT5M,0.0,0.0,0.0,0.0,0.0
0,0,0,0,25,0.14,96.9,1.2,286,2026-10-06 18:15:00,PT5M,0.0,0.0,0.0,0.0,0.0
0,0,0,0,25,0.14,97.1,1.1,286,2026-10-06 18:20:00,PT5M,0.0,0.0,0.0,0.0,0.0
0,0,0,0,24,0.14,97.3,1.1,287,2026-10-06 18:25:00,PT5M,0.0,0.0,0.0,0.0,0.0
0,0,0,0,24,0.14,97.5,1.1,287,2026-10-06 18:30:00,PT5M,0.0,0.0,0.0,0.0,0.0
0,0,0,0,24,0.14,97.7,1.0,287,2026-10-06 18:35:00,PT5M,0.0,0.0,0.0,0.0,0.0
0,0,0,0,24,0.14,97.7,1.0,287,2026-10-06 18:40:00,PT5M,0.0,0.0,0.0,0.0,0.0
0,0,0,0,24,0.14,97.8,1.0,287,2026-10-06 18:45:00,PT5M,0.0,0.0,0.0,0.0,0.0
0,0,0,0,24,0.14,97.8,1.0,287,2026-10-06 18:50:00,PT5M,0.0,0.0,0.0,0.0,0.0
0,0,0,0,24,0.14,97.8,0.9,286,2026-10-06 18:55:00,PT5M,0.0,0.0,0.0,0.0,0.0
0,0,0,0,24,0.14,97.9,0.9,286,2026-10-06 19:00:00,PT5M,0.0,0.0,0.0,0.0,0.0
0,0,0,0,24,0.14,97.9,0.9,286,2026-10-06 19:05:00,PT5M,0.0,0.0,0.0,0.0,0.0
0,0,0,0,24,0.14,98.0,0.8,286,2026-10-06 19:10:00,PT5M,0.0,0.0,0.0,0.0,0.0
0,0,0,0,24,0.14,98.0,0.8,286,2026-10-06 19:15:00,PT5M,0.0,0.0,0.0,0.0,0.0
0,0,0,0,24,0.14,98.1,0.8,286,2026-10-06 19:20:00,PT5M,0.0,0.0,0.0,0.0,0.0
0,0,0,0,24,0.14,98.1,0.8,286,2026-10-06 19:25:00,PT5M,0.0,0.0,0.0,0.0,0.0
0,0,0,0,24,0.14,98.2,0.7,286,2026-10-06 19:30:00,PT5M,0.0,0.0,0.0,0.0,0.0
0,0,0,0,24,0.14,98.2,0.7,286,2026-10-06 19:35:00,PT5M,0.0,0.0,0.0,0.0,0.0
0,0,0,0,24,0.14,98.2,0.8,285,2026-10-06 19:40:00,PT5M,0.0,0.0,0.0,0.0,0.0
0,0,0,0,24,0.14,98.2,0.8,285,2026-10-06 19:45:00,PT5M,0.0,0.0,0.0,0.0,0.0
0,0,0,0,24,0.14,98.2,0.8,285,2026-10-06 19:50:00,PT5M,0.0,0.0,0.0,0.0,0.0
0,0,0,0,24,0.14,98.2,0.8,284,2026-10-06 19:55:00,PT5M,0.0,0.0,0.0,0.0,0.0
0,0,0,0,24,0.14,98.2,0.8,284,2026-10-06 20:00:00,PT5M,0.0,0.0,0.0,0.0,0.0
0,0,0,0,24,0.14,98.2,0.8,284,2026-10-06 20:05:00,PT5M,0.0,0.0,0.0,0.0,0.0
0,0,0,0,24,0.14,98.2,0.8,284,2026-10-06 20:10:00,PT5M,0.0,0.0,0.0,0.0,0.0
0,0,0,0,24,0.14,98.2,0.9,283,2026-10-06 20:15:00,PT5M,0.0,0.0,0.0,0.0,0.0
0,0,0,0,24,0.14,98.2,0.9,283,2026-10-06 20:20:00,PT5M,0.0,0.0,0.0,0.0,0.0
0,0,0,0,24,0.14,98.2,0.9,283,2026-10-06 20:25:00,PT5M,0.0,0.0,0.0,0.0,0.0
0,0,0,0,24,0.14,98.2,0.9,283,2026-10-06 20:30:00,PT5M,0.0,0.0,0.0,0.0,0.0
0,0,0,0,24,0.14,98.2,0.9,283,2026-10-06 20:35:00,PT5M,0.0,0.0,0.0,0.0,0.0
0,0,0,0,24,0.14,98.2,0.9,284,2026-10-06 20:40:00,PT5M,0.0,0.0,0.0,0.0,0.0
0,0,0,0,24,0.14,98.2,1.0,285,2026-10-06 20:45:00,PT5M,0.0,0.0,0.0,0.0,0.0
0,0,0,0,24,0.14,98.2,1.0,286,2026-10-06 20:50:00,PT5M,0.0,0.0,0.0,0.0,0.0
0,0,0,0,24,0.14,98.2,1.0,286,2026-10-06 20:55:00,PT5M,0.0,0.0,0.0,0.0,0.0
0,0,0,0,24,0.14,98.2,1.0,287,2026-10-06 21:00:00,PT5M,0.0,0.0,0.0,0.0,0.0
0,0,0,0,24,0.14,98.2,1.0,288,2026-10-06 21:05:00,PT5M,0.0,0.0,0.0,0.0,0.0
0,0,0,0,24,0.14,98.2,1.0,289,2026-10-06 21:10:00,PT5M,0.0,0.0,0.0,0.0,0.0
0,0,0,0,24,0.14,98.2,1.0,289,2026-10-06 21:15:00,PT5M,0.0,0.0,0.0,0.0,0.0
0,0,0,0,24,0.14,98.2,1.0,290,2026-10-06 21:20:00,PT5M,0.0,0.0,0.0,0.0,0.0
0,0,0,0,24,0.14,98.2,1.1,291,2026-10-06 21:25:00,PT5M,0.0,0.0,0.0,0.0,0.0
0,0,0,0,24,0.14,98.2,1.1,291,2026-10-06 21:30:00,PT5M,0.0,0.0,0.0,0.0,0.0
0,0,0,0,24,0.14,98.2,1.1,292,2026-10-06 21:35:00,PT5M,0.0,0.0,0.0,0.0,0.0
0,0,0,0,24,0.14,98.2,1.1,291,2026-10-06 21:40:00,PT5M,0.0,0.0,0.0,0.0,0.0
0,0,0,0,24,0.14,98.2,1.1,291,2026-10-06 21:45:00,PT5M,0.0,0.0,0.0,0.0,0.0
0,0,0,0,24,0.14,98.2,1.0,291,2026-10-06 21:50:00,PT5M,0.0,0.0,0.0,0.0,0.0
0,0,0,0,24,0.14,98.2,1.0,291,2026-10-06 21:55:00,PT5M,0.0,0.0,0.0,0.0,0.0
0,0,0,0,24,0.14,98.2,1.0,290,2026-10-06 22:00:00,PT5M,0.0,0.0,0.0,0.0,0.0
0,0,0,0,24,0.14,98.2,1.0,290,2026-10-06 22:05:00,PT5M,0.0,0.0,0.0,0.0,0.0
0,0,0,0,24,0.14,98.2,1.0,290,2026-10-06 22:10:00,PT5M,0.0,0.0,0.0,0.0,0.0
0,0,0,0,24,0.14,98.2,1.0,290,2026-10-06 22:15:00,PT5M,0.0,0.0,0.0,0.0,0.0
0,0,0,0,24,0.14,98.2,1.0,289,2026-10-06 22:20:00,PT5M,0.0,0.0,0.0,0.0,0.0
0,0,0,0,24,0.14,98.2,1.0,289,2026-10-06 22:25:00,PT5M,0.0,0.0,0.0,0.0,0.0
0,0,0,0,24,0.14,98.2,1.0,289,2026-10-06 22:30:00,PT5M,0.0,0.0,0.0,0.0,0.0
0,0,0,0,24,0.14,98.2,0.9,288,2026-10-06 22:35:00,PT5M,0.0,0.0,0.0,0.0,0.0
0,0,0,0,24,0.14,98.2,0.9,288,2026-10-06 22:40:00,PT5M,0.0,0.0,0.0,0.0,0.0
0,0,0,0,24,0.14,98.2,0.9,288,2026-10-06 22:45:00,PT5M,0.0,0.0,0.0,0.0,0.0
0,0,0,0,24,0.14,98.2,0.9,288,2026-10-06 22:50:00,PT5M,0.0,0.0,0.0,0.0,0.0
0,0,0,0,24,0.14,98.2,0.9,288,2026-10-06 22:55:00,PT5M,0.0,0.0,0.0,0.0,0.0
0,0,0,0,24,0.14,98.2,0.9,288,2026-10-06 23:00:00,PT5M,0.0,0.0,0.0,0.0,0.0
0,0,0,0,24,0.14,98.2,0.9,288,2026-10-06 23:05:00,PT5M,0.0,0.0,0.0,0.0,0.0
0,0,0,0,24,0.14,98.2,0.9,288,2026-10-06 23:10:00,PT5M,0.0,0.0,0.0,0.0,0.0
0,0,0,0,24,0.14,98.2,0.9,288,2026-10-06 23:15:00,PT5M,0.0,0.0,0.0,0.0,0.0
0,0,0,0,24,0.14,98.2,0.9,288,2026-10-06 23:20:00,PT5M,0.0,0.0,0.0,0.0,0.0
0,0,0,0,24,0.14,98.2,0.9,288,2026-10-06 23:25:00,PT5M,0.0,0.0,0.0,0.0,0.0
0,0,0,0,24,0.14,98.2,0.9,288,2026-10-06 23:30:00,PT5M,0.0,0.0,0.0,0.0,0.0
0,0,0,0,24,0.14,98.2,1.0,288,2026-10-06 23:35:00,PT5M,0.0,0.0,0.0,0.0,0.0
0,0,0,0,24,0.14,98.1,1.0,288,2026-10-06 23:40:00,PT5M,0.0,0.0,0.0,0.0,0.0
0,0,0,0,24,0.14,98.0,1.0,288,2026-10-06 23:45:00,PT5M,0.0,0.0,0.0,0.0,0.0
0,0,0,0,24,0.14,97.9,1.0,288,2026-10-06 23:50:00,PT5M,0.0,0.0,0.0,0.0,0.0
0,0,0,0,24,0.14,97.8,1.0,288,2026-10-06 23:55:00,PT5M,0.0,0.0,0.0,0.0,0.0
0,0,0,0,24,0.14,97.7,1.0,288,2026-10-07 00:00:00,PT5M,0.0,0.0,0.0,0.0,0.0
0,0,0,0,24,0.14,97.6,1.0,287,2026-10-07 00:05:00,PT5M,0.0,0.0,0.0,0.0,0.0
0,0,0,0,24,0.14,97.5,1.0,287,2026-10-07 00:10:00,PT5M,0.0,0.0,0.0,0.0,0.0
0,0,0,0,24,0.14,97.4,1.0,287,2026-10-07 00:15:00,PT5M,0.0,0.0,0.0,0.0,0.0
0,0,0,0,24,0.14,97.3,1.0,287,2026-10-07 00:20:00,PT5M,0.0,0.0,0.0,0.0,0.0
0,0,0,0,24,0.14,97.2,1.0,287,2026-10-07 00:25:00,PT5M,0.0,0.0,0.0,0.0,0.0
0,0,0,0,24,0.14,97.1,1.0,287,2026-10-07 00:30:00,PT5M,0.0,0.0,0.0,0.0,0.0
0,0,0,0,24,0.14,97.0,1.1,287,2026-10-07 00:35:00,PT5M,0.0,0.0,0.0,0.0,0.0
0,0,0,0,24,0.14,96.9,1.1,288,2026-10-07 00:40:00,PT5M,0.0,0.0,0.0,0.0,0.0
0,0,0,0,24,0.14,96.8,1.1,288,2026-10-07 00:45:00,PT5M,0.0,0.0,0.0,0.0,0.0
0,0,0,0,24,0.14,96.7,1.1,289,2026-10-07 00:50:00,PT5M,0.0,0.0,0.0,0.0,0.0
0,0,0,0,24,0.14,96.6,1.1,289,2026-10-07 00:55:00,PT5M,0.0,0.0,0.0,0.0,0.0
0,0,0,0,24,0.14,96.5,1.2,290,2026-10-07 01:00:00,PT5M,0.0,0.0,0.0,0.0,0.0
0,0,0,0,24,0.14,96.4,1.2,290,2026-10-07 01:05:00,PT5M,0.0,0.0,0.0,0.0,0.0
0,0,0,0,24,0.14,96.3,1.2,291,2026-10-07 01:10:00,PT5M,0.0,0.0,0.0,0.0,0.0
0,0,0,0,24,0.14,96.2,1.2,291,2026-10-07 01:15:00,PT5M,0.0,0.0,0.0,0.0,0.0
0,0,0,0,24,0.14,96.1,1.2,292,2026-10-07 01:20:00,PT5M,0.0,0.0,0.0,0.0,0.0
0,0,0,0,24,0.14,96.0,1.3,292,2026-10-07 01:25:00,PT5M,0.0,0.0,0.0,0.0,0.0
0,0,0,0,24,0.14,95.9,1.3,292,2026-10-07 01:30:00,PT5M,0.0,0.0,0.0,0.0,0.0
0,0,0,0,24,0.14,95.9,1.3,293,2026-10-07 01:35:00,PT5M,0.0,0.0,0.0,0.0,0.0
0,0,0,0,24,0.14,95.8,1.2,293,2026-10-07 01:40:00,PT5M,0.0,0.0,0.0,0.0,0.0
0,0,0,0,24,0.14,95.8,1.2,293,2026-10-07 01:45:00,PT5M,0.0,0.0,0.0,0.0,0.0
0,0,0,0,24,0.14,95.7,1.2,293,2026-10-07 01:50:00,PT5M,0.0,0.0,0.0,0.0,0.0
0,0,0,0,24,0.14,95.7,1.1,294,2026-10-07 01:55:00,PT5M,0.0,0.0,0.0,0.0,0.0
0,0,0,0,24,0.14,95.6,1.1,294,2026-10-07 02:00:00,PT5M,0.0,0.0,0.0,0.0,0.0
0,0,0,0,24,0.14,95.6,1.1,294,2026-10-07 02:05:00,PT5M,0.0,0.0,0.0,0.0,0.0
0,0,0,0,24,0.14,95.5,1.0,295,2026-10-07 02:10:00,PT5M,0.0,0.0,0.0,0.0,0.0
0,0,0,0,24,0.14,95.5,1.0,295,2026-10-07 02:15:00,PT5M,0.0,0.0,0.0,0.0,0.0
0,0,0,0,24,0.14,95.4,1.0,295,2026-10-07 02:20:00,PT5M,0.0,0.0,0.0,0.0,0.0
0,0,0,0,24,0.14,95.4,0.9,296,2026-10-07 02:25:00,PT5M,0.0,0.0,0.0,0.0,0.0
0,0,0,0,24,0.14,95.3,0.9,296,2026-10-07 02:30:00,PT5M,0.0,0.0,0.0,0.0,0.0
0,0,0,0,24,0.14,95.3,0.9,296,2026-10-07 02:35:00,PT5M,0.0,0.0,0.0,0.0,0.0
0,0,0,0,24,0.14,95.2,0.8,296,2026-10-07 02:40:00,PT5M,0.0,0.0,0.0,0.0,0.0
0,0,0,0,24,0.14,95.1,0.8,296,2026-10-07 02:45:00,PT5M,0.0,0.0,0.0,0.0,0.0
0,0,0,0,24,0.14,95.0,0.8,296,2026-10-07 02:50:00,PT5M,0.0,0.0,0.0,0.0,0.0
0,0,0,0,24,0.14,94.9,0.8,295,2026-10-07 02:55:00,PT5M,0.0,0.0,0.0,0.0,0.0
0,0,0,0,24,0.14,94.8,0.7,295,2026-10-07 03:00:00,PT5M,0.0,0.0,0.0,0.0,0.0
0,0,0,0,24,0.14,94.7,0.7,295,2026-10-07 03:05:00,PT5M,0.0,0.0,0.0,0.0,0.0
0,0,0,0,24,0.14,94.6,0.7,294,2026-10-07 03:10:00,PT5M,0.0,0.0,0.0,0.0,0.0
0,0,0,0,24,0.14,94.5,0.6,294,2026-10-07 03:15:00,PT5M,0.0,0.0,0.0,0.0,0.0
0,0,0,0,24,0.14,94.4,0.6,293,2026-10-07 03:20:00,PT5M,0.0,0.0,0.0,0.0,0.0
0,0,0,0,24,0.14,94.3,0.6,293,2026-10-07 03:25:00,PT5M,0.0,0.0,0.0,0.0,0.0
0,0,0,0,24,0.14,94.2,0.6,292,2026-10-07 03:30:00,PT5M,0.0,0.0,0.0,0.0,0.0
0,0,0,0,24,0.14,94.1,0.5,292,2026-10-07 03:35:00,PT5M,0.0,0.0,0.0,0.0,0.0
0,0,0,0,24,0.14,93.9,0.5,292,2026-10-07 03:40:00,PT5M,0.0,0.0,0.0,0.0,0.0
0,0,0,0,24,0.14,93.8,0.5,293,2026-10-07 03:45:00,PT5M,0.0,0.0,0.0,0.0,0.0
0,0,0,0,24,0.14,93.7,0.5,293,2026-10-07 03:50:00,PT5M,0.0,0.0,0.0,0.0,0.0
0,0,0,0,24,0.14,93.5,0.5,293,2026-10-07 03:55:00,PT5M,0.0,0.0,0.0,0.0,0.0
0,0,0,0,24,0.14,93.4,0.5,294,2026-10-07 04:00:00,PT5M,0.0,0.0,0.0,0.0,0.0
0,0,0,0,24,0.14,93.2,0.5,294,2026-10-07 04:05:00,PT5M,0.0,0.0,0.0,0.0,0.0
0,0,0,0,24,0.14,93.1,0.5,295,2026-10-07 04:10:00,PT5M,0.0,0.0,0.0,0.0,0.0
0,0,0,0,24,0.14,93.0,0.5,295,2026-10-07 04:15:00,PT5M,0.0,0.0,0.0,0.0,0.0
0,0,0,0,24,0.14,92.8,0.5,295,2026-10-07 04:20:00,PT5M,0.0,0.0,0.0,0.0,0.0
0,0,0,0,24,0.14,92.7,0.5,296,2026-10-07 04:25:00,PT5M,0.0,0.0,0.0,0.0,0.0
0,0,0,0,24,0.14,92.5,0.5,296,2026-10-07 04:30:00,PT5M,0.0,0.0,0.0,0.0,0.0
0,0,0,0,24,0.14,92.5,0.4,297,2026-10-07 04:35:00,PT5M,0.0,0.0,0.0,0.0,0.0
0,0,0,0,24,0.14,92.4,0.4,297,2026-10-07 04:40:00,PT5M,0.0,0.0,0.0,0.0,0.0
0,0,0,0,24,0.14,92.4,0.4,298,2026-10-07 04:45:00,PT5M,0.0,0.0,0.0,0.0,0.0
0,0,0,0,24,0.14,92.3,0.4,298,2026-10-07 04:50:00,PT5M,0.0,0.0,0.0,0.0,0.0
0,0,0,0,24,0.14,92.3,0.4,299,2026-10-07 04:55:00,PT5M,0.0,0.0,0.0,0.0,0.0
0,0,0,0,24,0.14,92.2,0.4,299,2026-10-07 05:00:00,PT5M,0.0,0.0,0.0,0.0,0.0
0,0,0,0,25,0.14,92.2,0.4,300,2026-10-07 05:05:00,PT5M,0.0,0.0,0.0,0.0,0.0
0,0,0,0,25,0.14,92.1,0.4,301,2026-10-07 05:10:00,PT5M,0.0,0.0,0.0,0.0,0.0
0,0,0,0,25,0.14,92.1,0.4,301,2026-10-07 05:15:00,PT5M,0.0,0.0,0.0,0.0,0.0
0,0,0,0,25,0.14,92.0,0.4,302,2026-10-07 05:20:00,PT5M,0.0,0.0,0.0,0.0,0.0
0,0,0,0,25,0.14,92.0,0.4,303,2026-10-07 05:25:00,PT5M,0.0,0.0,0.0,0.0,0.0
0,0,0,0,25,0.14,91.9,0.4,303,2026-10-07 05:30:00,PT5M,0.0,0.0,0.0,0.0,0.0
0,0,0,0,25,0.14,91.9,0.4,303,2026-10-07 05:35:00,PT5M,0.0,0.0,0.0,0.0,0.0
0,0,0,0,25,0.14,91.9,0.4,301,2026-10-07 05:40:00,PT5M,0.0,0.0,0.0,0.0,0.0
0,0,0,0,25,0.14,91.8,0.4,299,2026-10-07 05:45:00,PT5M,0.0,0.0,0.0,0.0,0.0
0,0,0,0,25,0.14,91.8,0.4,297,2026-10-07 05:50:00,PT5M,0.0,0.0,0.0,0.0,0.0
0,0,0,0,25,0.14,91.7,0.5,296,2026-10-07 05:55:00,PT5M,0.0,0.0,0.0,0.0,0.0
4,4,0,4,25,0.14,91.7,0.5,295,2026-10-07 06:00:00,PT5M,0.0,0.0,0.0,0.0,0.0
12,12,0,12,25,0.14,91.6,0.5,293,2026-10-07 06:05:00,PT5M,1.008,1.5975,1.3183,0.6977,0.4185
22,22,1,22,25,0.14,91.6,0.5,292,2026-10-07 06:10:00,PT5M,2.282,3.4875,2.9165,1.6475,1.0765
33,33,31,30,25,0.14,91.5,0.6,291,2026-10-07 06:15:00,PT5M,3.912,6.2425,5.1386,2.6854,1.5815
45,44,64,38,25,0.14,91.5,0.6,290,2026-10-07 06:20:00,PT5M,5.99,9.742,7.9647,4.0153,2.238
58,57,93,46,25,0.14,91.5,0.6,290,2026-10-07 06:25:00,PT5M,8.421,13.7255,11.2128,5.6292,3.1165
73,71,122,53,25,0.14,91.4,0.6,289,2026-10-07 06:30:00,PT5M,11.404,18.427,15.1003,7.7077,4.381
88,86,154,61,25,0.14,91.2,0.6,288,2026-10-07 06:35:00,PT5M,14.671,23.511,19.3236,10.0184,5.831
105,102,188,67,25,0.14,90.9,0.6,287,2026-10-07 06:40:00,PT5M,18.231,28.883,23.8372,12.6248,7.579
122,119,220,74,25,0.14,90.6,0.6,286,2026-10-07 06:45:00,PT5M,22.045,34.448,28.5728,15.5172,9.642
141,137,252,79,25,0.14,90.3,0.5,285,2026-10-07 06:50:00,PT5M,26.056,40.205,33.5027,18.6093,11.907
160,156,284,85,25,0.14,90.0,0.5,284,2026-10-07 06:55:00,PT5M,30.319,46.289,38.7241,21.9139,14.349
178,174,310,90,25,0.14,89.7,0.5,283,2026-10-07 07:00:00,PT5M,34.575,52.4645,43.9904,25.1596,16.6855
197,192,332,95,26,0.14,89.4,0.4,282,2026-10-07 07:05:00,PT5M,38.797,58.676,49.2595,28.3345,18.918
215,210,352,100,26,0.14,89.1,0.4,280,2026-10-07 07:10:00,PT5M,43.132,65.0305,54.6573,31.6067,21.2335
234,229,372,105,26,0.14,88.8,0.4,279,2026-10-07 07:15:00,PT5M,47.545,71.48,60.1422,34.9478,23.61
253,247,390,110,26,0.14,88.5,0.4,277,2026-10-07 07:20:00,PT5M,51.998,77.9805,65.6728,38.3232,26.0155
272,266,408,114,26,0.14,88.2,0.3,274,2026-10-07 07:25:00,PT5M,56.494,84.5255,71.2472,41.7408,28.4625
291,285,425,118,26,0.14,87.9,0.3,272,2026-10-07 07:30:00,PT5M,61.036,91.129,76.8742,45.1978,30.943
309,303,435,123,26,0.14,87.3,0.3,264,2026-10-07 07:35:00,PT5M,65.11,97.3565,82.0816,48.1384,32.8635
326,319,438,130,26,0.14,86.4,0.2,245,2026-10-07 07:40:00,PT5M,68.459,100.0,86.5682,50.3498,34.051
342,335,441,136,27,0.14,85.5,0.2,218,2026-10-07 07:45:00,PT5M,69.727,100.0,88.1443,51.3097,34.7335
357,350,443,143,27,0.14,84.6,0.2,190,2026-10-07 07:50:00,PT5M,70.911,100.0,89.6207,52.2013,35.362
373,366,444,149,27,0.14,83.7,0.3,172,2026-10-07 07:55:00,PT5M,72.005,100.0,90.9886,53.0214,35.9355
388,381,445,156,27,0.14,82.9,0.3,161,2026-10-07 08:00:00,PT5M,72.999,100.0,92.2682,53.7298,36.387
403,396,445,162,27,0.14,82.0,0.4,154,2026-10-07 08:05:00,PT5M,73.884,100.0,93.3755,54.3925,36.8495
418,410,444,169,27,0.14,81.2,0.5,149,2026-10-07 08:10:00,PT5M,74.647,100.0,94.3277,54.9663,37.253
432,424,444,176,28,0.14,80.3,0.6,146,2026-10-07 08:15:00,PT5M,75.287,100.0,95.119,55.455,37.6055
446,438,442,182,28,0.14,79.5,0.7,143,2026-10-07 08:20:00,PT5M,75.8,100.0,95.7344,55.8656,37.924
459,451,440,189,28,0.14,78.7,0.8,141,2026-10-07 08:25:00,PT5M,76.212,100.0,96.2185,56.2055,38.199
472,464,438,196,28,0.14,77.9,0.9,140,2026-10-07 08:30:00,PT5M,76.572,100.0,96.6377,56.5063,38.4465
485,478,438,202,28,0.14,77.3,1.0,138,2026-10-07 08:35:00,PT5M,77.125,100.0,97.2157,57.0343,38.952
500,492,441,208,28,0.14,76.8,1.0,136,2026-10-07 08:40:00,PT5M,77.869,100.0,97.9516,57.7864,39.7115
513,506,443,213,28,0.14,76.4,1.1,134,2026-10-07 08:45:00,PT5M,78.568,100.0,98.6229,58.5131,40.463
527,519,445,218,28,0.14,75.9,1.1,132,2026-10-07 08:50:00,PT5M,79.234,100.0,99.1142,59.3538,41.461
540,532,447,223,28,0.14,75.5,1.2,131,2026-10-07 08:55:00,PT5M,79.867,100.0,99.5767,60.1573,42.418
553,545,449,228,29,0.14,75.1,1.2,129,2026-10-07 09:00:00,PT5M,80.472,100.0,100.0,60.9292,43.34
567,559,452,232,29,0.14,74.6,1.3,128,2026-10-07 09:05:00,PT5M,81.164,100.0,100.0,61.7901,44.353
580,571,455,237,29,0.14,74.2,1.4,127,2026-10-07 09:10:00,PT5M,81.825,100.0,100.0,62.6164,45.328
592,584,457,241,29,0.14,73.8,1.4,126,2026-10-07 09:15:00,PT5M,82.457,100.0,100.0,63.4094,46.266
605,596,460,245,29,0.14,73.3,1.5,125,2026-10-07 09:20:00,PT5M,83.062,100.0,100.0,64.171,47.1685
617,608,462,249,29,0.14,72.9,1.6,124,2026-10-07 09:25:00,PT5M,83.64,100.0,100.0,64.9014,48.036
629,620,464,253,29,0.14,72.5,1.6,123,2026-10-07 09:30:00,PT5M,84.193,100.0,100.0,65.6025,48.8705
639,631,465,257,29,0.14,72.2,1.7,123,2026-10-07 09:35:00,PT5M,84.659,100.0,100.0,66.1943,49.5755
649,641,465,262,29,0.14,72.2,1.7,123,2026-10-07 09:40:00,PT5M,85.043,100.0,100.0,66.6812,50.155
659,650,465,266,29,0.14,72.1,1.7,123,2026-10-07 09:45:00,PT5M,85.371,100.0,100.0,67.1034,50.662
668,659,463,271,29,0.14,72.0,1.7,123,2026-10-07 09:50:00,PT5M,85.661,100.0,100.0,67.48,51.1165
676,667,462,275,29,0.14,72.0,1.7,122,2026-10-07 09:55:00,PT5M,85.931,100.0,100.0,67.8297,51.538
684,675,461,280,29,0.14,71.9,1.8,122,2026-10-07 10:00:00,PT5M,86.18,100.0,100.0,68.1503,51.923
692,683,459,284,29,0.14,71.9,1.8,122,2026-10-07 10:05:00,PT5M,86.408,100.0,100.0,68.4436,52.275
699,690,457,288,29,0.14,71.8,1.8,122,2026-10-07 10:10:00,PT5M,86.616,100.0,100.0,68.7105,52.595
706,697,456,292,30,0.14,71.7,1.8,122,2026-10-07 10:15:00,PT5M,86.803,100.0,100.0,68.9501,52.882
712,703,454,296,30,0.14,71.7,1.8,122,2026-10-07 10:20:00,PT5M,86.97,100.0,100.0,69.1642,53.1385
718,709,452,300,30,0.14,71.6,1.9,122,2026-10-07 10:25:00,PT5M,87.117,100.0,100.0,69.3526,53.364
724,715,450,304,30,0.14,71.5,1.9,122,2026-10-07 10:30:00,PT5M,87.248,100.0,100.0,69.5204,53.565
727,718,444,309,30,0.14,71.3,1.9,122,2026-10-07 10:35:00,PT5M,87.163,100.0,100.0,69.4343,53.478
729,720,436,315,30,0.14,70.8,1.9,121,2026-10-07 10:40:00,PT5M,86.865,100.0,100.0,69.0966,53.1045
730,721,428,321,30,0.14,70.3,1.8,120,2026-10-07 10:45:00,PT5M,86.548,100.0,100.0,68.732,52.697
730,722,419,327,30,0.14,69.8,1.8,119,2026-10-07 10:50:00,PT5M,86.21,100.0,100.0,68.3379,52.2525
730,722,411,333,30,0.14,69.4,1.8,118,2026-10-07 10:55:00,PT5M,85.833,100.0,100.0,67.8849,51.731
730,722,403,338,30,0.14,68.9,1.8,117,2026-10-07 11:00:00,PT5M,85.454,100.0,100.0,67.4332,51.214
729,721,394,344,30,0.14,68.4,1.8,116,2026-10-07 11:05:00,PT5M,85.074,100.0,100.0,66.9853,50.705
727,720,386,349,31,0.14,68.0,1.8,115,2026-10-07 11:10:00,PT5M,84.672,100.0,100.0,66.5076,50.159
726,718,378,354,31,0.14,67.5,1.8,114,2026-10-07 11:15:00,PT5M,84.238,100.0,100.0,65.9854,49.5575
723,716,369,358,31,0.14,67.1,1.7,113,2026-10-07 11:20:00,PT5M,83.782,100.0,100.0,65.4357,48.9235
721,713,361,363,31,0.14,66.6,1.7,112,2026-10-07 11:25:00,PT5M,83.303,100.0,100.0,64.8575,48.256
717,710,352,367,31,0.14,66.2,1.7,111,2026-10-07 11:30:00,PT5M,82.833,100.0,100.0,64.2841,47.5895
714,708,345,371,31,0.14,65.8,1.7,110,2026-10-07 11:35:00,PT5M,82.39,100.0,100.0,63.7653,47.0025
712,705,339,374,31,0.14,65.4,1.8,110,2026-10-07 11:40:00,PT5M,81.986,100.0,100.0,63.3134,46.5075
708,702,332,376,31,0.14,65.0,1.8,109,2026-10-07 11:45:00,PT5M,81.554,100.0,100.0,62.8283,45.9745
705,698,326,379,31,0.14,64.7,1.9,108,2026-10-07 11:50:00,PT5M,81.095,100.0,99.8784,62.3116,45.406
700,694,319,381,31,0.14,64.3,2.0,108,2026-10-07 11:55:00,PT5M,80.617,100.0,99.463,61.771,44.809
696,690,313,383,31,0.14,63.9,2.0,107,2026-10-07 12:00:00,PT5M,80.178,100.0,99.0914,61.2646,44.242
691,685,306,385,31,0.14,63.5,2.1,107,2026-10-07 12:05:00,PT5M,79.711,100.0,98.6962,60.7258,43.6385
686,680,300,387,32,0.14,63.2,2.1,106,2026-10-07 12:10:00,PT5M,79.213,100.0,98.2745,60.1515,42.9955
680,674,293,388,32,0.14,62.8,2.2,106,2026-10-07 12:15:00,PT5M,78.686,100.0,97.8278,59.5442,42.316
674,668,286,390,32,0.14,62.4,2.2,106,2026-10-07 12:20:00,PT5M,78.128,100.0,97.3543,58.9017,41.5975
667,662,280,390,32,0.14,62.1,2.3,105,2026-10-07 12:25:00,PT5M,77.54,100.0,96.8542,58.2258,40.8425
661,655,273,391,32,0.14,61.7,2.3,105,2026-10-07 12:30:00,PT5M,76.923,100.0,96.3282,57.5178,40.0525
655,649,268,391,32,0.14,61.5,2.4,105,2026-10-07 12:35:00,PT5M,76.392,100.0,95.8812,56.9028,39.362
649,644,264,390,32,0.14,61.5,2.5,104,2026-10-07 12:40:00,PT5M,75.946,100.0,95.5128,56.3792,38.7685
643,638,261,390,32,0.14,61.4,2.6,104,2026-10-07 12:45:00,PT5M,75.45,100.0,95.1044,55.7956,38.106
637,632,257,388,32,0.14,61.3,2.7,104,2026-10-07 12:50:00,PT5M,74.926,100.0,94.6701,55.1819,37.4115
631,626,253,387,32,0.14,61.3,2.8,104,2026-10-07 12:55:00,PT5M,74.406,100.0,94.233,54.579,36.734
624,619,249,386,32,0.14,61.2,2.8,104,2026-10-07 13:00:00,PT5M,73.863,100.0,93.7737,53.9523,36.032
617,612,245,384,32,0.14,61.1,2.9,104,2026-10-07 13:05:00,PT5M,73.259,100.0,93.2655,53.2525,35.246
610,605,241,382,32,0.14,61.1,3.0,104,2026-10-07 13:10:00,PT5M,72.617,100.0,92.7235,52.5105,34.414
602,597,237,380,32,0.14,61.0,3.1,104,2026-10-07 13:15:00,PT5M,71.943,100.0,92.1529,51.7331,33.5435
594,590,233,377,32,0.14,60.9,3.2,104,2026-10-07 13:20:00,PT5M,71.238,100.0,91.5532,50.9228,32.6385
586,581,229,375,32,0.14,60.9,3.3,104,2026-10-07 13:25:00,PT5M,70.507,100.0,90.9293,50.0847,31.704
577,573,225,372,32,0.14,60.8,3.4,104,2026-10-07 13:30:00,PT5M,69.749,100.0,90.28,49.218,30.7395
564,560,215,370,32,0.14,60.9,3.4,104,2026-10-07 13:35:00,PT5M,68.401,100.0,89.1291,47.6729,29.017
546,543,198,369,32,0.14,61.1,3.4,105,2026-10-07 13:40:00,PT5M,66.431,100.0,87.4393,45.4227,26.5145
529,525,182,368,32,0.14,61.3,3.4,106,2026-10-07 13:45:00,PT5M,64.464,100.0,85.7476,43.1804,24.0245
511,508,167,366,32,0.14,61.5,3.5,106,2026-10-07 13:50:00,PT5M,62.468,100.0,84.0216,40.9144,21.5155
494,491,152,363,31,0.14,61.7,3.5,107,2026-10-07 13:55:00,PT5M,60.446,100.0,82.2646,38.6274,18.99
476,474,138,359,31,0.14,61.9,3.5,108,2026-10-07 14:00:00,PT5M,58.392,100.0,80.4708,36.3132,16.4415
459,457,124,355,31,0.14,62.1,3.5,109,2026-10-07 14:05:00,PT5M,56.316,98.75,78.6493,33.9827,13.882
442,440,111,351,31,0.14,62.3,3.6,109,2026-10-07 14:10:00,PT5M,54.197,97.1045,76.7795,31.6145,11.2895
425,424,98,345,31,0.14,62.5,3.6,110,2026-10-07 14:15:00,PT5M,52.191,95.5595,75.0162,29.3658,8.8225
408,407,86,340,31,0.14,62.7,3.6,111,2026-10-07 14:20:00,PT5M,50.046,93.8685,73.1101,26.9819,6.2235
391,391,74,333,31,0.14,62.9,3.6,111,2026-10-07 14:25:00,PT5M,47.892,92.1715,71.1966,24.5874,3.6125
375,374,63,327,31,0.14,63.2,3.7,112,2026-10-07 14:30:00,PT5M,45.733,90.4535,69.2697,22.1963,1.0125
363,363,57,320,31,0.14,63.6,3.6,113,2026-10-07 14:35:00,PT5M,44.233,89.2345,67.9176,20.5484,0.0
355,355,56,314,31,0.14,64.3,3.5,114,2026-10-07 14:40:00,PT5M,43.376,88.5185,67.1348,19.6172,0.0
347,347,55,307,31,0.14,65.0,3.3,116,2026-10-07 14:45:00,PT5M,42.491,87.776,66.3248,18.6572,0.0
339,339,54,301,30,0.14,65.8,3.2,117,2026-10-07 14:50:00,PT5M,41.6,87.028,65.5091,17.6909,0.0
331,331,54,294,30,0.14,66.5,3.1,119,2026-10-07 14:55:00,PT5M,40.722,86.292,64.7058,16.7382,0.0
323,323,53,287,30,0.14,67.2,2.9,121,2026-10-07 15:00:00,PT5M,39.817,85.503,63.8619,15.7721,0.0
314,314,52,280,30,0.14,68.0,2.8,122,2026-10-07 15:05:00,PT5M,38.885,84.427,62.8541,14.9159,0.0
306,306,51,273,30,0.14,68.7,2.7,125,2026-10-07 15:10:00,PT5M,37.923,83.304,61.8073,14.0387,0.0
297,297,50,266,30,0.14,69.5,2.6,127,2026-10-07 15:15:00,PT5M,36.916,82.1175,60.7059,13.1261,0.0
288,288,49,258,30,0.14,70.3,2.5,129,2026-10-07 15:20:00,PT5M,35.876,80.8725,59.558,12.194,0.0
279,279,47,251,29,0.14,71.1,2.3,132,2026-10-07 15:25:00,PT5M,34.803,79.564,58.361,11.245,0.0
270,269,46,243,29,0.14,71.9,2.2,135,2026-10-07 15:30:00,PT5M,33.695,78.1815,57.1086,10.2814,0.0
260,260,44,235,29,0.14,72.9,2.0,138,2026-10-07 15:35:00,PT5M,32.509,76.623,55.7265,9.2915,0.0
249,249,40,228,29,0.14,74.3,1.7,141,2026-10-07 15:40:00,PT5M,31.227,74.858,54.1903,8.2637,0.0
239,239,37,220,28,0.14,75.7,1.4,146,2026-10-07 15:45:00,PT5M,29.901,72.9665,52.5667,7.2353,0.0
228,228,34,212,28,0.14,77.1,1.1,153,2026-10-07 15:50:00,PT5M,28.528,70.8855,50.8211,6.2349,0.0
218,218,30,203,28,0.14,78.5,0.8,165,2026-10-07 15:55:00,PT5M,27.407,69.055,49.3266,5.4874,0.0
207,207,26,195,28,0.14,80.0,0.6,185,2026-10-07 16:00:00,PT5M,25.934,66.816,47.4505,4.4175,0.0
196,197,22,187,27,0.14,81.5,0.6,216,2026-10-07 16:05:00,PT5M,24.412,64.4775,45.4988,3.3252,0.0
186,186,18,178,27,0.14,83.0,0.7,245,2026-10-07 16:10:00,PT5M,22.902,61.853,43.4022,2.4018,0.0
175,175,13,170,27,0.14,84.6,0.9,263,2026-10-07 16:15:00,PT5M,21.557,57.988,40.7309,2.3831,0.0
164,164,9,161,26,0.14,86.2,1.2,273,2026-10-07 16:20:00,PT5M,20.087,54.0925,37.9843,2.1897,0.0
153,154,4,152,26,0.14,87.8,1.5,279,2026-10-07 16:25:00,PT5M,18.571,50.1735,35.2036,1.9384,0.0
143,143,0,143,26,0.14,89.5,1.8,283,2026-10-07 16:30:00,PT5M,17.134,46.3525,32.5119,1.7561,0.0
132,133,0,133,26,0.14,90.6,2.0,284,2026-10-07 16:35:00,PT5M,15.941,42.7845,30.0689,1.8131,0.0
122,122,0,122,26,0.14,91.1,2.0,282,2026-10-07 16:40:00,PT5M,14.725,39.2125,27.6129,1.8371,0.0
112,112,0,112,26,0.14,91.6,2.0,280,2026-10-07 16:45:00,PT5M,13.487,35.641,25.1468,1.8272,0.0
102,102,0,102,25,0.14,92.1,2.0,278,2026-10-07 16:50:00,PT5M,12.244,32.1075,22.6983,1.7897,0.0
91,91,0,91,25,0.14,92.6,2.0,277,2026-10-07 16:55:00,PT5M,10.954,28.612,20.2475,1.6605,0.0
81,81,0,81,25,0.14,93.1,2.0,275,2026-10-07 17:00:00,PT5M,9.688,25.242,17.8742,1.5018,0.0
70,70,0,70,25,0.14,93.6,2.1,273,2026-10-07 17:05:00,PT5M,8.336,21.8385,15.4425,1.2295,0.0
60,60,0,60,25,0.14,94.1,2.1,272,2026-10-07 17:10:00,PT5M,7.072,18.53,13.1024,1.0416,0.0
51,51,0,51,25,0.14,94.6,2.1,270,2026-10-07 17:15:00,PT5M,5.92,15.2995,10.8565,0.9835,0.0
42,42,0,42,25,0.14,95.2,2.1,269,2026-10-07 17:20:00,PT5M,4.759,12.1375,8.6424,0.8756,0.0
33,33,0,33,25,0.14,95.7,2.2,267,2026-10-07 17:25:00,PT5M,3.616,9.128,6.517,0.715,0.0
25,25,0,25,25,0.14,96.2,2.2,266,2026-10-07 17:30:00,PT5M,2.638,6.53,4.6864,0.5896,0.0
18,18,0,18,25,0.14,96.4,2.2,265,2026-10-07 17:35:00,PT5M,1.708,4.019,2.9243,0.4917,0.0
11,11,0,11,25,0.14,96.4,2.2,266,2026-10-07 17:40:00,PT5M,0.832,1.963,1.4273,0.2367,0.0
6,6,0,6,25,0.14,96.3,2.2,267,2026-10-07 17:45:00,PT5M,0.063,0.4315,0.2569,0.0,0.0
1,1,0,1,25,0.14,96.3,2.2,268,2026-10-07 17:50:00,PT5M,0.0,0.0,0.0,0.0,0.0
0,0,0,0,25,0.14,96.3,2.2,269,2026-10-07 17:55:00,PT5M,0.0,0.0,0.0,0.0,0.0
0,0,0,0,25,0.14,96.2,2.2,270,2026-10-07 18:00:00,PT5M,0.0,0.0,0.0,0.0,0.0
0,0,0,0,25,0.14,96.2,2.1,270,2026-10-07 18:05:00,PT5M,0.0,0.0,0.0,0.0,0.0
0,0,0,0,25,0.14,96.1,2.1,271,2026-10-07 18:10:00,PT5M,0.0,0.0,0.0,0.0,0.0
0,0,0,0,25,0.14,96.1,2.1,272,2026-10-07 18:15:00,PT5M,0.0,0.0,0.0,0.0,0.0
0,0,0,0,25,0.14,96.0,2.1,273,2026-10-07 18:20:00,PT5M,0.0,0.0,0.0,0.0,0.0
0,0,0,0,25,0.14,96.0,2.1,274,2026-10-07 18:25:00,PT5M,0.0,0.0,0.0,0.0,0.0
0,0,0,0,25,0.14,95.9,2.1,275,2026-10-07 18:30:00,PT5M,0.0,0.0,0.0,0.0,0.0
0,0,0,0,25,0.14,95.9,2.1,275,2026-10-07 18:35:00,PT5M,0.0,0.0,0.0,0.0,0.0
0,0,0,0,25,0.14,95.9,2.1,276,2026-10-07 18:40:00,PT5M,0.0,0.0,0.0,0.0,0.0
0,0,0,0,25,0.14,95.9,2.0,276,2026-10-07 18:45:00,PT5M,0.0,0.0,0.0,0.0,0.0
0,0,0,0,25,0.14,95.9,2.0,276,2026-10-07 18:50:00,PT5M,0.0,0.0,0.0,0.0,0.0
0,0,0,0,25,0.14,95.9,2.0,276,2026-10-07 18:55:00,PT5M,0.0,0.0,0.0,0.0,0.0
0,0,0,0,25,0.14,95.9,2.0,276,2026-10-07 19:00:00,PT5M,0.0,0.0,0.0,0.0,0.0
0,0,0,0,25,0.14,95.9,1.9,276,2026-10-07 19:05:00,PT5M,0.0,0.0,0.0,0.0,0.0
0,0,0,0,25,0.14,95.9,1.9,276,2026-10-07 19:10:00,PT5M,0.0,0.0,0.0,0.0,0.0
0,0,0,0,25,0.14,95.9,1.9,276,2026-10-07 19:15:00,PT5M,0.0,0.0,0.0,0.0,0.0
0,0,0,0,25,0.14,95.9,1.9,276,2026-10-07 19:20:00,PT5M,0.0,0.0,0.0,0.0,0.0
0,0,0,0,25,0.14,95.9,1.8,276,2026-10-07 19:25:00,PT5M,0.0,0.0,0.0,0.0,0.0
0,0,0,0,25,0.14,95.9,1.8,276,2026-10-07 19:30:00,PT5M,0.0,0.0,0.0,0.0,0.0
0,0,0,0,25,0.14,95.9,1.8,277,2026-10-07 19:35:00,PT5M,0.0,0.0,0.0,0.0,0.0
0,0,0,0,25,0.14,96.0,1.8,277,2026-10-07 19:40:00,PT5M,0.0,0.0,0.0,0.0,0.0
0,0,0,0,25,0.14,96.0,1.7,277,2026-10-07 19:45:00,PT5M,0.0,0.0,0.0,0.0,0.0
0,0,0,0,25,0.14,96.1,1.7,278,2026-10-07 19:50:00,PT5M,0.0,0.0,0.0,0.0,0.0
0,0,0,0,25,0.14,96.1,1.7,278,2026-10-07 19:55:00,PT5M,0.0,0.0,0.0,0.0,0.0
0,0,0,0,25,0.14,96.2,1.6,279,2026-10-07 20:00:00,PT5M,0.0,0.0,0.0,0.0,0.0
0,0,0,0,25,0.14,96.2,1.6,279,2026-10-07 20:05:00,PT5M,0.0,0.0,0.0,0.0,0.0
0,0,0,0,25,0.14,96.2,1.6,280,2026-10-07 20:10:00,PT5M,0.0,0.0,0.0,0.0,0.0
0,0,0,0,25,0.14,96.3,1.5,280,2026-10-07 20:15:00,PT5M,0.0,0.0,0.0,0.0,0.0
0,0,0,0,25,0.14,96.3,1.5,281,2026-10-07 20:20:00,PT5M,0.0,0.0,0.0,0.0,0.0
0,0,0,0,25,0.14,96.4,1.5,281,2026-10-07 20:25:00,PT5M,0.0,0.0,0.0,0.0,0.0
0,0,0,0,25,0.14,96.4,1.4,282,2026-10-07 20:30:00,PT5M,0.0,0.0,0.0,0.0,0.0
0,0,0,0,25,0.14,96.5,1.4,283,2026-10-07 20:35:00,PT5M,0.0,0.0,0.0,0.0,0.0
0,0,0,0,25,0.14,96.5,1.5,283,2026-10-07 20:40:00,PT5M,0.0,0.0,0.0,0.0,0.0
0,0,0,0,25,0.14,96.5,1.5,284,2026-10-07 20:45:00,PT5M,0.0,0.0,0.0,0.0,0.0
0,0,0,0,25,0.14,96.5,1.5,285,2026-10-07 20:50:00,PT5M,0.0,0.0,0.0,0.0,0.0
0,0,0,0,25,0.14,96.5,1.5,286,2026-10-07 20:55:00,PT5M,0.0,0.0,0.0,0.0,0.0
0,0,0,0,25,0.14,96.5,1.5,287,2026-10-07 21:00:00,PT5M,0.0,0.0,0.0,0.0,0.0
0,0,0,0,24,0.14,96.5,1.5,288,2026-10-07 21:05:00,PT5M,0.0,0.0,0.0,0.0,0.0
0,0,0,0,24,0.14,96.5,1.5,288,2026-10-07 21:10:00,PT5M,0.0,0.0,0.0,0.0,0.0
0,0,0,0,24,0.14,96.5,1.6,289,2026-10-07 21:15:00,PT5M,0.0,0.0,0.0,0.0,0.0
0,0,0,0,24,0.14,96.5,1.6,290,2026-10-07 21:20:00,PT5M,0.0,0.0,0.0,0.0,0.0
0,0,0,0,24,0.14,96.5,1.6,291,2026-10-07 21:25:00,PT5M,0.0,0.0,0.0,0.0,0.0
0,0,0,0,24,0.14,96.5,1.6,291,2026-10-07 21:30:00,PT5M,0.0,0.0,0.0,0.0,0.0
0,0,0,0,24,0.14,96.4,1.6,292,2026-10-07 21:35:00,PT5M,0.0,0.0,0.0,0.0,0.0
0,0,0,0,24,0.14,96.3,1.6,292,2026-10-07 21:40:00,PT5M,0.0,0.0,0.0,0.0,0.0
0,0,0,0,24,0.14,96.2,1.6,293,2026-10-07 21:45:00,PT5M,0.0,0.0,0.0,0.0,0.0
0,0,0,0,24,0.14,96.1,1.6,293,2026-10-07 21:50:00,PT5M,0.0,0.0,0.0,0.0,0.0
0,0,0,0,24,0.14,96.0,1.6,294,2026-10-07 21:55:00,PT5M,0.0,0.0,0.0,0.0,0.0
0,0,0,0,24,0.14,95.9,1.6,294,2026-10-07 22:00:00,PT5M,0.0,0.0,0.0,0.0,0.0
0,0,0,0,24,0.14,95.8,1.6,294,2026-10-07 22:05:00,PT5M,0.0,0.0,0.0,0.0,0.0
0,0,0,0,24,0.14,95.7,1.6,295,2026-10-07 22:10:00,PT5M,0.0,0.0,0.0,0.0,0.0
0,0,0,0,24,0.14,95.6,1.6,295,2026-10-07 22:15:00,PT5M,0.0,0.0,0.0,0.0,0.0
0,0,0,0,24,0.14,95.5,1.6,296,2026-10-07 22:20:00,PT5M,0.0,0.0,0.0,0.0,0.0
0,0,0,0,24,0.14,95.4,1.6,296,2026-10-07 22:25:00,PT5M,0.0,0.0,0.0,0.0,0.0
0,0,0,0,24,0.14,95.4,1.6,296,2026-10-07 22:30:00,PT5M,0.0,0.0,0.0,0.0,0.0
0,0,0,0,24,0.14,95.2,1.6,297,2026-10-07 22:35:00,PT5M,0.0,0.0,0.0,0.0,0.0
0,0,0,0,24,0.14,95.1,1.6,297,2026-10-07 22:40:00,PT5M,0.0,0.0,0.0,0.0,0.0
0,0,0,0,24,0.14,94.9,1.6,298,2026-10-07 22:45:00,PT5M,0.0,0.0,0.0,0.0,0.0
0,0,0,0,24,0.14,94.8,1.6,298,2026-10-07 22:50:00,PT5M,0.0,0.0,0.0,0.0,0.0
0,0,0,0,24,0.14,94.7,1.6,299,2026-10-07 22:55:00,PT5M,0.0,0.0,0.0,0.0,0.0
0,0,0,0,24,0.14,94.5,1.6,299,2026-10-07 23:00:00,PT5M,0.0,0.0,0.0,0.0,0.0
0,0,0,0,24,0.14,94.4,1.6,300,2026-10-07 23:05:00,PT5M,0.0,0.0,0.0,0.0,0.0
0,0,0,0,24,0.14,94.2,1.6,301,2026-10-07 23:10:00,PT5M,0.0,0.0,0.0,0.0,0.0
0,0,0,0,24,0.14,94.1,1.6,301,2026-10-07 23:15:00,PT5M,0.0,0.0,0.0,0.0,0.0
0,0,0,0,24,0.14,93.9,1.6,302,2026-10-07 23:20:00,PT5M,0.0,0.0,0.0,0.0,0.0
0,0,0,0,24,0.14,93.8,1.7,302,2026-10-07 23:25:00,PT5M,0.0,0.0,0.0,0.0,0.0
0,0,0,0,24,0.14,93.7,1.7,302,2026-10-07 23:30:00,PT5M,0.0,0.0,0.0,0.0,0.0
0,0,0,0,24,0.14,93.5,1.6,303,2026-10-07 23:35:00,PT5M,0.0,0.0,0.0,0.0,0.0
0,0,0,0,24,0.14,93.4,1.6,304,2026-10-07 23:40:00,PT5M,0.0,0.0,0.0,0.0,0.0
0,0,0,0,24,0.14,93.4,1.6,305,2026-10-07 23:45:00,PT5M,0.0,0.0,0.0,0.0,0.0
0,0,0,0,24,0.14,93.3,1.5,306,2026-10-07 23:50:00,PT5M,0.0,0.0,0.0,0.0,0.0
0,0,0,0,24,0.14,93.2,1.5,307,2026-10-07 23:55:00,PT5M,0.0,0.0,0.0,0.0,0.0
0,0,0,0,24,0.14,93.1,1.4,309,2026-10-08 00:00:00,PT5M,0.0,0.0,0.0,0.0,0.0
0,0,0,0,24,0.14,93.0,1.4,310,2026-10-08 00:05:00,PT5M,0.0,0.0,0.0,0.0,0.0
0,0,0,0,24,0.14,92.9,1.4,311,2026-10-08 00:10:00,PT5M,0.0,0.0,0.0,0.0,0.0
0,0,0,0,24,0.14,92.8,1.3,313,2026-10-08 00:15:00,PT5M,0.0,0.0,0.0,0.0,0.0
0,0,0,0,24,0.14,92.7,1.3,314,2026-10-08 00:20:00,PT5M,0.0,0.0,0.0,0.0,0.0
0,0,0,0,24,0.14,92.6,1.3,316,2026-10-08 00:25:00,PT5M,0.0,0.0,0.0,0.0,0.0
0,0,0,0,24,0.14,92.5,1.2,317,2026-10-08 00:30:00,PT5M,0.0,0.0,0.0,0.0,0.0
0,0,0,0,24,0.14,92.5,1.2,320,2026-10-08 00:35:00,PT5M,0.0,0.0,0.0,0.0,0.0
0,0,0,0,24,0.14,92.5,1.2,323,2026-10-08 00:40:00,PT5M,0.0,0.0,0.0,0.0,0.0
0,0,0,0,24,0.14,92.6,1.2,326,2026-10-08 00:45:00,PT5M,0.0,0.0,0.0,0.0,0.0
0,0,0,0,24,0.14,92.6,1.2,330,2026-10-08 00:50:00,PT5M,0.0,0.0,0.0,0.0,0.0
0,0,0,0,24,0.14,92.7,1.2,333,2026-10-08 00:55:00,PT5M,0.0,0.0,0.0,0.0,0.0
0,0,0,0,24,0.14,92.7,1.2,336,2026-10-08 01:00:00,PT5M,0.0,0.0,0.0,0.0,0.0
0,0,0,0,24,0.14,92.8,1.2,339,2026-10-08 01:05:00,PT5M,0.0,0.0,0.0,0.0,0.0
0,0,0,0,24,0.14,92.8,1.2,343,2026-10-08 01:10:00,PT5M,0.0,0.0,0.0,0.0,0.0
0,0,0,0,24,0.14,92.9,1.2,346,2026-10-08 01:15:00,PT5M,0.0,0.0,0.0,0.0,0.0
0,0,0,0,24,0.14,92.9,1.2,349,2026-10-08 01:20:00,PT5M,0.0,0.0,0.0,0.0,0.0
0,0,0,0,24,0.14,93.0,1.3,351,2026-10-08 01:25:00,PT5M,0.0,0.0,0.0,0.0,0.0
0,0,0,0,24,0.14,93.0,1.3,354,2026-10-08 01:30:00,PT5M,0.0,0.0,0.0,0.0,0.0
0,0,0,0,24,0.14,93.1,1.3,357,2026-10-08 01:35:00,PT5M,0.0,0.0,0.0,0.0,0.0
0,0,0,0,24,0.14,93.4,1.4,360,2026-10-08 01:40:00,PT5M,0.0,0.0,0.0,0.0,0.0
0,0,0,0,24,0.14,93.6,1.5,2,2026-10-08 01:45:00,PT5M,0.0,0.0,0.0,0.0,0.0
0,0,0,0,24,0.14,93.8,1.6,4,2026-10-08 01:50:00,PT5M,0.0,0.0,0.0,0.0,0.0
0,0,0,0,24,0.14,94.1,1.7,5,2026-10-08 01:55:00,PT5M,0.0,0.0,0.0,0.0,0.0
0,0,0,0,24,0.14,94.3,1.8,7,2026-10-08 02:00:00,PT5M,0.0,0.0,0.0,0.0,0.0
0,0,0,0,24,0.14,94.5,1.9,8,2026-10-08 02:05:00,PT5M,0.0,0.0,0.0,0.0,0.0
0,0,0,0,24,0.14,94.8,2.0,10,2026-10-08 02:10:00,PT5M,0.0,0.0,0.0,0.0,0.0
0,0,0,0,24,0.14,95.0,2.1,11,2026-10-08 02:15:00,PT5M,0.0,0.0,0.0,0.0,0.0
0,0,0,0,24,0.14,95.3,2.2,12,2026-10-08 02:20:00,PT5M,0.0,0.0,0.0,0.0,0.0
0,0,0,0,24,0.14,95.5,2.3,13,2026-10-08 02:25:00,PT5M,0.0,0.0,0.0,0.0,0.0
0,0,0,0,23,0.14,95.7,2.4,14,2026-10-08 02:30:00,PT5M,0.0,0.0,0.0,0.0,0.0
0,0,0,0,23,0.14,95.9,2.4,13,2026-10-08 02:35:00,PT5M,0.0,0.0,0.0,0.0,0.0
0,0,0,0,23,0.14,95.9,2.4,11,2026-10-08 02:40:00,PT5M,0.0,0.0,0.0,0.0,0.0
0,0,0,0,23,0.14,96.0,2.3,9,2026-10-08 02:45:00,PT5M,0.0,0.0,0.0,0.0,0.0
0,0,0,0,23,0.14,96.0,2.3,6,2026-10-08 02:50:00,PT5M,0.0,0.0,0.0,0.0,0.0
0,0,0,0,23,0.14,96.1,2.2,4,2026-10-08 02:55:00,PT5M,0.0,0.0,0.0,0.0,0.0
0,0,0,0,23,0.14,96.1,2.2,1,2026-10-08 03:00:00,PT5M,0.0,0.0,0.0,0.0,0.0
0,0,0,0,23,0.14,96.2,2.1,359,2026-10-08 03:05:00,PT5M,0.0,0.0,0.0,0.0,0.0
0,0,0,0,23,0.14,96.2,2.1,356,2026-10-08 03:10:00,PT5M,0.0,0.0,0.0,0.0,0.0
0,0,0,0,23,0.14,96.3,2.1,353,2026-10-08 03:15:00,PT5M,0.0,0.0,0.0,0.0,0.0
0,0,0,0,23,0.14,96.3,2.0,350,2026-10-08 03:20:00,PT5M,0.0,0.0,0.0,0.0,0.0
0,0,0,0,23,0.14,96.4,2.0,347,2026-10-08 03:25:00,PT5M,0.0,0.0,0.0,0.0,0.0
0,0,0,0,23,0.14,96.4,2.0,344,2026-10-08 03:30:00,PT5M,0.0,0.0,0.0,0.0,0.0
0,0,0,0,23,0.14,96.4,2.0,343,2026-10-08 03:35:00,PT5M,0.0,0.0,0.0,0.0,0.0
0,0,0,0,23,0.14,96.4,1.9,344,2026-10-08 03:40:00,PT5M,0.0,0.0,0.0,0.0,0.0
0,0,0,0,23,0.14,96.4,1.9,345,2026-10-08 03:45:00,PT5M,0.0,0.0,0.0,0.0,0.0
0,0,0,0,23,0.14,96.4,1.8,346,2026-10-08 03:50:00,PT5M,0.0,0.0,0.0,0.0,0.0
0,0,0,0,23,0.14,96.4,1.8,348,2026-10-08 03:55:00,PT5M,0.0,0.0,0.0,0.0,0.0
0,0,0,0,23,0.14,96.4,1.7,349,2026-10-08 04:00:00,PT5M,0.0,0.0,0.0,0.0,0.0
0,0,0,0,24,0.14,96.4,1.7,350,2026-10-08 04:05:00,PT5M,0.0,0.0,0.0,0.0,0.0
0,0,0,0,24,0.14,96.4,1.6,352,2026-10-08 04:10:00,PT5M,0.0,0.0,0.0,0.0,0.0
0,0,0,0,24,0.14,96.4,1.6,354,2026-10-08 04:15:00,PT5M,0.0,0.0,0.0,0.0,0.0
0,0,0,0,24,0.14,96.4,1.5,355,2026-10-08 04:20:00,PT5M,0.0,0.0,0.0,0.0,0.0
0,0,0,0,24,0.14,96.4,1.5,357,2026-10-08 04:25:00,PT5M,0.0,0.0,0.0,0.0,0.0
0,0,0,0,24,0.14,96.4,1.4,359,2026-10-08 04:30:00,PT5M,0.0,0.0,0.0,0.0,0.0
0,0,0,0,24,0.14,96.5,1.4,0,2026-10-08 04:35:00,PT5M,0.0,0.0,0.0,0.0,0.0
0,0,0,0,24,0.14,96.5,1.4,1,2026-10-08 04:40:00,PT5M,0.0,0.0,0.0,0.0,0.0
0,0,0,0,24,0.14,96.6,1.4,2,2026-10-08 04:45:00,PT5M,0.0,0.0,0.0,0.0,0.0
0,0,0,0,24,0.14,96.6,1.5,2,2026-10-08 04:50:00,PT5M,0.0,0.0,0.0,0.0,0.0
0,0,0,0,24,0.14,96.7,1.5,3,2026-10-08 04:55:00,PT5M,0.0,0.0,0.0,0.0,0.0
0,0,0,0,24,0.14,96.7,1.5,4,2026-10-08 05:00:00,PT5M,0.0,0.0,0.0,0.0,0.0
0,0,0,0,24,0.14,96.8,1.5,4,2026-10-08 05:05:00,PT5M,0.0,0.0,0.0,0.0,0.0
0,0,0,0,24,0.14,96.8,1.5,5,2026-10-08 05:10:00,PT5M,0.0,0.0,0.0,0.0,0.0
0,0,0,0,24,0.14,96.9,1.5,5,2026-10-08 05:15:00,PT5M,0.0,0.0,0.0,0.0,0.0
0,0,0,0,24,0.14,96.9,1.6,6,2026-10-08 05:20:00,PT5M,0.0,0.0,0.0,0.0,0.0
0,0,0,0,24,0.14,97.0,1.6,6,2026-10-08 05:25:00,PT5M,0.0,0.0,0.0,0.0,0.0
0,0,0,0,24,0.14,97.0,1.6,7,2026-10-08 05:30:00,PT5M,0.0,0.0,0.0,0.0,0.0
0,0,0,0,24,0.14,97.0,1.6,7,2026-10-08 05:35:00,PT5M,0.0,0.0,0.0,0.0,0.0
0,0,0,0,24,0.14,97.0,1.7,8,2026-10-08 05:40:00,PT5M,0.0,0.0,0.0,0.0,0.0
0,0,0,0,24,0.14,97.0,1.7,8,2026-10-08 05:45:00,PT5M,0.0,0.0,0.0,0.0,0.0
0,0,0,0,24,0.14,97.0,1.8,8,2026-10-08 05:50:00,PT5M,0.0,0.0,0.0,0.0,0.0
0,0,0,0,24,0.14,97.0,1.8,9,2026-10-08 05:55:00,PT5M,0.0,0.0,0.0,0.0,0.0
5,5,0,5,24,0.14,97.0,1.9,9,2026-10-08 06:00:00,PT5M,0.0,0.0,0.0,0.0,0.0
13,13,0,13,24,0.14,97.0,1.9,9,2026-10-08 06:05:00,PT5M,1.154,1.7795,1.4832,0.8248,0.5285
23,24,23,22,24,0.14,97.0,2.0,9,2026-10-08 06:10:00,PT5M,2.547,3.802,3.2075,1.8865,1.292
36,35,67,29,24,0.14,97.0,2.1,10,2026-10-08 06:15:00,PT5M,4.559,6.9565,5.8208,3.2972,2.1615
49,48,109,37,24,0.14,97.0,2.1,10,2026-10-08 06:20:00,PT5M,7.071,10.885,9.0783,5.0637,3.257
64,62,143,44,24,0.14,97.0,2.2,10,2026-10-08 06:25:00,PT5M,9.951,15.3045,12.7686,7.1334,4.5975
79,77,179,51,24,0.14,97.0,2.2,10,2026-10-08 06:30:00,PT5M,13.392,20.488,17.1267,9.6573,6.296
96,93,215,57,24,0.14,96.8,2.2,11,2026-10-08 06:35:00,PT5M,17.185,26.104,21.8791,12.4909,8.266
114,110,248,63,24,0.14,96.3,2.2,11,2026-10-08 06:40:00,PT5M,21.027,31.7715,26.6819,15.3721,10.2825
132,127,280,69,25,0.14,95.8,2.2,12,2026-10-08 06:45:00,PT5M,25.019,37.5355,31.6065,18.4315,12.5025
150,146,310,75,25,0.14,95.4,2.2,12,2026-10-08 06:50:00,PT5M,29.132,43.424,36.654,21.61,14.84
169,164,339,79,25,0.14,94.9,2.2,13,2026-10-08 06:55:00,PT5M,33.422,49.567,41.9192,24.9248,17.277
188,182,361,85,25,0.14,94.4,2.2,13,2026-10-08 07:00:00,PT5M,37.661,55.761,47.1872,28.1348,19.561
206,200,377,90,25,0.14,94.0,2.2,14,2026-10-08 07:05:00,PT5M,41.788,61.916,52.3815,31.1945,21.66
224,218,392,96,25,0.14,93.5,2.1,14,2026-10-08 07:10:00,PT5M,45.955,68.145,57.6338,34.2762,23.765
242,236,405,102,25,0.14,93.0,2.1,15,2026-10-08 07:15:00,PT5M,50.128,74.4,62.9025,37.3535,25.856
261,254,417,107,25,0.14,92.6,2.1,15,2026-10-08 07:20:00,PT5M,54.269,80.6355,68.1459,40.3921,27.9025
279,272,428,113,25,0.14,92.1,2.1,16,2026-10-08 07:25:00,PT5M,58.379,86.8445,73.3606,43.3974,29.9135
297,290,438,118,26,0.14,91.7,2.1,16,2026-10-08 07:30:00,PT5M,62.465,93.0445,78.5592,46.3708,31.8855
314,307,445,124,26,0.14,91.0,2.1,18,2026-10-08 07:35:00,PT5M,66.366,99.141,83.6157,49.1163,33.591
331,323,449,130,26,0.14,90.2,2.1,20,2026-10-08 07:40:00,PT5M,69.821,100.0,88.1999,51.4421,34.9005
348,340,453,136,26,0.14,89.3,2.1,22,2026-10-08 07:45:00,PT5M,71.191,100.0,89.9049,52.4771,35.634
364,356,456,142,26,0.14,88.5,2.1,24,2026-10-08 07:50:00,PT5M,72.467,100.0,91.4954,53.4386,36.3125
380,372,458,148,26,0.14,87.7,2.1,26,2026-10-08 07:55:00,PT5M,73.646,100.0,92.9665,54.3255,36.9365
395,387,460,155,26,0.14,86.8,2.1,28,2026-10-08 08:00:00,PT5M,74.716,100.0,94.3023,55.1297,37.5015
411,403,461,161,27,0.14,86.0,2.1,30,2026-10-08 08:05:00,PT5M,75.668,100.0,95.4879,55.8481,38.0095
426,418,461,167,27,0.14,85.2,2.1,32,2026-10-08 08:10:00,PT5M,76.491,100.0,96.5409,56.4411,38.3955
440,432,461,174,27,0.14,84.4,2.1,34,2026-10-08 08:15:00,PT5M,77.181,100.0,97.3854,56.9766,38.792
454,446,461,180,27,0.14,83.7,2.1,36,2026-10-08 08:20:00,PT5M,77.736,100.0,98.043,57.429,39.152
468,460,459,187,27,0.14,82.9,2.1,38,2026-10-08 08:25:00,PT5M,78.183,100.0,98.5608,57.8052,39.4645
481,473,457,193,27,0.14,82.1,2.1,40,2026-10-08 08:30:00,PT5M,78.572,100.0,99.0043,58.1397,39.75
496,488,461,198,28,0.14,81.4,2.1,42,2026-10-08 08:35:00,PT5M,79.361,100.0,99.8001,58.9219,40.526
513,504,470,201,28,0.14,80.7,2.1,43,2026-10-08 08:40:00,PT5M,80.544,100.0,100.0,60.1451,41.7855
530,521,478,205,28,0.14,80.1,2.1,44,2026-10-08 08:45:00,PT5M,81.673,100.0,100.0,61.4123,43.177
546,537,487,207,28,0.14,79.4,2.0,45,2026-10-08 08:50:00,PT5M,82.757,100.0,100.0,62.7076,44.6625
562,553,495,210,28,0.14,78.7,2.0,46,2026-10-08 08:55:00,PT5M,83.798,100.0,100.0,63.9586,46.1025
578,568,503,213,28,0.14,78.1,2.0,47,2026-10-08 09:00:00,PT5M,84.799,100.0,100.0,65.168,47.4995
594,584,513,214,28,0.14,77.4,2.0,48,2026-10-08 09:05:00,PT5M,85.881,100.0,100.0,66.4629,48.986
610,600,522,216,28,0.14,76.8,1.9,49,2026-10-08 09:10:00,PT5M,86.926,100.0,100.0,67.7195,50.433
626,616,532,217,29,0.14,76.2,1.9,50,2026-10-08 09:15:00,PT5M,87.932,100.0,100.0,68.9352,51.8375
642,631,541,218,29,0.14,75.5,1.9,51,2026-10-08 09:20:00,PT5M,88.942,100.0,100.0,70.1531,53.2425
657,647,550,219,29,0.14,74.9,1.9,52,2026-10-08 09:25:00,PT5M,89.873,100.0,100.0,71.2896,54.564
672,661,559,220,29,0.14,74.3,1.9,53,2026-10-08 09:30:00,PT5M,90.77,100.0,100.0,72.39,55.8475
686,675,566,221,29,0.14,73.8,1.9,54,2026-10-08 09:35:00,PT5M,91.489,100.0,100.0,73.2914,56.913
699,688,570,224,29,0.14,73.4,1.8,55,2026-10-08 09:40:00,PT5M,92.038,100.0,100.0,73.9999,57.765
711,700,573,226,29,0.14,73.0,1.8,56,2026-10-08 09:45:00,PT5M,92.531,100.0,100.0,74.6458,58.5485
722,711,576,229,29,0.14,72.7,1.8,57,2026-10-08 09:50:00,PT5M,92.977,100.0,100.0,75.2386,59.2735
734,722,579,231,29,0.14,72.3,1.8,58,2026-10-08 09:55:00,PT5M,93.402,100.0,100.0,75.8044,59.966
744,733,581,233,30,0.14,71.9,1.8,59,2026-10-08 10:00:00,PT5M,93.804,100.0,100.0,76.3406,60.623
754,743,584,236,30,0.14,71.5,1.8,60,2026-10-08 10:05:00,PT5M,94.183,100.0,100.0,76.8485,61.247
764,752,586,238,30,0.14,71.2,1.8,61,2026-10-08 10:10:00,PT5M,94.54,100.0,100.0,77.3292,61.839
774,762,588,240,30,0.14,70.8,1.8,63,2026-10-08 10:15:00,PT5M,94.874,100.0,100.0,77.7819,62.3985
783,771,590,242,30,0.14,70.4,1.8,64,2026-10-08 10:20:00,PT5M,95.187,100.0,100.0,78.2086,62.9275
791,779,592,243,30,0.14,70.1,1.8,65,2026-10-08 10:25:00,PT5M,95.477,100.0,100.0,78.6078,63.425
800,787,594,245,30,0.14,69.7,1.7,66,2026-10-08 10:30:00,PT5M,95.751,100.0,100.0,78.9871,63.899
804,792,588,250,30,0.14,69.4,1.8,67,2026-10-08 10:35:00,PT5M,95.584,100.0,100.0,78.8572,63.8025
803,791,574,259,30,0.14,69.2,1.8,68,2026-10-08 10:40:00,PT5M,94.983,100.0,100.0,78.223,63.1385
803,791,560,268,31,0.14,69.0,1.8,70,2026-10-08 10:45:00,PT5M,94.369,100.0,100.0,77.5674,62.4455
801,790,547,276,31,0.14,68.8,1.8,71,2026-10-08 10:50:00,PT5M,93.74,100.0,100.0,76.8871,61.719
799,788,533,284,31,0.14,68.6,1.8,72,2026-10-08 10:55:00,PT5M,93.085,100.0,100.0,76.1584,60.924
797,786,519,292,31,0.14,68.4,1.8,73,2026-10-08 11:00:00,PT5M,92.487,100.0,100.0,75.4918,60.1955
794,783,506,300,31,0.14,68.3,1.8,75,2026-10-08 11:05:00,PT5M,91.839,100.0,100.0,74.7793,59.425
790,780,492,307,31,0.14,68.1,1.8,76,2026-10-08 11:10:00,PT5M,91.174,100.0,100.0,74.0406,58.62
787,776,479,315,31,0.14,67.9,1.9,77,2026-10-08 11:15:00,PT5M,90.485,100.0,100.0,73.2648,57.766
782,772,466,322,31,0.14,67.7,1.9,78,2026-10-08 11:20:00,PT5M,89.779,100.0,100.0,72.4653,56.8825
777,768,452,329,31,0.14,67.5,1.9,79,2026-10-08 11:25:00,PT5M,89.053,100.0,100.0,71.6396,55.967
772,762,439,335,31,0.14,67.3,1.9,80,2026-10-08 11:30:00,PT5M,88.309,100.0,100.0,70.7911,55.0245
766,757,426,341,31,0.14,67.1,1.9,82,2026-10-08 11:35:00,PT5M,87.543,100.0,100.0,69.9149,54.049
759,751,413,348,31,0.14,66.8,1.9,83,2026-10-08 11:40:00,PT5M,86.752,100.0,100.0,69.0078,53.0375
753,744,400,353,31,0.14,66.5,1.9,85,2026-10-08 11:45:00,PT5M,85.937,100.0,100.0,68.0718,51.9925
745,737,387,359,31,0.14,66.2,1.9,86,2026-10-08 11:50:00,PT5M,85.098,100.0,100.0,67.1067,50.914
738,730,374,364,32,0.14,65.9,1.9,88,2026-10-08 11:55:00,PT5M,84.254,100.0,100.0,66.1317,49.821
729,722,361,369,32,0.14,65.6,1.9,89,2026-10-08 12:00:00,PT5M,83.482,100.0,100.0,65.2241,48.7915
721,714,348,373,32,0.14,65.4,2.0,91,2026-10-08 12:05:00,PT5M,82.758,100.0,100.0,64.3604,47.802
712,705,336,378,32,0.14,65.1,2.0,92,2026-10-08 12:10:00,PT5M,81.911,100.0,100.0,63.3695,46.6815
703,696,323,381,32,0.14,64.8,2.0,94,2026-10-08 12:15:00,PT5M,81.036,100.0,99.7249,62.3471,45.5265
693,687,311,385,32,0.14,64.5,2.0,95,2026-10-08 12:20:00,PT5M,80.131,100.0,98.9707,61.2913,44.335
684,677,299,388,32,0.14,64.2,2.0,96,2026-10-08 12:25:00,PT5M,79.197,100.0,98.1904,60.2036,43.109
673,667,287,390,32,0.14,64.0,2.0,98,2026-10-08 12:30:00,PT5M,78.234,100.0,97.3832,59.0848,41.85
664,659,278,392,32,0.14,64.6,2.1,99,2026-10-08 12:35:00,PT5M,77.464,100.0,96.7563,58.1717,40.808
657,651,271,392,31,0.14,66.2,2.2,101,2026-10-08 12:40:00,PT5M,76.884,100.0,96.3079,57.4601,39.978
649,643,264,392,31,0.14,67.8,2.3,102,2026-10-08 12:45:00,PT5M,76.251,100.0,95.8159,56.6861,39.077
640,635,257,392,30,0.14,69.5,2.4,103,2026-10-08 12:50:00,PT5M,75.59,100.0,95.2963,55.8837,38.1475
632,627,250,391,30,0.14,71.2,2.5,104,2026-10-08 12:55:00,PT5M,74.93,100.0,94.7697,55.0903,37.234
623,618,243,390,30,0.14,73.0,2.6,105,2026-10-08 13:00:00,PT5M,74.238,100.0,94.2127,54.2633,36.2855
614,609,237,389,29,0.14,74.8,2.7,105,2026-10-08 13:05:00,PT5M,73.482,100.0,93.6017,53.3623,35.254
605,600,230,388,29,0.14,76.6,2.9,106,2026-10-08 13:10:00,PT5M,72.685,100.0,92.9531,52.4169,34.175
595,591,223,386,28,0.14,78.5,3.0,107,2026-10-08 13:15:00,PT5M,71.85,100.0,92.2683,51.4317,33.0545
585,581,217,384,28,0.14,80.5,3.1,108,2026-10-08 13:20:00,PT5M,70.98,100.0,91.5497,50.4103,31.897
575,571,210,382,27,0.14,82.5,3.2,108,2026-10-08 13:25:00,PT5M,70.08,100.0,90.8007,49.3593,30.71
565,561,203,379,27,0.14,84.6,3.3,109,2026-10-08 13:30:00,PT5M,69.11,100.0,89.9823,48.2377,29.452
551,547,192,378,27,0.14,85.9,3.3,109,2026-10-08 13:35:00,PT5M,67.65,100.0,88.7373,46.5627,27.5835
533,530,176,376,27,0.14,86.4,3.1,110,2026-10-08 13:40:00,PT5M,65.664,100.0,87.0258,44.3022,25.076
516,513,161,374,27,0.14,86.9,3.0,110,2026-10-08 13:45:00,PT5M,63.651,100.0,85.2817,42.0203,22.552
498,496,146,371,27,0.14,87.3,2.8,111,2026-10-08 13:50:00,PT5M,61.609,100.0,83.5034,39.7146,20.009
481,479,132,368,27,0.14,87.8,2.7,112,2026-10-08 13:55:00,PT5M,59.543,100.0,81.6955,37.3905,17.4525
464,462,119,363,27,0.14,88.3,2.5,112,2026-10-08 14:00:00,PT5M,57.446,100.0,79.8517,35.0403,14.8745
447,445,106,359,27,0.14,88.8,2.4,113,2026-10-08 14:05:00,PT5M,55.33,98.371,77.9828,32.6772,12.289
430,429,93,354,27,0.14,89.3,2.2,114,2026-10-08 14:10:00,PT5M,53.299,96.799,76.1934,30.4046,9.799
413,412,81,348,26,0.14,89.8,2.1,116,2026-10-08 14:15:00,PT5M,51.131,95.0765,74.2598,28.0022,7.1855
396,396,69,342,26,0.14,90.2,1.9,117,2026-10-08 14:20:00,PT5M,48.954,93.3505,72.3202,25.5878,4.5575
380,380,58,335,26,0.14,90.7,1.8,119,2026-10-08 14:25:00,PT5M,46.771,91.6035,70.3667,23.1753,1.9385
364,364,47,328,26,0.14,91.2,1.6,121,2026-10-08 14:30:00,PT5M,44.585,89.834,68.3999,20.7701,0.0
352,352,41,321,26,0.14,91.4,1.5,123,2026-10-08 14:35:00,PT5M,42.946,88.4725,66.9069,18.9851,0.0
343,343,39,315,26,0.14,91.3,1.4,127,2026-10-08 14:40:00,PT5M,41.835,87.5135,65.8759,17.7941,0.0
334,334,36,308,26,0.14,91.1,1.3,131,2026-10-08 14:45:00,PT5M,40.699,86.5295,64.8199,16.5781,0.0
325,325,34,301,26,0.14,91.0,1.3,135,2026-10-08 14:50:00,PT5M,39.564,85.545,63.7641,15.3639,0.0
316,316,32,294,26,0.14,90.9,1.2,140,2026-10-08 14:55:00,PT5M,38.433,84.563,62.7115,14.1545,0.0
307,307,30,287,26,0.14,90.7,1.1,145,2026-10-08 15:00:00,PT5M,37.658,83.9365,62.0147,13.3013,0.0
298,298,27,280,26,0.14,90.6,1.1,151,2026-10-08 15:05:00,PT5M,36.472,82.709,60.8069,12.1371,0.0
288,288,25,272,26,0.14,90.5,1.1,157,2026-10-08 15:10:00,PT5M,35.257,81.2905,59.4848,11.0292,0.0
279,279,23,265,26,0.14,90.3,1.1,163,2026-10-08 15:15:00,PT5M,33.997,79.8045,58.1058,9.8882,0.0
269,270,20,257,26,0.14,90.2,1.1,170,2026-10-08 15:20:00,PT5M,32.708,78.2615,56.6831,8.7329,0.0
260,260,18,250,26,0.14,90.0,1.1,176,2026-10-08 15:25:00,PT5M,31.39,76.6555,55.2136,7.5664,0.0
250,250,15,242,26,0.14,89.9,1.1,182,2026-10-08 15:30:00,PT5M,30.041,74.9765,53.6909,6.3911,0.0
241,241,13,234,26,0.14,89.9,1.0,188,2026-10-08 15:35:00,PT5M,28.874,73.388,52.302,5.446,0.0
232,233,13,226,26,0.14,89.9,0.9,196,2026-10-08 15:40:00,PT5M,27.863,71.8015,50.9881,4.7379,0.0
223,224,12,218,26,0.14,90.0,0.8,206,2026-10-08 15:45:00,PT5M,26.822,70.1735,49.6382,4.0058,0.0
215,215,11,209,26,0.14,90.0,0.7,220,2026-10-08 15:50:00,PT5M,25.749,68.4465,48.221,3.277,0.0
206,206,10,201,26,0.14,90.0,0.7,235,2026-10-08 15:55:00,PT5M,24.636,66.6245,46.7348,2.5372,0.0
196,197,9,193,26,0.14,90.1,0.7,251,2026-10-08 16:00:00,PT5M,23.484,64.7165,45.185,1.783,0.0
187,188,8,184,26,0.14,90.1,0.8,265,2026-10-08 16:05:00,PT5M,22.29,62.7275,43.5725,1.0075,0.0
178,178,6,175,26,0.14,90.2,0.9,276,2026-10-08 16:10:00,PT5M,21.165,60.366,41.7968,0.5332,0.0
168,169,5,167,26,0.14,90.2,1.0,285,2026-10-08 16:15:00,PT5M,20.193,56.931,39.5285,0.8575,0.0
159,159,3,158,26,0.14,90.3,1.1,291,2026-10-08 16:20:00,PT5M,19.073,53.429,37.1548,0.9912,0.0
149,150,1,149,26,0.14,90.3,1.3,296,2026-10-08 16:25:00,PT5M,17.88,49.876,34.7197,1.0403,0.0
139,140,0,140,26,0.14,90.3,1.4,300,2026-10-08 16:30:00,PT5M,16.752,46.4065,32.3594,1.1446,0.0
130,130,0,130,26,0.14,90.4,1.5,303,2026-10-08 16:35:00,PT5M,15.624,42.892,29.9753,1.2727,0.0
120,120,0,120,26,0.14,90.6,1.5,306,2026-10-08 16:40:00,PT5M,14.442,39.2885,27.5189,1.3651,0.0
110,110,0,110,26,0.14,90.7,1.5,309,2026-10-08 16:45:00,PT5M,13.235,35.684,25.0501,1.4199,0.0
100,100,0,100,26,0.14,90.8,1.5,312,2026-10-08 16:50:00,PT5M,12.02,32.119,22.5982,1.4418,0.0
90,90,0,90,26,0.14,91.0,1.5,315,2026-10-08 16:55:00,PT5M,10.749,28.5875,20.1375,1.3605,0.0
79,79,0,79,26,0.14,91.1,1.5,318,2026-10-08 17:00:00,PT5M,9.506,25.1875,17.7593,1.2527,0.0
69,69,0,69,26,0.14,91.2,1.5,321,2026-10-08 17:05:00,PT5M,8.163,21.7345,15.3058,1.0202,0.0
59,59,0,59,26,0.14,91.4,1.5,324,2026-10-08 17:10:00,PT5M,6.924,18.392,12.9597,0.8883,0.0
50,50,0,50,26,0.14,91.5,1.5,327,2026-10-08 17:15:00,PT5M,5.786,15.1475,10.713,0.859,0.0
41,41,0,41,26,0.14,91.6,1.5,330,2026-10-08 17:20:00,PT5M,4.626,11.9205,8.4651,0.7869,0.0
32,32,0,32,26,0.14,91.8,1.5,333,2026-10-08 17:25:00,PT5M,3.5,8.9075,6.346,0.654,0.0
25,25,0,25,26,0.14,91.9,1.5,335,2026-10-08 17:30:00,PT5M,2.537,6.323,4.5296,0.5444,0.0
17,17,0,17,26,0.14,92.1,1.5,335,2026-10-08 17:35:00,PT5M,1.62,3.7855,2.7597,0.4803,0.0
11,11,0,11,25,0.14,92.5,1.4,331,2026-10-08 17:40:00,PT5M,0.76,1.801,1.3079,0.2121,0.0
5,5,0,5,25,0.14,92.8,1.3,327,2026-10-08 17:45:00,PT5M,0.002,0.308,0.163,0.0,0.0
1,1,0,1,25,0.14,93.1,1.2,321,2026-10-08 17:50:00,PT5M,0.0,0.0,0.0,0.0,0.0
0,0,0,0,25,0.14,93.4,1.1,315,2026-10-08 17:55:00,PT5M,0.0,0.0,0.0,0.0,0.0
0,0,0,0,25,0.14,93.8,1.1,309,2026-10-08 18:00:00,PT5M,0.0,0.0,0.0,0.0,0.0
0,0,0,0,25,0.14,94.1,1.0,301,2026-10-08 18:05:00,PT5M,0.0,0.0,0.0,0.0,0.0
0,0,0,0,25,0.14,94.4,1.0,294,2026-10-08 18:10:00,PT5M,0.0,0.0,0.0,0.0,0.0
0,0,0,0,25,0.14,94.7,1.0,286,2026-10-08 18:15:00,PT5M,0.0,0.0,0.0,0.0,0.0
0,0,0,0,25,0.14,95.1,1.0,278,2026-10-08 18:20:00,PT5M,0.0,0.0,0.0,0.0,0.0
0,0,0,0,25,0.14,95.4,1.0,270,2026-10-08 18:25:00,PT5M,0.0,0.0,0.0,0.0,0.0
0,0,0,0,25,0.14,95.7,1.1,263,2026-10-08 18:30:00,PT5M,0.0,0.0,0.0,0.0,0.0
0,0,0,0,25,0.14,95.9,1.1,261,2026-10-08 18:35:00,PT5M,0.0,0.0,0.0,0.0,0.0
0,0,0,0,25,0.14,95.9,1.1,264,2026-10-08 18:40:00,PT5M,0.0,0.0,0.0,0.0,0.0
0,0,0,0,25,0.14,95.9,1.2,266,2026-10-08 18:45:00,PT5M,0.0,0.0,0.0,0.0,0.0
0,0,0,0,25,0.14,95.9,1.2,269,2026-10-08 18:50:00,PT5M,0.0,0.0,0.0,0.0,0.0
0,0,0,0,25,0.14,95.9,1.2,271,2026-10-08 18:55:00,PT5M,0.0,0.0,0.0,0.0,0.0
0,0,0,0,25,0.14,95.9,1.2,273,2026-10-08 19:00:00,PT5M,0.0,0.0,0.0,0.0,0.0
0,0,0,0,25,0.14,95.9,1.3,276,2026-10-08 19:05:00,PT5M,0.0,0.0,0.0,0.0,0.0
0,0,0,0,25,0.14,95.9,1.3,278,2026-10-08 19:10:00,PT5M,0.0,0.0,0.0,0.0,0.0
0,0,0,0,25,0.14,95.9,1.3,280,2026-10-08 19:15:00,PT5M,0.0,0.0,0.0,0.0,0.0
0,0,0,0,25,0.14,95.9,1.4,282,2026-10-08 19:20:00,PT5M,0.0,0.0,0.0,0.0,0.0
0,0,0,0,25,0.14,95.9,1.4,283,2026-10-08 19:25:00,PT5M,0.0,0.0,0.0,0.0,0.0
0,0,0,0,25,0.14,95.9,1.4,285,2026-10-08 19:30:00,PT5M,0.0,0.0,0.0,0.0,0.0
0,0,0,0,25,0.14,95.9,1.4,285,2026-10-08 19:35:00,PT5M,0.0,0.0,0.0,0.0,0.0
0,0,0,0,25,0.14,95.9,1.4,284,2026-10-08 19:40:00,PT5M,0.0,0.0,0.0,0.0,0.0
0,0,0,0,25,0.14,95.9,1.4,282,2026-10-08 19:45:00,PT5M,0.0,0.0,0.0,0.0,0.0
0,0,0,0,25,0.14,95.9,1.4,281,2026-10-08 19:50:00,PT5M,0.0,0.0,0.0,0.0,0.0
0,0,0,0,25,0.14,95.9,1.3,279,2026-10-08 19:55:00,PT5M,0.0,0.0,0.0,0.0,0.0
0,0,0,0,25,0.14,95.9,1.3,277,2026-10-08 20:00:00,PT5M,0.0,0.0,0.0,0.0,0.0
0,0,0,0,25,0.14,95.9,1.3,276,2026-10-08 20:05:00,PT5M,0.0,0.0,0.0,0.0,0.0
0,0,0,0,25,0.14,95.9,1.3,274,2026-10-08 20:10:00,PT5M,0.0,0.0,0.0,0.0,0.0
0,0,0,0,25,0.14,95.9,1.3,272,2026-10-08 20:15:00,PT5M,0.0,0.0,0.0,0.0,0.0
0,0,0,0,25,0.14,95.9,1.2,270,2026-10-08 20:20:00,PT5M,0.0,0.0,0.0,0.0,0.0
0,0,0,0,24,0.14,95.9,1.2,268,2026-10-08 20:25:00,PT5M,0.0,0.0,0.0,0.0,0.0
0,0,0,0,24,0.14,95.9,1.2,266,2026-10-08 20:30:00,PT5M,0.0,0.0,0.0,0.0,0.0
0,0,0,0,24,0.14,95.9,1.2,265,2026-10-08 20:35:00,PT5M,0.0,0.0,0.0,0.0,0.0
0,0,0,0,24,0.14,96.0,1.3,265,2026-10-08 20:40:00,PT5M,0.0,0.0,0.0,0.0,0.0
0,0,0,0,24,0.14,96.1,1.4,265,2026-10-08 20:45:00,PT5M,0.0,0.0,0.0,0.0,0.0
0,0,0,0,24,0.14,96.2,1.5,265,2026-10-08 20:50:00,PT5M,0.0,0.0,0.0,0.0,0.0
0,0,0,0,24,0.14,96.3,1.6,265,2026-10-08 20:55:00,PT5M,0.0,0.0,0.0,0.0,0.0
0,0,0,0,24,0.14,96.4,1.7,265,2026-10-08 21:00:00,PT5M,0.0,0.0,0.0,0.0,0.0
0,0,0,0,24,0.14,96.5,1.7,265,2026-10-08 21:05:00,PT5M,0.0,0.0,0.0,0.0,0.0
0,0,0,0,24,0.14,96.6,1.8,265,2026-10-08 21:10:00,PT5M,0.0,0.0,0.0,0.0,0.0
0,0,0,0,24,0.14,96.7,1.9,265,2026-10-08 21:15:00,PT5M,0.0,0.0,0.0,0.0,0.0
0,0,0,0,24,0.14,96.8,2.0,265,2026-10-08 21:20:00,PT5M,0.0,0.0,0.0,0.0,0.0
0,0,0,0,24,0.14,96.9,2.1,265,2026-10-08 21:25:00,PT5M,0.0,0.0,0.0,0.0,0.0
0,0,0,0,24,0.14,97.0,2.2,265,2026-10-08 21:30:00,PT5M,0.0,0.0,0.0,0.0,0.0
0,0,0,0,24,0.14,97.0,2.2,266,2026-10-08 21:35:00,PT5M,0.0,0.0,0.0,0.0,0.0
0,0,0,0,24,0.14,97.0,2.1,267,2026-10-08 21:40:00,PT5M,0.0,0.0,0.0,0.0,0.0
0,0,0,0,24,0.14,97.0,2.1,269,2026-10-08 21:45:00,PT5M,0.0,0.0,0.0,0.0,0.0
0,0,0,0,24,0.14,97.0,2.0,270,2026-10-08 21:50:00,PT5M,0.0,0.0,0.0,0.0,0.0
0,0,0,0,24,0.14,97.0,2.0,272,2026-10-08 21:55:00,PT5M,0.0,0.0,0.0,0.0,0.0
0,0,0,0,24,0.14,97.0,1.9,274,2026-10-08 22:00:00,PT5M,0.0,0.0,0.0,0.0,0.0
0,0,0,0,24,0.14,97.0,1.9,275,2026-10-08 22:05:00,PT5M,0.0,0.0,0.0,0.0,0.0
0,0,0,0,24,0.14,97.0,1.8,277,2026-10-08 22:10:00,PT5M,0.0,0.0,0.0,0.0,0.0
0,0,0,0,24,0.14,97.0,1.8,279,2026-10-08 22:15:00,PT5M,0.0,0.0,0.0,0.0,0.0
0,0,0,0,24,0.14,97.0,1.8,282,2026-10-08 22:20:00,PT5M,0.0,0.0,0.0,0.0,0.0
0,0,0,0,24,0.14,97.0,1.7,284,2026-10-08 22:25:00,PT5M,0.0,0.0,0.0,0.0,0.0
0,0,0,0,24,0.14,97.0,1.7,286,2026-10-08 22:30:00,PT5M,0.0,0.0,0.0,0.0,0.0
0,0,0,0,24,0.14,97.1,1.7,287,2026-10-08 22:35:00,PT5M,0.0,0.0,0.0,0.0,0.0
0,0,0,0,24,0.14,97.1,1.6,286,2026-10-08 22:40:00,PT5M,0.0,0.0,0.0,0.0,0.0
0,0,0,0,24,0.14,97.2,1.6,285,2026-10-08 22:45:00,PT5M,0.0,0.0,0.0,0.0,0.0
0,0,0,0,24,0.14,97.2,1.6,284,2026-10-08 22:50:00,PT5M,0.0,0.0,0.0,0.0,0.0
0,0,0,0,24,0.14,97.2,1.5,283,2026-10-08 22:55:00,PT5M,0.0,0.0,0.0,0.0,0.0
0,0,0,0,24,0.14,97.3,1.5,282,2026-10-08 23:00:00,PT5M,0.0,0.0,0.0,0.0,0.0
0,0,0,0,24,0.14,97.3,1.5,281,2026-10-08 23:05:00,PT5M,0.0,0.0,0.0,0.0,0.0
0,0,0,0,24,0.14,97.4,1.4,280,2026-10-08 23:10:00,PT5M,0.0,0.0,0.0,0.0,0.0
0,0,0,0,24,0.14,97.4,1.4,279,2026-10-08 23:15:00,PT5M,0.0,0.0,0.0,0.0,0.0
0,0,0,0,24,0.14,97.5,1.4,278,2026-10-08 23:20:00,PT5M,0.0,0.0,0.0,0.0,0.0
0,0,0,0,24,0.14,97.5,1.3,276,2026-10-08 23:25:00,PT5M,0.0,0.0,0.0,0.0,0.0
0,0,0,0,24,0.14,97.6,1.3,275,2026-10-08 23:30:00,PT5M,0.0,0.0,0.0,0.0,0.0
0,0,0,0,24,0.14,97.6,1.3,275,2026-10-08 23:35:00,PT5M,0.0,0.0,0.0,0.0,0.0
0,0,0,0,24,0.14,97.7,1.3,276,2026-10-08 23:40:00,PT5M,0.0,0.0,0.0,0.0,0.0
0,0,0,0,24,0.14,97.7,1.3,276,2026-10-08 23:45:00,PT5M,0.0,0.0,0.0,0.0,0.0
0,0,0,0,24,0.14,97.8,1.3,277,2026-10-08 23:50:00,PT5M,0.0,0.0,0.0,0.0,0.0
0,0,0,0,24,0.14,97.8,1.3,278,2026-10-08 23:55:00,PT5M,0.0,0.0,0.0,0.0,0.0
0,0,0,0,24,0.14,97.9,1.3,279,2026-10-09 00:00:00,PT5M,0.0,0.0,0.0,0.0,0.0
0,0,0,0,24,0.14,97.9,1.3,279,2026-10-09 00:05:00,PT5M,0.0,0.0,0.0,0.0,0.0
0,0,0,0,24,0.14,98.0,1.3,280,2026-10-09 00:10:00,PT5M,0.0,0.0,0.0,0.0,0.0
0,0,0,0,24,0.14,98.0,1.3,281,2026-10-09 00:15:00,PT5M,0.0,0.0,0.0,0.0,0.0
0,0,0,0,23,0.14,98.1,1.2,282,2026-10-09 00:20:00,PT5M,0.0,0.0,0.0,0.0,0.0
0,0,0,0,23,0.14,98.1,1.2,283,2026-10-09 00:25:00,PT5M,0.0,0.0,0.0,0.0,0.0
0,0,0,0,23,0.14,98.2,1.2,284,2026-10-09 00:30:00,PT5M,0.0,0.0,0.0,0.0,0.0
0,0,0,0,23,0.14,98.2,1.2,284,2026-10-09 00:35:00,PT5M,0.0,0.0,0.0,0.0,0.0
0,0,0,0,23,0.14,98.2,1.2,285,2026-10-09 00:40:00,PT5M,0.0,0.0,0.0,0.0,0.0
0,0,0,0,23,0.14,98.2,1.2,286,2026-10-09 00:45:00,PT5M,0.0,0.0,0.0,0.0,0.0
0,0,0,0,23,0.14,98.2,1.2,287,2026-10-09 00:50:00,PT5M,0.0,0.0,0.0,0.0,0.0
0,0,0,0,23,0.14,98.2,1.2,288,2026-10-09 00:55:00,PT5M,0.0,0.0,0.0,0.0,0.0
0,0,0,0,23,0.14,98.2,1.2,289,2026-10-09 01:00:00,PT5M,0.0,0.0,0.0,0.0,0.0
0,0,0,0,23,0.14,98.2,1.2,290,2026-10-09 01:05:00,PT5M,0.0,0.0,0.0,0.0,0.0
0,0,0,0,23,0.14,98.2,1.2,290,2026-10-09 01:10:00,PT5M,0.0,0.0,0.0,0.0,0.0
0,0,0,0,23,0.14,98.2,1.2,291,2026-10-09 01:15:00,PT5M,0.0,0.0,0.0,0.0,0.0
0,0,0,0,23,0.14,98.2,1.2,292,2026-10-09 01:20:00,PT5M,0.0,0.0,0.0,0.0,0.0
0,0,0,0,23,0.14,98.2,1.2,293,2026-10-09 01:25:00,PT5M,0.0,0.0,0.0,0.0,0.0
0,0,0,0,23,0.14,98.2,1.2,294,2026-10-09 01:30:00,PT5M,0.0,0.0,0.0,0.0,0.0
0,0,0,0,23,0.14,98.2,1.2,295,2026-10-09 01:35:00,PT5M,0.0,0.0,0.0,0.0,0.0
0,0,0,0,23,0.14,98.2,1.2,295,2026-10-09 01:40:00,PT5M,0.0,0.0,0.0,0.0,0.0
0,0,0,0,23,0.14,98.2,1.2,296,2026-10-09 01:45:00,PT5M,0.0,0.0,0.0,0.0,0.0
0,0,0,0,23,0.14,98.2,1.2,296,2026-10-09 01:50:00,PT5M,0.0,0.0,0.0,0.0,0.0
0,0,0,0,23,0.14,98.2,1.2,297,2026-10-09 01:55:00,PT5M,0.0,0.0,0.0,0.0,0.0
0,0,0,0,23,0.14,98.2,1.2,297,2026-10-09 02:00:00,PT5M,0.0,0.0,0.0,0.0,0.0
0,0,0,0,23,0.14,98.2,1.2,298,2026-10-09 02:05:00,PT5M,0.0,0.0,0.0,0.0,0.0
0,0,0,0,23,0.14,98.2,1.2,298,2026-10-09 02:10:00,PT5M,0.0,0.0,0.0,0.0,0.0
0,0,0,0,23,0.14,98.2,1.2,299,2026-10-09 02:15:00,PT5M,0.0,0.0,0.0,0.0,0.0
0,0,0,0,23,0.14,98.2,1.2,300,2026-10-09 02:20:00,PT5M,0.0,0.0,0.0,0.0,0.0
0,0,0,0,23,0.14,98.2,1.2,300,2026-10-09 02:25:00,PT5M,0.0,0.0,0.0,0.0,0.0
0,0,0,0,23,0.14,98.2,1.2,301,2026-10-09 02:30:00,PT5M,0.0,0.0,0.0,0.0,0.0
0,0,0,0,23,0.14,98.2,1.2,301,2026-10-09 02:35:00,PT5M,0.0,0.0,0.0,0.0,0.0
0,0,0,0,23,0.14,98.2,1.1,301,2026-10-09 02:40:00,PT5M,0.0,0.0,0.0,0.0,0.0
0,0,0,0,23,0.14,98.2,1.1,301,2026-10-09 02:45:00,PT5M,0.0,0.0,0.0,0.0,0.0
0,0,0,0,23,0.14,98.2,1.1,300,2026-10-09 02:50:00,PT5M,0.0,0.0,0.0,0.0,0.0
0,0,0,0,23,0.14,98.2,1.1,300,2026-10-09 02:55:00,PT5M,0.0,0.0,0.0,0.0,0.0
0,0,0,0,23,0.14,98.2,1.1,300,2026-10-09 03:00:00,PT5M,0.0,0.0,0.0,0.0,0.0
0,0,0,0,23,0.14,98.2,1.1,300,2026-10-09 03:05:00,PT5M,0.0,0.0,0.0,0.0,0.0
0,0,0,0,23,0.14,98.2,1.1,300,2026-10-09 03:10:00,PT5M,0.0,0.0,0.0,0.0,0.0
0,0,0,0,23,0.14,98.2,1.1,300,2026-10-09 03:15:00,PT5M,0.0,0.0,0.0,0.0,0.0
0,0,0,0,23,0.14,98.2,1.1,299,2026-10-09 03:20:00,PT5M,0.0,0.0,0.0,0.0,0.0
0,0,0,0,23,0.14,98.2,1.0,299,2026-10-09 03:25:00,PT5M,0.0,0.0,0.0,0.0,0.0
0,0,0,0,23,0.14,98.2,1.0,299,2026-10-09 03:30:00,PT5M,0.0,0.0,0.0,0.0,0.0
0,0,0,0,23,0.14,98.2,1.0,299,2026-10-09 03:35:00,PT5M,0.0,0.0,0.0,0.0,0.0
0,0,0,0,23,0.14,98.2,1.0,298,2026-10-09 03:40:00,PT5M,0.0,0.0,0.0,0.0,0.0
0,0,0,0,23,0.14,98.2,1.0,298,2026-10-09 03:45:00,PT5M,0.0,0.0,0.0,0.0,0.0
0,0,0,0,23,0.14,98.2,1.0,297,2026-10-09 03:50:00,PT5M,0.0,0.0,0.0,0.0,0.0
0,0,0,0,23,0.14,98.2,1.0,296,2026-10-09 03:55:00,PT5M,0.0,0.0,0.0,0.0,0.0
0,0,0,0,23,0.14,98.2,0.9,296,2026-10-09 04:00:00,PT5M,0.0,0.0,0.0,0.0,0.0
0,0,0,0,23,0.14,98.2,0.9,295,2026-10-09 04:05:00,PT5M,0.0,0.0,0.0,0.0,0.0
0,0,0,0,23,0.14,98.2,0.9,294,2026-10-09 04:10:00,PT5M,0.0,0.0,0.0,0.0,0.0
0,0,0,0,23,0.14,98.2,0.9,293,2026-10-09 04:15:00,PT5M,0.0,0.0,0.0,0.0,0.0
0,0,0,0,23,0.14,98.2,0.9,293,2026-10-09 04:20:00,PT5M,0.0,0.0,0.0,0.0,0.0
0,0,0,0,23,0.14,98.2,0.9,292,2026-10-09 04:25:00,PT5M,0.0,0.0,0.0,0.0,0.0
0,0,0,0,23,0.14,98.2,0.9,291,2026-10-09 04:30:00,PT5M,0.0,0.0,0.0,0.0,0.0
0,0,0,0,23,0.14,98.2,0.9,290,2026-10-09 04:35:00,PT5M,0.0,0.0,0.0,0.0,0.0
0,0,0,0,23,0.14,98.2,0.9,290,2026-10-09 04:40:00,PT5M,0.0,0.0,0.0,0.0,0.0
0,0,0,0,23,0.14,98.2,0.8,289,2026-10-09 04:45:00,PT5M,0.0,0.0,0.0,0.0,0.0
0,0,0,0,23,0.14,98.2,0.8,289,2026-10-09 04:50:00,PT5M,0.0,0.0,0.0,0.0,0.0
0,0,0,0,23,0.14,98.2,0.8,288,2026-10-09 04:55:00,PT5M,0.0,0.0,0.0,0.0,0.0
0,0,0,0,23,0.14,98.2,0.8,288,2026-10-09 05:00:00,PT5M,0.0,0.0,0.0,0.0,0.0
0,0,0,0,23,0.14,98.2,0.8,287,2026-10-09 05:05:00,PT5M,0.0,0.0,0.0,0.0,0.0
0,0,0,0,23,0.14,98.2,0.8,287,2026-10-09 05:10:00,PT5M,0.0,0.0,0.0,0.0,0.0
0,0,0,0,23,0.14,98.2,0.8,286,2026-10-09 05:15:00,PT5M,0.0,0.0,0.0,0.0,0.0
0,0,0,0,23,0.14,98.2,0.8,285,2026-10-09 05:20:00,PT5M,0.0,0.0,0.0,0.0,0.0
0,0,0,0,23,0.14,98.2,0.8,285,2026-10-09 05:25:00,PT5M,0.0,0.0,0.0,0.0,0.0
0,0,0,0,23,0.14,98.2,0.8,284,2026-10-09 05:30:00,PT5M,0.0,0.0,0.0,0.0,0.0
0,0,0,0,23,0.14,97.9,0.8,284,2026-10-09 05:35:00,PT5M,0.0,0.0,0.0,0.0,0.0
0,0,0,0,23,0.14,97.4,0.8,283,2026-10-09 05:40:00,PT5M,0.0,0.0,0.0,0.0,0.0
0,0,0,0,23,0.14,96.8,0.8,281,2026-10-09 05:45:00,PT5M,0.0,0.0,0.0,0.0,0.0
0,0,0,0,23,0.14,96.3,0.8,280,2026-10-09 05:50:00,PT5M,0.0,0.0,0.0,0.0,0.0
0,0,0,0,24,0.14,95.8,0.8,279,2026-10-09 05:55:00,PT5M,0.0,0.0,0.0,0.0,0.0
5,5,0,5,24,0.14,95.3,0.8,278,2026-10-09 06:00:00,PT5M,0.0,0.0,0.0,0.0,0.0
13,13,0,13,24,0.14,94.7,0.8,277,2026-10-09 06:05:00,PT5M,1.052,1.6975,1.3917,0.7123,0.4065
22,22,1,22,24,0.14,94.2,0.7,276,2026-10-09 06:10:00,PT5M,2.333,3.7355,3.0711,1.5949,0.9305
33,33,32,30,24,0.14,93.7,0.7,275,2026-10-09 06:15:00,PT5M,3.987,6.6245,5.3751,2.5989,1.3495
46,45,66,38,24,0.14,93.2,0.7,273,2026-10-09 06:20:00,PT5M,6.094,10.2335,8.2726,3.9154,1.9545
59,58,95,46,24,0.14,92.7,0.7,272,2026-10-09 06:25:00,PT5M,8.581,14.361,11.6231,5.5389,2.801
74,72,126,54,24,0.14,92.2,0.7,271,2026-10-09 06:30:00,PT5M,11.643,19.2295,15.6358,7.6502,4.0565
90,87,161,61,25,0.14,91.7,0.7,270,2026-10-09 06:35:00,PT5M,15.012,24.4885,19.9995,10.0245,5.5355
107,104,196,67,25,0.14,91.2,0.7,269,2026-10-09 06:40:00,PT5M,18.712,30.06,24.6845,12.7395,7.364
125,121,232,73,25,0.14,90.7,0.7,268,2026-10-09 06:45:00,PT5M,22.701,35.855,29.624,15.778,9.547
144,140,267,78,25,0.14,90.2,0.7,268,2026-10-09 06:50:00,PT5M,26.962,41.912,34.8303,19.0937,12.012
164,159,303,83,25,0.14,89.7,0.7,267,2026-10-09 06:55:00,PT5M,31.433,48.245,40.2813,22.5847,14.621
183,178,332,88,25,0.14,89.2,0.7,266,2026-10-09 07:00:00,PT5M,35.967,54.7295,45.8418,26.0922,17.2045
202,197,358,92,25,0.14,88.7,0.6,265,2026-10-09 07:05:00,PT5M,40.507,61.2785,51.4392,29.5748,19.7355
222,216,382,97,25,0.14,88.2,0.6,264,2026-10-09 07:10:00,PT5M,45.195,67.996,57.1953,33.1947,22.394
242,235,406,100,26,0.14,87.8,0.6,264,2026-10-09 07:15:00,PT5M,49.997,74.8335,63.0686,36.9254,25.1605
262,255,429,104,26,0.14,87.3,0.6,263,2026-10-09 07:20:00,PT5M,54.873,81.744,69.0154,40.7306,28.002
283,275,451,107,26,0.14,86.8,0.6,262,2026-10-09 07:25:00,PT5M,59.828,88.725,75.0367,44.6193,30.931
303,295,474,110,26,0.14,86.4,0.6,261,2026-10-09 07:30:00,PT5M,64.866,95.792,81.1426,48.5894,33.94
323,314,488,113,26,0.14,85.8,0.6,260,2026-10-09 07:35:00,PT5M,69.476,100.0,86.8689,52.0831,36.429
341,332,495,118,26,0.14,85.3,0.6,259,2026-10-09 07:40:00,PT5M,73.272,100.0,91.7409,54.8031,38.1805
358,349,502,123,26,0.14,84.8,0.6,258,2026-10-09 07:45:00,PT5M,74.863,100.0,93.6153,56.1107,39.233
376,367,508,128,26,0.14,84.2,0.6,257,2026-10-09 07:50:00,PT5M,76.368,100.0,95.384,57.352,40.237
393,384,514,133,27,0.14,83.7,0.6,256,2026-10-09 07:55:00,PT5M,77.781,100.0,97.0733,58.4887,41.125
410,401,519,138,27,0.14,83.2,0.6,255,2026-10-09 08:00:00,PT5M,79.09,100.0,98.5965,59.5835,42.027
427,417,523,143,27,0.14,82.6,0.6,254,2026-10-09 08:05:00,PT5M,80.28,100.0,99.9692,60.5908,42.87
443,434,527,148,27,0.14,82.1,0.6,253,2026-10-09 08:10:00,PT5M,81.34,100.0,100.0,61.5059,43.6545
460,450,530,153,27,0.14,81.6,0.6,252,2026-10-09 08:15:00,PT5M,82.262,100.0,100.0,62.3236,44.3785
476,466,533,158,27,0.14,81.1,0.6,251,2026-10-09 08:20:00,PT5M,83.034,100.0,100.0,63.0451,45.0545
491,481,535,163,27,0.14,80.6,0.5,250,2026-10-09 08:25:00,PT5M,83.688,100.0,100.0,63.6799,45.672
506,496,536,168,27,0.14,80.1,0.5,249,2026-10-09 08:30:00,PT5M,84.28,100.0,100.0,64.2687,46.258
523,512,541,172,28,0.14,79.6,0.5,247,2026-10-09 08:35:00,PT5M,85.181,100.0,100.0,65.195,47.207
540,529,550,175,28,0.14,79.1,0.5,246,2026-10-09 08:40:00,PT5M,86.261,100.0,100.0,66.3253,48.3825
557,546,559,177,28,0.14,78.6,0.5,244,2026-10-09 08:45:00,PT5M,87.291,100.0,100.0,67.5097,49.706
574,563,568,179,28,0.14,78.1,0.5,243,2026-10-09 08:50:00,PT5M,88.279,100.0,100.0,68.7077,51.093
591,579,576,181,28,0.14,77.6,0.5,241,2026-10-09 08:55:00,PT5M,89.228,100.0,100.0,69.8644,52.4365
607,596,584,183,28,0.14,77.1,0.5,239,2026-10-09 09:00:00,PT5M,90.14,100.0,100.0,70.9816,53.7385
624,612,594,184,28,0.14,76.6,0.5,237,2026-10-09 09:05:00,PT5M,91.135,100.0,100.0,72.1856,55.1305
641,629,604,184,28,0.14,76.1,0.5,235,2026-10-09 09:10:00,PT5M,92.1,100.0,100.0,73.3571,56.488
657,645,614,185,28,0.14,75.6,0.4,233,2026-10-09 09:15:00,PT5M,93.029,100.0,100.0,74.4901,57.8045
674,661,624,185,29,0.14,75.2,0.4,231,2026-10-09 09:20:00,PT5M,93.924,100.0,100.0,75.5861,59.0815
690,677,634,185,29,0.14,74.7,0.4,229,2026-10-09 09:25:00,PT5M,94.788,100.0,100.0,76.648,60.3215
705,693,643,185,29,0.14,74.2,0.4,226,2026-10-09 09:30:00,PT5M,95.62,100.0,100.0,77.6748,61.5235
720,706,649,186,29,0.14,73.8,0.4,223,2026-10-09 09:35:00,PT5M,96.23,100.0,100.0,78.4858,62.5155
732,719,652,188,29,0.14,73.4,0.4,220,2026-10-09 09:40:00,PT5M,96.623,100.0,100.0,79.087,63.304
744,730,654,191,29,0.14,73.0,0.4,217,2026-10-09 09:45:00,PT5M,96.965,100.0,100.0,79.6316,64.031
755,741,655,194,29,0.14,72.6,0.4,213,2026-10-09 09:50:00,PT5M,97.26,100.0,100.0,80.124,64.701
765,752,656,196,29,0.14,72.2,0.4,209,2026-10-09 09:55:00,PT5M,97.536,100.0,100.0,80.5923,65.3425
776,762,657,199,29,0.14,71.9,0.4,205,2026-10-09 10:00:00,PT5M,97.793,100.0,100.0,81.0359,65.954
785,772,657,201,29,0.14,71.5,0.4,201,2026-10-09 10:05:00,PT5M,98.03,100.0,100.0,81.4553,66.5375
795,781,658,204,30,0.14,71.1,0.4,197,2026-10-09 10:10:00,PT5M,98.247,100.0,100.0,81.8504,67.093
803,790,658,206,30,0.14,70.7,0.4,193,2026-10-09 10:15:00,PT5M,98.445,100.0,100.0,82.2221,67.621
812,798,658,209,30,0.14,70.4,0.4,189,2026-10-09 10:20:00,PT5M,98.622,100.0,100.0,82.5686,68.12
820,806,658,211,30,0.14,70.0,0.4,186,2026-10-09 10:25:00,PT5M,98.78,100.0,100.0,82.8921,68.5925
827,813,658,213,30,0.14,69.6,0.4,182,2026-10-09 10:30:00,PT5M,98.923,100.0,100.0,83.1972,69.0435
833,819,654,217,30,0.14,69.2,0.4,179,2026-10-09 10:35:00,PT5M,98.857,100.0,100.0,83.1994,69.107
836,822,646,223,30,0.14,68.8,0.4,177,2026-10-09 10:40:00,PT5M,98.582,100.0,100.0,82.8952,68.7765
838,825,638,229,30,0.14,68.4,0.4,174,2026-10-09 10:45:00,PT5M,98.291,100.0,100.0,82.5655,68.412
840,827,630,235,30,0.14,67.9,0.4,172,2026-10-09 10:50:00,PT5M,97.981,100.0,100.0,82.2063,68.0085
842,828,622,241,30,0.14,67.5,0.4,170,2026-10-09 10:55:00,PT5M,97.646,100.0,100.0,81.7973,67.533
843,830,614,247,31,0.14,67.1,0.5,168,2026-10-09 11:00:00,PT5M,97.305,100.0,100.0,81.3887,67.0635
843,830,606,252,31,0.14,66.7,0.5,167,2026-10-09 11:05:00,PT5M,96.956,100.0,100.0,80.9763,66.594
843,830,597,258,31,0.14,66.3,0.5,165,2026-10-09 11:10:00,PT5M,96.589,100.0,100.0,80.5351,66.086
843,830,589,263,31,0.14,65.9,0.5,163,2026-10-09 11:15:00,PT5M,96.202,100.0,100.0,80.0594,65.5305
842,829,580,268,31,0.14,65.5,0.5,162,2026-10-09 11:20:00,PT5M,95.797,100.0,100.0,79.5588,64.944
840,828,572,274,31,0.14,65.1,0.5,160,2026-10-09 11:25:00,PT5M,95.373,100.0,100.0,79.0322,64.325
838,826,563,279,31,0.14,64.7,0.5,159,2026-10-09 11:30:00,PT5M,94.931,100.0,100.0,78.4823,63.678
833,821,550,286,31,0.14,64.8,0.5,159,2026-10-09 11:35:00,PT5M,94.274,100.0,100.0,77.7148,62.811
825,814,532,295,31,0.14,65.5,0.6,160,2026-10-09 11:40:00,PT5M,93.452,100.0,100.0,76.7796,61.774
817,806,515,303,31,0.14,66.2,0.6,162,2026-10-09 11:45:00,PT5M,92.558,100.0,100.0,75.7662,60.653
809,797,498,311,31,0.14,66.9,0.6,163,2026-10-09 11:50:00,PT5M,91.641,100.0,100.0,74.7242,59.4985
799,789,481,319,31,0.14,67.6,0.6,164,2026-10-09 11:55:00,PT5M,90.728,100.0,100.0,73.6801,58.3365
790,779,464,326,30,0.14,68.3,0.6,165,2026-10-09 12:00:00,PT5M,89.883,100.0,100.0,72.6988,57.2325
780,770,447,333,30,0.14,69.0,0.6,167,2026-10-09 12:05:00,PT5M,89.012,100.0,100.0,71.6865,56.093
769,760,431,340,30,0.14,69.8,0.6,168,2026-10-09 12:10:00,PT5M,88.113,100.0,100.0,70.6412,54.916
759,749,415,346,30,0.14,70.5,0.7,169,2026-10-09 12:15:00,PT5M,87.185,100.0,100.0,69.5624,53.7015
748,739,399,352,30,0.14,71.3,0.7,170,2026-10-09 12:20:00,PT5M,86.227,100.0,100.0,68.4494,52.449
736,728,383,357,30,0.14,72.0,0.7,171,2026-10-09 12:25:00,PT5M,85.239,100.0,100.0,67.303,51.16
724,716,368,362,30,0.14,72.8,0.7,171,2026-10-09 12:30:00,PT5M,84.219,100.0,100.0,66.1214,49.833
713,705,354,365,29,0.14,73.6,0.7,172,2026-10-09 12:35:00,PT5M,83.212,100.0,100.0,64.9491,48.512
702,694,341,368,29,0.14,74.3,0.7,173,2026-10-09 12:40:00,PT5M,82.229,100.0,100.0,63.7967,47.207
690,683,328,371,29,0.14,75.1,0.7,174,2026-10-09 12:45:00,PT5M,81.195,100.0,99.8068,62.5832,45.832
678,672,315,373,29,0.14,75.9,0.8,175,2026-10-09 12:50:00,PT5M,80.135,100.0,98.9255,61.3445,44.4325
666,660,303,375,29,0.14,76.6,0.8,175,2026-10-09 12:55:00,PT5M,79.076,100.0,98.0352,60.1168,43.053
654,648,291,376,29,0.14,77.4,0.8,176,2026-10-09 13:00:00,PT5M,77.981,100.0,97.112,58.85,41.6315
642,636,279,377,29,0.14,78.2,0.8,177,2026-10-09 13:05:00,PT5M,76.825,100.0,96.1378,57.5122,40.13
629,623,267,377,28,0.14,79.0,0.8,177,2026-10-09 13:10:00,PT5M,75.628,100.0,95.1256,56.1304,38.582
616,611,255,377,28,0.14,79.8,0.8,178,2026-10-09 13:15:00,PT5M,74.392,100.0,94.0756,54.7084,36.9925
603,598,244,377,28,0.14,80.7,0.9,179,2026-10-09 13:20:00,PT5M,73.122,100.0,92.9919,53.2521,35.3685
590,585,233,376,28,0.14,81.5,0.9,179,2026-10-09 13:25:00,PT5M,71.823,100.0,91.8787,51.7673,33.7165
577,572,222,375,28,0.14,82.3,0.9,180,2026-10-09 13:30:00,PT5M,70.49,100.0,90.7312,50.2488,32.031
561,557,208,374,28,0.14,83.2,0.9,180,2026-10-09 13:35:00,PT5M,68.796,100.0,89.2759,48.3161,29.8835
543,539,191,373,28,0.14,84.0,0.9,180,2026-10-09 13:40:00,PT5M,66.815,100.0,87.5836,46.0464,27.354
525,522,175,371,27,0.14,84.8,0.9,180,2026-10-09 13:45:00,PT5M,64.802,100.0,85.854,43.75,24.8025
507,505,159,369,27,0.14,85.6,1.0,180,2026-10-09 13:50:00,PT5M,62.759,100.0,84.0894,41.4286,22.2305
490,487,144,366,27,0.14,86.5,1.0,180,2026-10-09 13:55:00,PT5M,60.687,100.0,82.2906,39.0834,19.6395
472,470,130,362,27,0.14,87.3,1.0,180,2026-10-09 14:00:00,PT5M,58.581,100.0,80.4533,36.7087,17.023
455,453,116,358,27,0.14,88.2,1.0,180,2026-10-09 14:05:00,PT5M,56.451,98.508,78.5859,34.3161,14.394
438,436,102,354,27,0.14,89.1,1.0,180,2026-10-09 14:10:00,PT5M,54.4,96.9465,76.7925,32.0075,11.8535
420,419,89,348,27,0.14,90.0,1.0,180,2026-10-09 14:15:00,PT5M,52.212,95.2345,74.855,29.569,9.1895
404,403,77,342,26,0.14,90.8,1.1,180,2026-10-09 14:20:00,PT5M,50.011,93.5005,72.8998,27.1222,6.5215
387,386,65,336,26,0.14,91.7,1.1,180,2026-10-09 14:25:00,PT5M,47.8,91.7625,70.9378,24.6622,3.8375
370,370,54,329,26,0.14,92.7,1.1,180,2026-10-09 14:30:00,PT5M,45.583,90.002,68.961,22.205,1.164
357,357,46,323,26,0.14,93.2,1.1,181,2026-10-09 14:35:00,PT5M,43.828,88.558,67.3697,20.2863,0.0
347,347,42,317,26,0.14,93.3,1.0,184,2026-10-09 14:40:00,PT5M,42.516,87.425,66.1519,18.8801,0.0
337,337,37,311,26,0.14,93.3,1.0,187,2026-10-09 14:45:00,PT5M,41.171,86.2595,64.9014,17.4406,0.0
327,327,33,304,26,0.14,93.4,0.9,191,2026-10-09 14:50:00,PT5M,39.83,85.096,63.6538,16.0062,0.0
317,317,29,298,26,0.14,93.5,0.9,194,2026-10-09 14:55:00,PT5M,38.869,84.311,62.7854,14.9526,0.0
307,307,24,291,26,0.14,93.6,0.9,198,2026-10-09 15:00:00,PT5M,37.481,82.7505,61.3067,13.6553,0.0
297,297,20,284,26,0.14,93.7,0.8,203,2026-10-09 15:05:00,PT5M,36.059,81.0805,59.7541,12.3639,0.0
286,287,16,277,26,0.14,93.8,0.8,207,2026-10-09 15:10:00,PT5M,34.597,79.2805,58.1142,11.0798,0.0
276,277,11,270,26,0.14,93.9,0.8,212,2026-10-09 15:15:00,PT5M,33.085,77.458,56.4388,9.7312,0.0
266,266,7,262,26,0.14,94.0,0.8,217,2026-10-09 15:20:00,PT5M,31.536,75.5595,54.7059,8.3661,0.0
255,256,2,254,26,0.14,94.1,0.8,222,2026-10-09 15:25:00,PT5M,29.95,73.5785,52.912,6.988,0.0
245,245,0,245,25,0.14,94.2,0.8,228,2026-10-09 15:30:00,PT5M,28.483,71.6625,51.2087,5.7573,0.0
235,236,0,236,25,0.14,94.3,0.8,233,2026-10-09 15:35:00,PT5M,27.332,69.9975,49.7872,4.8768,0.0
226,227,0,227,25,0.14,94.4,0.8,238,2026-10-09 15:40:00,PT5M,26.277,68.378,48.4351,4.1189,0.0
217,217,0,217,25,0.14,94.6,0.8,243,2026-10-09 15:45:00,PT5M,25.21,66.667,47.0291,3.3909,0.0
207,208,0,208,25,0.14,94.7,0.8,248,2026-10-09 15:50:00,PT5M,24.129,64.8695,45.571,2.687,0.0
198,199,0,199,25,0.14,94.8,0.8,253,2026-10-09 15:55:00,PT5M,23.029,62.9915,44.0615,1.9965,0.0
189,189,0,189,25,0.14,95.0,0.8,258,2026-10-09 16:00:00,PT5M,21.912,61.0435,42.5072,1.3168,0.0
179,179,0,179,25,0.14,95.1,0.9,262,2026-10-09 16:05:00,PT5M,20.778,59.03,40.9103,0.6457,0.0
169,170,0,170,25,0.14,95.3,0.9,266,2026-10-09 16:10:00,PT5M,19.787,56.599,39.1614,0.4126,0.0
160,160,0,160,25,0.14,95.4,1.0,270,2026-10-09 16:15:00,PT5M,18.914,53.296,37.0095,0.8185,0.0
150,150,0,150,25,0.14,95.5,1.0,273,2026-10-09 16:20:00,PT5M,17.911,49.9305,34.7631,1.0589,0.0
140,141,0,141,25,0.14,95.7,1.0,276,2026-10-09 16:25:00,PT5M,16.845,46.5245,32.4655,1.2245,0.0
130,131,0,131,25,0.14,95.8,1.1,279,2026-10-09 16:30:00,PT5M,15.738,43.1015,30.1396,1.3364,0.0
121,121,0,121,25,0.14,95.9,1.1,282,2026-10-09 16:35:00,PT5M,14.599,39.6705,27.7943,1.4037,0.0
111,111,0,111,25,0.14,96.0,1.2,284,2026-10-09 16:40:00,PT5M,13.428,36.2425,25.4354,1.4206,0.0
101,102,0,102,25,0.14,96.0,1.3,287,2026-10-09 16:45:00,PT5M,12.244,32.83,23.0786,1.4094,0.0
92,92,0,92,25,0.14,96.1,1.3,289,2026-10-09 16:50:00,PT5M,11.063,29.433,20.7313,1.3947,0.0
82,82,0,82,25,0.14,96.1,1.4,291,2026-10-09 16:55:00,PT5M,9.835,26.121,18.4064,1.2636,0.0
72,72,0,72,25,0.14,96.2,1.4,293,2026-10-09 17:00:00,PT5M,8.647,22.9475,16.1735,1.1205,0.0
63,63,0,63,25,0.14,96.2,1.5,295,2026-10-09 17:05:00,PT5M,7.369,19.7205,13.8697,0.8683,0.0
53,54,0,54,24,0.14,96.2,1.6,296,2026-10-09 17:10:00,PT5M,6.217,16.6355,11.7003,0.7337,0.0
45,45,0,45,24,0.14,96.3,1.6,298,2026-10-09 17:15:00,PT5M,5.159,13.653,9.6295,0.6885,0.0
36,37,0,37,24,0.14,96.3,1.7,299,2026-10-09 17:20:00,PT5M,4.082,10.7115,7.5712,0.5928,0.0
29,29,0,29,24,0.14,96.4,1.8,300,2026-10-09 17:25:00,PT5M,3.061,7.975,5.6473,0.4747,0.0
22,22,0,22,24,0.14,96.4,1.9,301,2026-10-09 17:30:00,PT5M,2.191,5.6365,4.0044,0.3776,0.0
14,14,0,14,24,0.14,96.5,1.9,302,2026-10-09 17:35:00,PT5M,1.23,2.976,2.1489,0.3111,0.0
9,9,0,9,24,0.14,96.5,1.8,303,2026-10-09 17:40:00,PT5M,0.51,1.364,0.9595,0.0605,0.0
4,4,0,4,24,0.14,96.5,1.8,303,2026-10-09 17:45:00,PT5M,0.0,0.2005,0.1055,0.0,0.0
0,0,0,0,24,0.14,96.5,1.8,304,2026-10-09 17:50:00,PT5M,0.0,0.0,0.0,0.0,0.0
0,0,0,0,24,0.14,96.5,1.8,305,2026-10-09 17:55:00,PT5M,0.0,0.0,0.0,0.0,0.0
0,0,0,0,24,0.14,96.5,1.7,305,2026-10-09 18:00:00,PT5M,0.0,0.0,0.0,0.0,0.0
0,0,0,0,24,0.14,96.5,1.7,306,2026-10-09 18:05:00,PT5M,0.0,0.0,0.0,0.0,0.0
0,0,0,0,24,0.14,96.5,1.7,307,2026-10-09 18:10:00,PT5M,0.0,0.0,0.0,0.0,0.0
0,0,0,0,24,0.14,96.5,1.7,307,2026-10-09 18:15:00,PT5M,0.0,0.0,0.0,0.0,0.0
0,0,0,0,24,0.14,96.5,1.6,308,2026-10-09 18:20:00,PT5M,0.0,0.0,0.0,0.0,0.0
0,0,0,0,24,0.14,96.5,1.6,309,2026-10-09 18:25:00,PT5M,0.0,0.0,0.0,0.0,0.0
0,0,0,0,24,0.14,96.5,1.6,309,2026-10-09 18:30:00,PT5M,0.0,0.0,0.0,0.0,0.0
0,0,0,0,24,0.14,96.5,1.5,310,2026-10-09 18:35:00,PT5M,0.0,0.0,0.0,0.0,0.0
0,0,0,0,24,0.14,96.5,1.5,311,2026-10-09 18:40:00,PT5M,0.0,0.0,0.0,0.0,0.0
0,0,0,0,24,0.14,96.5,1.5,312,2026-10-09 18:45:00,PT5M,0.0,0.0,0.0,0.0,0.0
0,0,0,0,24,0.14,96.5,1.5,313,2026-10-09 18:50:00,PT5M,0.0,0.0,0.0,0.0,0.0
0,0,0,0,24,0.14,96.5,1.4,315,2026-10-09 18:55:00,PT5M,0.0,0.0,0.0,0.0,0.0
0,0,0,0,24,0.14,96.5,1.4,316,2026-10-09 19:00:00,PT5M,0.0,0.0,0.0,0.0,0.0
0,0,0,0,24,0.14,96.5,1.4,317,2026-10-09 19:05:00,PT5M,0.0,0.0,0.0,0.0,0.0
0,0,0,0,24,0.14,96.5,1.3,318,2026-10-09 19:10:00,PT5M,0.0,0.0,0.0,0.0,0.0
0,0,0,0,24,0.14,96.5,1.3,320,2026-10-09 19:15:00,PT5M,0.0,0.0,0.0,0.0,0.0
0,0,0,0,24,0.14,96.5,1.3,321,2026-10-09 19:20:00,PT5M,0.0,0.0,0.0,0.0,0.0
0,0,0,0,24,0.14,96.5,1.3,323,2026-10-09 19:25:00,PT5M,0.0,0.0,0.0,0.0,0.0
0,0,0,0,24,0.14,96.5,1.2,324,2026-10-09 19:30:00,PT5M,0.0,0.0,0.0,0.0,0.0
0,0,0,0,24,0.14,96.5,1.2,326,2026-10-09 19:35:00,PT5M,0.0,0.0,0.0,0.0,0.0
0,0,0,0,24,0.14,96.5,1.2,327,2026-10-09 19:40:00,PT5M,0.0,0.0,0.0,0.0,0.0
0,0,0,0,24,0.14,96.6,1.2,329,2026-10-09 19:45:00,PT5M,0.0,0.0,0.0,0.0,0.0
0,0,0,0,24,0.14,96.6,1.2,330,2026-10-09 19:50:00,PT5M,0.0,0.0,0.0,0.0,0.0
0,0,0,0,24,0.14,96.7,1.2,332,2026-10-09 19:55:00,PT5M,0.0,0.0,0.0,0.0,0.0
0,0,0,0,24,0.14,96.7,1.2,334,2026-10-09 20:00:00,PT5M,0.0,0.0,0.0,0.0,0.0
0,0,0,0,24,0.14,96.8,1.2,335,2026-10-09 20:05:00,PT5M,0.0,0.0,0.0,0.0,0.0
0,0,0,0,24,0.14,96.8,1.2,337,2026-10-09 20:10:00,PT5M,0.0,0.0,0.0,0.0,0.0
0,0,0,0,24,0.14,96.9,1.1,339,2026-10-09 20:15:00,PT5M,0.0,0.0,0.0,0.0,0.0
0,0,0,0,24,0.14,96.9,1.1,340,2026-10-09 20:20:00,PT5M,0.0,0.0,0.0,0.0,0.0
0,0,0,0,24,0.14,97.0,1.1,342,2026-10-09 20:25:00,PT5M,0.0,0.0,0.0,0.0,0.0
0,0,0,0,24,0.14,97.0,1.1,344,2026-10-09 20:30:00,PT5M,0.0,0.0,0.0,0.0,0.0
0,0,0,0,24,0.14,97.0,1.1,345,2026-10-09 20:35:00,PT5M,0.0,0.0,0.0,0.0,0.0
0,0,0,0,24,0.14,96.9,1.1,345,2026-10-09 20:40:00,PT5M,0.0,0.0,0.0,0.0,0.0
0,0,0,0,24,0.14,96.8,1.1,344,2026-10-09 20:45:00,PT5M,0.0,0.0,0.0,0.0,0.0
0,0,0,0,24,0.14,96.7,1.1,344,2026-10-09 20:50:00,PT5M,0.0,0.0,0.0,0.0,0.0
0,0,0,0,24,0.14,96.6,1.1,344,2026-10-09 20:55:00,PT5M,0.0,0.0,0.0,0.0,0.0
0,0,0,0,24,0.14,96.5,1.1,344,2026-10-09 21:00:00,PT5M,0.0,0.0,0.0,0.0,0.0
0,0,0,0,24,0.14,96.4,1.1,344,2026-10-09 21:05:00,PT5M,0.0,0.0,0.0,0.0,0.0
0,0,0,0,24,0.14,96.3,1.1,344,2026-10-09 21:10:00,PT5M,0.0,0.0,0.0,0.0,0.0
0,0,0,0,24,0.14,96.2,1.1,344,2026-10-09 21:15:00,PT5M,0.0,0.0,0.0,0.0,0.0
0,0,0,0,24,0.14,96.1,1.1,344,2026-10-09 21:20:00,PT5M,0.0,0.0,0.0,0.0,0.0
0,0,0,0,24,0.14,96.0,1.1,343,2026-10-09 21:25:00,PT5M,0.0,0.0,0.0,0.0,0.0
0,0,0,0,24,0.14,95.9,1.0,343,2026-10-09 21:30:00,PT5M,0.0,0.0,0.0,0.0,0.0
0,0,0,0,24,0.14,95.9,1.0,343,2026-10-09 21:35:00,PT5M,0.0,0.0,0.0,0.0,0.0
0,0,0,0,24,0.14,95.9,1.0,343,2026-10-09 21:40:00,PT5M,0.0,0.0,0.0,0.0,0.0
0,0,0,0,24,0.14,96.0,1.0,343,2026-10-09 21:45:00,PT5M,0.0,0.0,0.0,0.0,0.0
0,0,0,0,24,0.14,96.0,1.0,343,2026-10-09 21:50:00,PT5M,0.0,0.0,0.0,0.0,0.0
0,0,0,0,24,0.14,96.1,1.0,343,2026-10-09 21:55:00,PT5M,0.0,0.0,0.0,0.0,0.0
0,0,0,0,24,0.14,96.1,1.0,343,2026-10-09 22:00:00,PT5M,0.0,0.0,0.0,0.0,0.0
0,0,0,0,24,0.14,96.2,1.0,342,2026-10-09 22:05:00,PT5M,0.0,0.0,0.0,0.0,0.0
0,0,0,0,24,0.14,96.2,1.0,342,2026-10-09 22:10:00,PT5M,0.0,0.0,0.0,0.0,0.0
0,0,0,0,24,0.14,96.3,1.0,342,2026-10-09 22:15:00,PT5M,0.0,0.0,0.0,0.0,0.0
0,0,0,0,24,0.14,96.3,1.0,342,2026-10-09 22:20:00,PT5M,0.0,0.0,0.0,0.0,0.0
0,0,0,0,24,0.14,96.4,1.0,342,2026-10-09 22:25:00,PT5M,0.0,0.0,0.0,0.0,0.0
0,0,0,0,24,0.14,96.4,1.0,342,2026-10-09 22:30:00,PT5M,0.0,0.0,0.0,0.0,0.0
0,0,0,0,24,0.14,96.4,0.9,341,2026-10-09 22:35:00,PT5M,0.0,0.0,0.0,0.0,0.0
0,0,0,0,24,0.14,96.4,0.9,341,2026-10-09 22:40:00,PT5M,0.0,0.0,0.0,0.0,0.0
0,0,0,0,24,0.14,96.4,0.9,341,2026-10-09 22:45:00,PT5M,0.0,0.0,0.0,0.0,0.0
0,0,0,0,24,0.14,96.4,0.9,341,2026-10-09 22:50:00,PT5M,0.0,0.0,0.0,0.0,0.0
0,0,0,0,24,0.14,96.4,0.9,341,2026-10-09 22:55:00,PT5M,0.0,0.0,0.0,0.0,0.0
0,0,0,0,24,0.14,96.4,0.9,341,2026-10-09 23:00:00,PT5M,0.0,0.0,0.0,0.0,0.0
0,0,0,0,24,0.14,96.4,0.9,340,2026-10-09 23:05:00,PT5M,0.0,0.0,0.0,0.0,0.0
0,0,0,0,24,0.14,96.4,0.9,340,2026-10-09 23:10:00,PT5M,0.0,0.0,0.0,0.0,0.0
0,0,0,0,24,0.14,96.4,0.9,340,2026-10-09 23:15:00,PT5M,0.0,0.0,0.0,0.0,0.0
0,0,0,0,24,0.14,96.4,0.9,340,2026-10-09 23:20:00,PT5M,0.0,0.0,0.0,0.0,0.0
0,0,0,0,24,0.14,96.4,0.9,340,2026-10-09 23:25:00,PT5M,0.0,0.0,0.0,0.0,0.0
0,0,0,0,24,0.14,96.4,0.9,340,2026-10-09 23:30:00,PT5M,0.0,0.0,0.0,0.0,0.0
0,0,0,0,24,0.14,96.5,0.8,339,2026-10-09 23:35:00,PT5M,0.0,0.0,0.0,0.0,0.0
0,0,0,0,24,0.14,96.5,0.8,337,2026-10-09 23:40:00,PT5M,0.0,0.0,0.0,0.0,0.0
0,0,0,0,24,0.14,96.6,0.8,336,2026-10-09 23:45:00,PT5M,0.0,0.0,0.0,0.0,0.0
0,0,0,0,24,0.14,96.6,0.8,334,2026-10-09 23:50:00,PT5M,0.0,0.0,0.0,0.0,0.0
0,0,0,0,24,0.14,96.7,0.8,333,2026-10-09 23:55:00,PT5M,0.0,0.0,0.0,0.0,0.0
0,0,0,0,24,0.14,96.7,0.8,331,2026-10-10 00:00:00,PT5M,0.0,0.0,0.0,0.0,0.0
0,0,0,0,23,0.14,96.8,0.8,329,2026-10-10 00:05:00,PT5M,0.0,0.0,0.0,0.0,0.0
0,0,0,0,23,0.14,96.8,0.8,328,2026-10-10 00:10:00,PT5M,0.0,0.0,0.0,0.0,0.0
0,0,0,0,23,0.14,96.9,0.8,326,2026-10-10 00:15:00,PT5M,0.0,0.0,0.0,0.0,0.0
0,0,0,0,23,0.14,96.9,0.8,324,2026-10-10 00:20:00,PT5M,0.0,0.0,0.0,0.0,0.0
0,0,0,0,23,0.14,96.9,0.8,323,2026-10-10 00:25:00,PT5M,0.0,0.0,0.0,0.0,0.0
0,0,0,0,23,0.14,97.0,0.8,321,2026-10-10 00:30:00,PT5M,0.0,0.0,0.0,0.0,0.0
0,0,0,0,23,0.14,97.0,0.8,319,2026-10-10 00:35:00,PT5M,0.0,0.0,0.0,0.0,0.0
0,0,0,0,23,0.14,97.1,0.8,318,2026-10-10 00:40:00,PT5M,0.0,0.0,0.0,0.0,0.0
0,0,0,0,23,0.14,97.1,0.8,316,2026-10-10 00:45:00,PT5M,0.0,0.0,0.0,0.0,0.0
0,0,0,0,23,0.14,97.2,0.8,314,2026-10-10 00:50:00,PT5M,0.0,0.0,0.0,0.0,0.0
0,0,0,0,23,0.14,97.2,0.8,312,2026-10-10 00:55:00,PT5M,0.0,0.0,0.0,0.0,0.0
0,0,0,0,23,0.14,97.3,0.8,311,2026-10-10 01:00:00,PT5M,0.0,0.0,0.0,0.0,0.0
0,0,0,0,23,0.14,97.3,0.8,309,2026-10-10 01:05:00,PT5M,0.0,0.0,0.0,0.0,0.0
0,0,0,0,23,0.14,97.4,0.8,307,2026-10-10 01:10:00,PT5M,0.0,0.0,0.0,0.0,0.0
0,0,0,0,23,0.14,97.4,0.8,306,2026-10-10 01:15:00,PT5M,0.0,0.0,0.0,0.0,0.0
0,0,0,0,23,0.14,97.5,0.8,304,2026-10-10 01:20:00,PT5M,0.0,0.0,0.0,0.0,0.0
0,0,0,0,23,0.14,97.5,0.8,302,2026-10-10 01:25:00,PT5M,0.0,0.0,0.0,0.0,0.0
0,0,0,0,23,0.14,97.6,0.8,301,2026-10-10 01:30:00,PT5M,0.0,0.0,0.0,0.0,0.0
0,0,0,0,23,0.14,97.7,0.8,299,2026-10-10 01:35:00,PT5M,0.0,0.0,0.0,0.0,0.0
0,0,0,0,23,0.14,97.8,0.8,297,2026-10-10 01:40:00,PT5M,0.0,0.0,0.0,0.0,0.0
0,0,0,0,23,0.14,97.9,0.8,295,2026-10-10 01:45:00,PT5M,0.0,0.0,0.0,0.0,0.0
0,0,0,0,23,0.14,98.0,0.9,293,2026-10-10 01:50:00,PT5M,0.0,0.0,0.0,0.0,0.0
0,0,0,0,23,0.14,98.1,0.9,292,2026-10-10 01:55:00,PT5M,0.0,0.0,0.0,0.0,0.0
0,0,0,0,23,0.14,98.2,0.9,290,2026-10-10 02:00:00,PT5M,0.0,0.0,0.0,0.0,0.0
0,0,0,0,23,0.14,98.2,0.9,289,2026-10-10 02:05:00,PT5M,0.0,0.0,0.0,0.0,0.0
0,0,0,0,23,0.14,98.3,0.9,287,2026-10-10 02:10:00,PT5M,0.0,0.0,0.0,0.0,0.0
0,0,0,0,23,0.14,98.4,0.9,286,2026-10-10 02:15:00,PT5M,0.0,0.0,0.0,0.0,0.0
0,0,0,0,23,0.14,98.5,1.0,284,2026-10-10 02:20:00,PT5M,0.0,0.0,0.0,0.0,0.0
0,0,0,0,23,0.14,98.6,1.0,283,2026-10-10 02:25:00,PT5M,0.0,0.0,0.0,0.0,0.0
0,0,0,0,23,0.14,98.7,1.0,282,2026-10-10 02:30:00,PT5M,0.0,0.0,0.0,0.0,0.0
0,0,0,0,23,0.14,98.8,1.0,282,2026-10-10 02:35:00,PT5M,0.0,0.0,0.0,0.0,0.0
0,0,0,0,23,0.14,98.7,1.0,282,2026-10-10 02:40:00,PT5M,0.0,0.0,0.0,0.0,0.0
0,0,0,0,23,0.14,98.7,1.0,282,2026-10-10 02:45:00,PT5M,0.0,0.0,0.0,0.0,0.0
0,0,0,0,23,0.14,98.6,1.0,283,2026-10-10 02:50:00,PT5M,0.0,0.0,0.0,0.0,0.0
0,0,0,0,23,0.14,98.6,1.0,283,2026-10-10 02:55:00,PT5M,0.0,0.0,0.0,0.0,0.0
0,0,0,0,23,0.14,98.5,1.0,284,2026-10-10 03:00:00,PT5M,0.0,0.0,0.0,0.0,0.0
0,0,0,0,23,0.14,98.5,1.0,284,2026-10-10 03:05:00,PT5M,0.0,0.0,0.0,0.0,0.0
0,0,0,0,23,0.14,98.4,1.0,285,2026-10-10 03:10:00,PT5M,0.0,0.0,0.0,0.0,0.0
0,0,0,0,23,0.14,98.4,1.0,285,2026-10-10 03:15:00,PT5M,0.0,0.0,0.0,0.0,0.0
0,0,0,0,23,0.14,98.3,1.0,286,2026-10-10 03:20:00,PT5M,0.0,0.0,0.0,0.0,0.0
0,0,0,0,23,0.14,98.3,1.0,286,2026-10-10 03:25:00,PT5M,0.0,0.0,0.0,0.0,0.0
0,0,0,0,23,0.14,98.2,1.0,286,2026-10-10 03:30:00,PT5M,0.0,0.0,0.0,0.0,0.0
0,0,0,0,23,0.14,98.2,1.0,287,2026-10-10 03:35:00,PT5M,0.0,0.0,0.0,0.0,0.0
0,0,0,0,23,0.14,98.2,1.1,287,2026-10-10 03:40:00,PT5M,0.0,0.0,0.0,0.0,0.0
0,0,0,0,23,0.14,98.2,1.1,287,2026-10-10 03:45:00,PT5M,0.0,0.0,0.0,0.0,0.0
0,0,0,0,23,0.14,98.2,1.1,288,2026-10-10 03:50:00,PT5M,0.0,0.0,0.0,0.0,0.0
0,0,0,0,23,0.14,98.2,1.1,288,2026-10-10 03:55:00,PT5M,0.0,0.0,0.0,0.0,0.0
0,0,0,0,23,0.14,98.2,1.1,288,2026-10-10 04:00:00,PT5M,0.0,0.0,0.0,0.0,0.0
0,0,0,0,23,0.14,98.2,1.1,289,2026-10-10 04:05:00,PT5M,0.0,0.0,0.0,0.0,0.0
0,0,0,0,23,0.14,98.2,1.1,289,2026-10-10 04:10:00,PT5M,0.0,0.0,0.0,0.0,0.0
0,0,0,0,23,0.14,98.2,1.1,289,2026-10-10 04:15:00,PT5M,0.0,0.0,0.0,0.0,0.0
0,0,0,0,23,0.14,98.2,1.1,289,2026-10-10 04:20:00,PT5M,0.0,0.0,0.0,0.0,0.0
0,0,0,0,23,0.14,98.2,1.2,290,2026-10-10 04:25:00,PT5M,0.0,0.0,0.0,0.0,0.0
0,0,0,0,23,0.14,98.2,1.2,290,2026-10-10 04:30:00,PT5M,0.0,0.0,0.0,0.0,0.0
0,0,0,0,23,0.14,98.2,1.2,290,2026-10-10 04:35:00,PT5M,0.0,0.0,0.0,0.0,0.0
0,0,0,0,23,0.14,98.3,1.2,290,2026-10-10 04:40:00,PT5M,0.0,0.0,0.0,0.0,0.0
0,0,0,0,23,0.14,98.3,1.2,291,2026-10-10 04:45:00,PT5M,0.0,0.0,0.0,0.0,0.0
0,0,0,0,23,0.14,98.4,1.2,291,2026-10-10 04:50:00,PT5M,0.0,0.0,0.0,0.0,0.0
0,0,0,0,23,0.14,98.4,1.2,291,2026-10-10 04:55:00,PT5M,0.0,0.0,0.0,0.0,0.0
0,0,0,0,23,0.14,98.5,1.2,291,2026-10-10 05:00:00,PT5M,0.0,0.0,0.0,0.0,0.0
0,0,0,0,23,0.14,98.5,1.2,291,2026-10-10 05:05:00,PT5M,0.0,0.0,0.0,0.0,0.0
0,0,0,0,23,0.14,98.6,1.3,292,2026-10-10 05:10:00,PT5M,0.0,0.0,0.0,0.0,0.0
0,0,0,0,23,0.14,98.6,1.3,292,2026-10-10 05:15:00,PT5M,0.0,0.0,0.0,0.0,0.0
0,0,0,0,23,0.14,98.7,1.3,292,2026-10-10 05:20:00,PT5M,0.0,0.0,0.0,0.0,0.0
0,0,0,0,23,0.14,98.7,1.3,292,2026-10-10 05:25:00,PT5M,0.0,0.0,0.0,0.0,0.0
0,0,0,0,23,0.14,98.8,1.3,293,2026-10-10 05:30:00,PT5M,0.0,0.0,0.0,0.0,0.0
0,0,0,0,23,0.14,98.5,1.3,294,2026-10-10 05:35:00,PT5M,0.0,0.0,0.0,0.0,0.0
0,0,0,0,23,0.14,97.9,1.3,296,2026-10-10 05:40:00,PT5M,0.0,0.0,0.0,0.0,0.0
0,0,0,0,23,0.14,97.3,1.2,298,2026-10-10 05:45:00,PT5M,0.0,0.0,0.0,0.0,0.0
0,0,0,0,23,0.14,96.7,1.2,301,2026-10-10 05:50:00,PT5M,0.0,0.0,0.0,0.0,0.0
0,0,0,0,24,0.14,96.1,1.2,304,2026-10-10 05:55:00,PT5M,0.0,0.0,0.0,0.0,0.0
5,5,0,5,24,0.14,95.6,1.2,306,2026-10-10 06:00:00,PT5M,0.0,0.0,0.0,0.0,0.0
13,13,0,13,24,0.14,95.0,1.1,309,2026-10-10 06:05:00,PT5M,1.076,1.6845,1.3963,0.7557,0.4675
22,22,2,22,24,0.14,94.4,1.1,312,2026-10-10 06:10:00,PT5M,2.353,3.5515,2.9838,1.7222,1.1545
33,33,31,30,24,0.14,93.9,1.1,315,2026-10-10 06:15:00,PT5M,3.984,6.0955,5.0953,2.8727,1.8725
46,45,64,38,24,0.14,93.3,1.1,318,2026-10-10 06:20:00,PT5M,6.095,9.3905,7.8294,4.3606,2.7995
60,58,95,46,24,0.14,92.7,1.1,322,2026-10-10 06:25:00,PT5M,8.617,13.2465,11.0535,6.1805,3.9875
75,73,128,54,24,0.14,92.2,1.1,325,2026-10-10 06:30:00,PT5M,11.761,17.9135,14.9991,8.5229,5.6085
91,88,163,61,25,0.14,91.6,1.1,328,2026-10-10 06:35:00,PT5M,15.17,22.95,19.2647,11.0753,7.39
108,105,196,68,25,0.14,91.1,1.1,331,2026-10-10 06:40:00,PT5M,18.807,28.2405,23.7719,13.8421,9.3735
126,122,229,74,25,0.14,90.6,1.1,334,2026-10-10 06:45:00,PT5M,22.689,33.764,28.5179,16.8601,11.614
144,140,261,80,25,0.14,90.0,1.1,337,2026-10-10 06:50:00,PT5M,26.745,39.482,33.4486,20.0414,14.008
164,159,291,86,25,0.14,89.5,1.1,340,2026-10-10 06:55:00,PT5M,31.042,45.516,38.6598,23.4242,16.568
182,177,316,91,25,0.14,89.0,1.1,343,2026-10-10 07:00:00,PT5M,35.273,51.5835,43.8573,26.6887,18.9625
201,195,336,97,25,0.14,88.4,1.2,346,2026-10-10 07:05:00,PT5M,39.51,57.7655,49.118,29.902,21.2545
220,214,356,103,26,0.14,87.9,1.2,349,2026-10-10 07:10:00,PT5M,43.906,64.181,54.5769,33.2351,23.631
239,233,375,108,26,0.14,87.4,1.2,352,2026-10-10 07:15:00,PT5M,48.349,70.6695,60.0964,36.6016,26.0285
259,252,393,113,26,0.14,86.9,1.2,354,2026-10-10 07:20:00,PT5M,52.795,77.2235,65.6519,39.9381,28.3665
278,270,409,118,26,0.14,86.4,1.3,357,2026-10-10 07:25:00,PT5M,57.246,83.7435,71.1918,43.3002,30.7485
297,289,424,123,26,0.14,85.9,1.3,359,2026-10-10 07:30:00,PT5M,61.703,90.2845,76.7456,46.6604,33.1215
316,308,438,128,26,0.14,85.4,1.3,1,2026-10-10 07:35:00,PT5M,66.11,96.843,82.285,49.935,35.377
335,327,450,133,26,0.14,84.9,1.4,3,2026-10-10 07:40:00,PT5M,70.129,100.0,87.3692,52.8888,37.372
354,345,462,137,26,0.14,84.5,1.4,5,2026-10-10 07:45:00,PT5M,72.186,100.0,89.7899,54.5821,38.738
372,363,472,142,27,0.14,84.0,1.4,7,2026-10-10 07:50:00,PT5M,74.137,100.0,92.0788,56.1952,40.047
391,382,483,146,27,0.14,83.6,1.5,9,2026-10-10 07:55:00,PT5M,75.978,100.0,94.2306,57.7254,41.2975
409,400,492,151,27,0.14,83.1,1.5,11,2026-10-10 08:00:00,PT5M,77.699,100.0,96.2316,59.1664,42.4865
427,417,500,155,27,0.14,82.7,1.6,12,2026-10-10 08:05:00,PT5M,79.256,100.0,98.0265,60.4855,43.5915
445,435,508,159,27,0.14,82.2,1.6,14,2026-10-10 08:10:00,PT5M,80.641,100.0,99.6031,61.6789,44.6125
462,452,515,164,27,0.14,81.8,1.6,15,2026-10-10 08:15:00,PT5M,81.879,100.0,100.0,62.768,45.5675
479,469,521,168,27,0.14,81.4,1.7,16,2026-10-10 08:20:00,PT5M,82.958,100.0,100.0,63.7515,46.465
496,486,526,173,27,0.14,80.9,1.7,18,2026-10-10 08:25:00,PT5M,83.908,100.0,100.0,64.6375,47.2935
512,502,531,177,28,0.14,80.5,1.8,19,2026-10-10 08:30:00,PT5M,84.784,100.0,100.0,65.468,48.083
529,518,536,181,28,0.14,80.0,1.8,20,2026-10-10 08:35:00,PT5M,85.598,100.0,100.0,66.2575,48.8505
544,533,540,186,28,0.14,79.4,1.8,20,2026-10-10 08:40:00,PT5M,86.355,100.0,100.0,67.0079,49.595
560,549,544,190,28,0.14,78.8,1.8,21,2026-10-10 08:45:00,PT5M,87.063,100.0,100.0,67.717,50.305
575,564,547,194,28,0.14,78.3,1.9,22,2026-10-10 08:50:00,PT5M,87.73,100.0,100.0,68.3937,50.9905
590,578,550,198,28,0.14,77.7,1.9,22,2026-10-10 08:55:00,PT5M,88.358,100.0,100.0,69.0109,51.598
604,593,553,202,28,0.14,77.1,1.9,23,2026-10-10 09:00:00,PT5M,89.007,100.0,100.0,69.6855,52.2955
619,607,557,206,28,0.14,76.6,1.9,23,2026-10-10 09:05:00,PT5M,89.659,100.0,100.0,70.5033,53.2625
633,621,561,209,28,0.14,76.0,1.9,24,2026-10-10 09:10:00,PT5M,90.267,100.0,100.0,71.2984,54.226
647,635,564,213,28,0.14,75.4,1.9,25,2026-10-10 09:15:00,PT5M,90.845,100.0,100.0,72.06,55.153
661,649,567,217,29,0.14,74.9,2.0,25,2026-10-10 09:20:00,PT5M,91.394,100.0,100.0,72.789,56.044
674,662,569,220,29,0.14,74.4,2.0,26,2026-10-10 09:25:00,PT5M,91.916,100.0,100.0,73.4874,56.901
687,674,572,223,29,0.14,73.8,2.0,26,2026-10-10 09:30:00,PT5M,92.411,100.0,100.0,74.1545,57.723
699,686,573,227,29,0.14,73.3,2.0,27,2026-10-10 09:35:00,PT5M,92.81,100.0,100.0,74.7121,58.4235
710,697,573,231,29,0.14,72.7,2.0,28,2026-10-10 09:40:00,PT5M,93.114,100.0,100.0,75.1606,59.002
720,707,572,236,29,0.14,72.1,2.1,29,2026-10-10 09:45:00,PT5M,93.37,100.0,100.0,75.554,59.519
730,717,571,240,29,0.14,71.6,2.1,29,2026-10-10 09:50:00,PT5M,93.577,100.0,100.0,75.8907,59.9725
739,726,569,245,29,0.14,71.0,2.1,30,2026-10-10 09:55:00,PT5M,93.765,100.0,100.0,76.2019,60.3945
748,735,567,249,29,0.14,70.5,2.1,31,2026-10-10 10:00:00,PT5M,93.932,100.0,100.0,76.4849,60.782
756,744,566,253,30,0.14,69.9,2.1,32,2026-10-10 10:05:00,PT5M,94.093,100.0,100.0,76.757,61.154
764,752,564,257,30,0.14,69.4,2.1,33,2026-10-10 10:10:00,PT5M,94.246,100.0,100.0,77.0163,61.509
772,759,563,261,30,0.14,68.8,2.2,33,2026-10-10 10:15:00,PT5M,94.378,100.0,100.0,77.2488,61.832
779,766,561,265,30,0.14,68.3,2.2,34,2026-10-10 10:20:00,PT5M,94.489,100.0,100.0,77.4551,62.124
786,773,559,268,30,0.14,67.8,2.2,35,2026-10-10 10:25:00,PT5M,94.579,100.0,100.0,77.6353,62.3855
792,779,557,272,30,0.14,67.3,2.2,35,2026-10-10 10:30:00,PT5M,94.652,100.0,100.0,77.7939,62.621
798,785,556,275,30,0.14,66.8,2.2,36,2026-10-10 10:35:00,PT5M,94.769,100.0,100.0,78.0024,62.912
804,792,556,277,30,0.14,66.3,2.2,37,2026-10-10 10:40:00,PT5M,94.925,100.0,100.0,78.2553,63.252
810,797,556,280,30,0.14,65.9,2.3,37,2026-10-10 10:45:00,PT5M,95.056,100.0,100.0,78.4763,63.554
816,803,556,282,30,0.14,65.4,2.3,38,2026-10-10 10:50:00,PT5M,95.16,100.0,100.0,78.6618,63.813
821,808,555,284,31,0.14,65.0,2.3,38,2026-10-10 10:55:00,PT5M,95.225,100.0,100.0,78.7861,63.9905
825,812,555,286,31,0.14,64.6,2.3,39,2026-10-10 11:00:00,PT5M,95.283,100.0,100.0,78.9117,64.177
829,816,554,288,31,0.14,64.1,2.3,39,2026-10-10 11:05:00,PT5M,95.329,100.0,100.0,79.0301,64.3605
832,820,553,290,31,0.14,63.7,2.3,40,2026-10-10 11:10:00,PT5M,95.35,100.0,100.0,79.1129,64.499
835,823,553,291,31,0.14,63.3,2.4,40,2026-10-10 11:15:00,PT5M,95.343,100.0,100.0,79.1554,64.586
838,825,551,293,31,0.14,62.9,2.4,41,2026-10-10 11:20:00,PT5M,95.313,100.0,100.0,79.1683,64.6375
840,827,550,295,31,0.14,62.4,2.4,41,2026-10-10 11:25:00,PT5M,95.26,100.0,100.0,79.1513,64.653
841,828,549,296,31,0.14,62.0,2.4,41,2026-10-10 11:30:00,PT5M,95.183,100.0,100.0,79.1051,64.6345
839,827,542,300,31,0.14,62.2,2.4,41,2026-10-10 11:35:00,PT5M,94.882,100.0,100.0,78.7517,64.234
834,821,529,307,31,0.14,62.8,2.3,41,2026-10-10 11:40:00,PT5M,94.251,100.0,100.0,77.9852,63.3455
828,816,516,313,31,0.14,63.5,2.2,41,2026-10-10 11:45:00,PT5M,93.596,100.0,100.0,77.1881,62.4205
821,810,503,319,31,0.14,64.2,2.2,40,2026-10-10 11:50:00,PT5M,92.917,100.0,100.0,76.3612,61.4605
815,803,490,325,31,0.14,65.0,2.1,40,2026-10-10 11:55:00,PT5M,92.246,100.0,100.0,75.5365,60.4975
807,796,478,330,30,0.14,65.7,2.0,39,2026-10-10 12:00:00,PT5M,91.634,100.0,100.0,74.7651,59.5825
799,789,465,336,30,0.14,66.4,2.0,39,2026-10-10 12:05:00,PT5M,90.994,100.0,100.0,73.9606,58.63
791,781,452,341,30,0.14,67.2,1.9,38,2026-10-10 12:10:00,PT5M,90.326,100.0,100.0,73.1231,57.64
783,772,440,345,30,0.14,67.9,1.8,37,2026-10-10 12:15:00,PT5M,89.628,100.0,100.0,72.2514,56.612
773,763,427,350,30,0.14,68.7,1.8,37,2026-10-10 12:20:00,PT5M,88.9,100.0,100.0,71.3458,55.5465
764,754,415,354,30,0.14,69.4,1.7,36,2026-10-10 12:25:00,PT5M,88.141,100.0,100.0,70.4055,54.443
754,745,402,357,30,0.14,70.2,1.6,35,2026-10-10 12:30:00,PT5M,87.35,100.0,100.0,69.4306,53.3025
745,735,391,361,29,0.14,71.1,1.5,34,2026-10-10 12:35:00,PT5M,86.584,100.0,100.0,68.4772,52.1805
735,726,381,363,29,0.14,72.0,1.5,33,2026-10-10 12:40:00,PT5M,85.84,100.0,100.0,67.5414,51.072
725,717,370,365,29,0.14,72.9,1.4,32,2026-10-10 12:45:00,PT5M,85.049,100.0,100.0,66.5493,49.899
715,707,360,367,29,0.14,73.8,1.3,31,2026-10-10 12:50:00,PT5M,84.188,100.0,100.0,65.4888,48.659
705,697,350,368,29,0.14,74.7,1.3,30,2026-10-10 12:55:00,PT5M,83.363,100.0,100.0,64.4754,47.476
694,686,340,369,29,0.14,75.7,1.2,28,2026-10-10 13:00:00,PT5M,82.496,100.0,100.0,63.4153,46.242
683,675,330,370,28,0.14,76.7,1.2,27,2026-10-10 13:05:00,PT5M,81.572,100.0,100.0,62.2894,44.9345
672,664,320,370,28,0.14,77.6,1.1,25,2026-10-10 13:10:00,PT5M,80.606,100.0,100.0,61.119,43.58
660,653,310,370,28,0.14,78.6,1.0,23,2026-10-10 13:15:00,PT5M,79.601,100.0,99.2928,59.9092,42.186
648,642,300,370,28,0.14,79.6,1.0,21,2026-10-10 13:20:00,PT5M,78.561,100.0,98.4573,58.6647,40.7575
636,630,290,370,28,0.14,80.7,0.9,18,2026-10-10 13:25:00,PT5M,77.491,100.0,97.5907,57.3913,39.301
624,618,280,369,28,0.14,81.7,0.9,16,2026-10-10 13:30:00,PT5M,76.385,100.0,96.6873,56.0827,37.81
609,603,267,369,27,0.14,82.7,0.8,12,2026-10-10 13:35:00,PT5M,74.941,100.0,95.4715,54.4105,35.9325
592,587,250,369,27,0.14,83.7,0.7,9,2026-10-10 13:40:00,PT5M,73.156,100.0,93.9388,52.3732,33.668
575,570,234,369,27,0.14,84.7,0.7,4,2026-10-10 13:45:00,PT5M,71.33,100.0,92.3618,50.2982,31.369
558,553,218,368,27,0.14,85.7,0.7,360,2026-10-10 13:50:00,PT5M,69.464,100.0,90.7413,48.1867,29.0365
540,536,203,366,27,0.14,86.7,0.6,354,2026-10-10 13:55:00,PT5M,67.537,100.0,89.0566,46.0174,26.649
523,520,188,364,27,0.14,87.7,0.6,348,2026-10-10 14:00:00,PT5M,65.591,100.0,87.3501,43.8319,24.248
506,503,173,361,26,0.14,88.8,0.6,341,2026-10-10 14:05:00,PT5M,63.6,100.0,85.5946,41.6054,21.8095
489,486,159,358,26,0.14,89.8,0.5,334,2026-10-10 14:10:00,PT5M,61.543,100.0,83.77,39.316,19.311
472,469,145,355,26,0.14,90.9,0.5,326,2026-10-10 14:15:00,PT5M,59.455,100.0,81.9091,37.0009,16.7915
455,452,131,350,26,0.14,92.0,0.5,319,2026-10-10 14:20:00,PT5M,57.337,100.0,80.0132,34.6608,14.2515
438,436,118,346,26,0.14,93.1,0.5,311,2026-10-10 14:25:00,PT5M,55.192,98.7105,78.0961,32.2879,11.6735
421,419,105,340,26,0.14,94.2,0.6,304,2026-10-10 14:30:00,PT5M,53.199,97.141,76.326,30.072,9.257
406,405,95,334,26,0.14,94.8,0.6,299,2026-10-10 14:35:00,PT5M,51.291,95.585,74.6032,27.9788,6.997
393,392,88,328,25,0.14,94.8,0.6,294,2026-10-10 14:40:00,PT5M,49.631,94.211,73.0938,26.1682,5.051
380,379,80,322,25,0.14,94.8,0.6,290,2026-10-10 14:45:00,PT5M,47.941,92.7255,71.5114,24.3706,3.1565
367,366,74,315,25,0.14,94.8,0.6,287,2026-10-10 14:50:00,PT5M,46.275,90.99,69.8088,22.7412,1.56
354,353,67,308,25,0.14,94.8,0.7,283,2026-10-10 14:55:00,PT5M,44.596,89.2165,68.0801,21.1119,0.0
341,341,61,301,25,0.14,94.8,0.7,280,2026-10-10 15:00:00,PT5M,42.889,87.388,66.3091,19.4689,0.0
329,328,54,293,25,0.14,94.8,0.7,277,2026-10-10 15:05:00,PT5M,41.136,85.4755,64.4722,17.7998,0.0
316,315,47,286,25,0.14,94.8,0.8,274,2026-10-10 15:10:00,PT5M,39.332,83.4725,62.5635,16.1005,0.0
303,303,40,278,25,0.14,94.8,0.8,271,2026-10-10 15:15:00,PT5M,37.485,81.3915,60.5933,14.3767,0.0
290,290,33,270,25,0.14,94.8,0.8,269,2026-10-10 15:20:00,PT5M,35.606,79.2365,58.569,12.643,0.0
277,277,27,262,25,0.14,94.8,0.9,267,2026-10-10 15:25:00,PT5M,34.069,77.375,56.8613,11.2767,0.0
264,265,20,253,25,0.14,94.8,0.9,265,2026-10-10 15:30:00,PT5M,32.116,75.042,54.7083,9.5237,0.0
252,253,14,245,25,0.14,94.8,0.9,263,2026-10-10 15:35:00,PT5M,30.297,72.728,52.6287,7.9653,0.0
240,241,8,236,25,0.14,94.8,0.9,261,2026-10-10 15:40:00,PT5M,28.556,70.3905,50.5738,6.5382,0.0
229,229,3,228,25,0.14,94.8,1.0,259,2026-10-10 15:45:00,PT5M,26.789,67.9365,48.4452,5.1328,0.0
217,218,0,218,25,0.14,94.8,1.0,258,2026-10-10 15:50:00,PT5M,25.22,65.598,46.4712,3.9688,0.0
205,206,0,206,25,0.14,94.8,1.0,256,2026-10-10 15:55:00,PT5M,23.868,63.403,44.6756,3.0604,0.0
194,194,0,194,25,0.14,94.8,1.1,255,2026-10-10 16:00:00,PT5M,22.514,61.1405,42.8434,2.1846,0.0
182,183,0,183,25,0.14,94.8,1.1,253,2026-10-10 16:05:00,PT5M,21.166,58.8395,40.9938,1.3382,0.0
171,172,0,172,25,0.14,94.8,1.1,252,2026-10-10 16:10:00,PT5M,20.021,56.0955,39.0073,1.0347,0.0
160,160,0,160,25,0.14,94.8,1.2,251,2026-10-10 16:15:00,PT5M,18.958,52.634,36.6819,1.2341,0.0
149,149,0,149,25,0.14,94.8,1.2,250,2026-10-10 16:20:00,PT5M,17.787,49.064,34.2483,1.3257,0.0
138,138,0,138,25,0.14,94.8,1.2,249,2026-10-10 16:25:00,PT5M,16.57,45.51,31.8013,1.3387,0.0
127,127,0,127,25,0.14,94.8,1.3,248,2026-10-10 16:30:00,PT5M,15.33,41.948,29.3392,1.3208,0.0
116,117,0,117,25,0.14,94.8,1.3,247,2026-10-10 16:35:00,PT5M,14.066,38.365,26.8547,1.2773,0.0
106,106,0,106,25,0.14,94.8,1.4,246,2026-10-10 16:40:00,PT5M,12.783,34.7785,24.3594,1.2066,0.0
96,96,0,96,25,0.14,94.9,1.4,246,2026-10-10 16:45:00,PT5M,11.509,31.234,21.8904,1.1276,0.0
85,86,0,86,25,0.14,94.9,1.5,245,2026-10-10 16:50:00,PT5M,10.252,27.7665,19.47,1.034,0.0
75,75,0,75,25,0.14,95.0,1.5,244,2026-10-10 16:55:00,PT5M,8.981,24.383,17.0872,0.8748,0.0
65,65,0,65,25,0.14,95.0,1.5,244,2026-10-10 17:00:00,PT5M,7.76,21.152,14.8083,0.7117,0.0
56,56,0,56,25,0.14,95.1,1.6,243,2026-10-10 17:05:00,PT5M,6.496,17.929,12.5133,0.4787,0.0
47,47,0,47,25,0.14,95.1,1.6,243,2026-10-10 17:10:00,PT5M,5.383,14.9175,10.4011,0.3649,0.0
39,39,0,39,25,0.14,95.1,1.7,242,2026-10-10 17:15:00,PT5M,4.373,12.0615,8.4195,0.3265,0.0
31,31,0,31,25,0.14,95.2,1.7,242,2026-10-10 17:20:00,PT5M,3.367,9.2415,6.4588,0.2752,0.0
24,24,0,24,25,0.14,95.2,1.8,241,2026-10-10 17:25:00,PT5M,2.454,6.653,4.664,0.244,0.0
18,18,0,18,24,0.14,95.3,1.8,241,2026-10-10 17:30:00,PT5M,1.687,4.532,3.1843,0.1897,0.0
12,13,0,13,24,0.14,95.4,1.8,241,2026-10-10 17:35:00,PT5M,0.982,2.5995,1.8333,0.1307,0.0
8,8,0,8,24,0.14,95.5,1.8,241,2026-10-10 17:40:00,PT5M,0.335,1.133,0.755,0.0,0.0
3,3,0,3,24,0.14,95.5,1.7,241,2026-10-10 17:45:00,PT5M,0.0,0.161,0.0847,0.0,0.0
0,0,0,0,24,0.14,95.6,1.7,241,2026-10-10 17:50:00,PT5M,0.0,0.0,0.0,0.0,0.0
0,0,0,0,24,0.14,95.7,1.7,241,2026-10-10 17:55:00,PT5M,0.0,0.0,0.0,0.0,0.0
0,0,0,0,24,0.14,95.8,1.6,242,2026-10-10 18:00:00,PT5M,0.0,0.0,0.0,0.0,0.0
0,0,0,0,24,0.14,95.9,1.6,242,2026-10-10 18:05:00,PT5M,0.0,0.0,0.0,0.0,0.0
0,0,0,0,24,0.14,96.0,1.5,242,2026-10-10 18:10:00,PT5M,0.0,0.0,0.0,0.0,0.0
0,0,0,0,24,0.14,96.1,1.5,242,2026-10-10 18:15:00,PT5M,0.0,0.0,0.0,0.0,0.0
0,0,0,0,24,0.14,96.2,1.4,243,2026-10-10 18:20:00,PT5M,0.0,0.0,0.0,0.0,0.0
0,0,0,0,24,0.14,96.3,1.4,243,2026-10-10 18:25:00,PT5M,0.0,0.0,0.0,0.0,0.0
0,0,0,0,24,0.14,96.4,1.4,243,2026-10-10 18:30:00,PT5M,0.0,0.0,0.0,0.0,0.0
0,0,0,0,24,0.14,96.5,1.3,244,2026-10-10 18:35:00,PT5M,0.0,0.0,0.0,0.0,0.0
0,0,0,0,24,0.14,96.5,1.3,244,2026-10-10 18:40:00,PT5M,0.0,0.0,0.0,0.0,0.0
0,0,0,0,24,0.14,96.5,1.2,245,2026-10-10 18:45:00,PT5M,0.0,0.0,0.0,0.0,0.0
0,0,0,0,24,0.14,96.5,1.2,245,2026-10-10 18:50:00,PT5M,0.0,0.0,0.0,0.0,0.0
0,0,0,0,24,0.14,96.5,1.1,246,2026-10-10 18:55:00,PT5M,0.0,0.0,0.0,0.0,0.0
0,0,0,0,24,0.14,96.5,1.1,247,2026-10-10 19:00:00,PT5M,0.0,0.0,0.0,0.0,0.0
0,0,0,0,24,0.14,96.5,1.0,248,2026-10-10 19:05:00,PT5M,0.0,0.0,0.0,0.0,0.0
0,0,0,0,24,0.14,96.5,1.0,248,2026-10-10 19:10:00,PT5M,0.0,0.0,0.0,0.0,0.0
0,0,0,0,24,0.14,96.5,0.9,249,2026-10-10 19:15:00,PT5M,0.0,0.0,0.0,0.0,0.0
0,0,0,0,24,0.14,96.5,0.9,251,2026-10-10 19:20:00,PT5M,0.0,0.0,0.0,0.0,0.0
0,0,0,0,24,0.14,96.5,0.8,252,2026-10-10 19:25:00,PT5M,0.0,0.0,0.0,0.0,0.0
0,0,0,0,24,0.14,96.5,0.8,253,2026-10-10 19:30:00,PT5M,0.0,0.0,0.0,0.0,0.0
0,0,0,0,24,0.14,96.5,0.7,255,2026-10-10 19:35:00,PT5M,0.0,0.0,0.0,0.0,0.0
0,0,0,0,24,0.14,96.5,0.7,256,2026-10-10 19:40:00,PT5M,0.0,0.0,0.0,0.0,0.0
0,0,0,0,24,0.14,96.6,0.6,257,2026-10-10 19:45:00,PT5M,0.0,0.0,0.0,0.0,0.0
0,0,0,0,24,0.14,96.6,0.6,259,2026-10-10 19:50:00,PT5M,0.0,0.0,0.0,0.0,0.0
0,0,0,0,24,0.14,96.7,0.6,261,2026-10-10 19:55:00,PT5M,0.0,0.0,0.0,0.0,0.0
0,0,0,0,24,0.14,96.7,0.5,263,2026-10-10 20:00:00,PT5M,0.0,0.0,0.0,0.0,0.0
0,0,0,0,24,0.14,96.8,0.5,266,2026-10-10 20:05:00,PT5M,0.0,0.0,0.0,0.0,0.0
0,0,0,0,24,0.14,96.8,0.5,268,2026-10-10 20:10:00,PT5M,0.0,0.0,0.0,0.0,0.0
0,0,0,0,24,0.14,96.9,0.4,272,2026-10-10 20:15:00,PT5M,0.0,0.0,0.0,0.0,0.0
0,0,0,0,24,0.14,96.9,0.4,276,2026-10-10 20:20:00,PT5M,0.0,0.0,0.0,0.0,0.0
0,0,0,0,24,0.14,97.0,0.4,280,2026-10-10 20:25:00,PT5M,0.0,0.0,0.0,0.0,0.0
0,0,0,0,24,0.14,97.0,0.3,285,2026-10-10 20:30:00,PT5M,0.0,0.0,0.0,0.0,0.0
0,0,0,0,24,0.14,97.0,0.3,290,2026-10-10 20:35:00,PT5M,0.0,0.0,0.0,0.0,0.0
0,0,0,0,24,0.14,96.9,0.3,292,2026-10-10 20:40:00,PT5M,0.0,0.0,0.0,0.0,0.0
0,0,0,0,24,0.14,96.8,0.4,294,2026-10-10 20:45:00,PT5M,0.0,0.0,0.0,0.0,0.0
0,0,0,0,24,0.14,96.7,0.4,296,2026-10-10 20:50:00,PT5M,0.0,0.0,0.0,0.0,0.0
0,0,0,0,24,0.14,96.6,0.4,297,2026-10-10 20:55:00,PT5M,0.0,0.0,0.0,0.0,0.0
0,0,0,0,24,0.14,96.5,0.4,299,2026-10-10 21:00:00,PT5M,0.0,0.0,0.0,0.0,0.0
0,0,0,0,24,0.14,96.4,0.4,300,2026-10-10 21:05:00,PT5M,0.0,0.0,0.0,0.0,0.0
0,0,0,0,24,0.14,96.3,0.4,302,2026-10-10 21:10:00,PT5M,0.0,0.0,0.0,0.0,0.0
0,0,0,0,24,0.14,96.2,0.4,303,2026-10-10 21:15:00,PT5M,0.0,0.0,0.0,0.0,0.0
0,0,0,0,24,0.14,96.1,0.5,304,2026-10-10 21:20:00,PT5M,0.0,0.0,0.0,0.0,0.0
0,0,0,0,24,0.14,96.0,0.5,305,2026-10-10 21:25:00,PT5M,0.0,0.0,0.0,0.0,0.0
0,0,0,0,24,0.14,95.9,0.5,306,2026-10-10 21:30:00,PT5M,0.0,0.0,0.0,0.0,0.0
0,0,0,0,24,0.14,95.8,0.5,307,2026-10-10 21:35:00,PT5M,0.0,0.0,0.0,0.0,0.0
0,0,0,0,24,0.14,95.8,0.5,308,2026-10-10 21:40:00,PT5M,0.0,0.0,0.0,0.0,0.0
0,0,0,0,24,0.14,95.7,0.5,309,2026-10-10 21:45:00,PT5M,0.0,0.0,0.0,0.0,0.0
0,0,0,0,24,0.14,95.7,0.5,309,2026-10-10 21:50:00,PT5M,0.0,0.0,0.0,0.0,0.0
0,0,0,0,24,0.14,95.7,0.5,310,2026-10-10 21:55:00,PT5M,0.0,0.0,0.0,0.0,0.0
0,0,0,0,24,0.14,95.6,0.5,311,2026-10-10 22:00:00,PT5M,0.0,0.0,0.0,0.0,0.0
0,0,0,0,24,0.14,95.6,0.5,312,2026-10-10 22:05:00,PT5M,0.0,0.0,0.0,0.0,0.0
0,0,0,0,24,0.14,95.5,0.5,312,2026-10-10 22:10:00,PT5M,0.0,0.0,0.0,0.0,0.0
0,0,0,0,24,0.14,95.5,0.5,313,2026-10-10 22:15:00,PT5M,0.0,0.0,0.0,0.0,0.0
0,0,0,0,24,0.14,95.4,0.6,313,2026-10-10 22:20:00,PT5M,0.0,0.0,0.0,0.0,0.0
0,0,0,0,24,0.14,95.4,0.6,314,2026-10-10 22:25:00,PT5M,0.0,0.0,0.0,0.0,0.0
0,0,0,0,24,0.14,95.3,0.6,315,2026-10-10 22:30:00,PT5M,0.0,0.0,0.0,0.0,0.0
0,0,0,0,24,0.14,95.3,0.6,315,2026-10-10 22:35:00,PT5M,0.0,0.0,0.0,0.0,0.0
0,0,0,0,24,0.14,95.2,0.6,316,2026-10-10 22:40:00,PT5M,0.0,0.0,0.0,0.0,0.0
0,0,0,0,24,0.14,95.2,0.6,316,2026-10-10 22:45:00,PT5M,0.0,0.0,0.0,0.0,0.0
0,0,0,0,24,0.14,95.1,0.6,317,2026-10-10 22:50:00,PT5M,0.0,0.0,0.0,0.0,0.0
0,0,0,0,24,0.14,95.1,0.6,317,2026-10-10 22:55:00,PT5M,0.0,0.0,0.0,0.0,0.0
0,0,0,0,24,0.14,95.0,0.7,318,2026-10-10 23:00:00,PT5M,0.0,0.0,0.0,0.0,0.0
0,0,0,0,24,0.14,95.0,0.7,318,2026-10-10 23:05:00,PT5M,0.0,0.0,0.0,0.0,0.0
0,0,0,0,24,0.14,94.9,0.7,319,2026-10-10 23:10:00,PT5M,0.0,0.0,0.0,0.0,0.0
0,0,0,0,24,0.14,94.9,0.7,319,2026-10-10 23:15:00,PT5M,0.0,0.0,0.0,0.0,0.0
0,0,0,0,24,0.14,94.8,0.7,319,2026-10-10 23:20:00,PT5M,0.0,0.0,0.0,0.0,0.0
0,0,0,0,24,0.14,94.8,0.8,320,2026-10-10 23:25:00,PT5M,0.0,0.0,0.0,0.0,0.0
0,0,0,0,24,0.14,94.7,0.8,320,2026-10-10 23:30:00,PT5M,0.0,0.0,0.0,0.0,0.0
0,0,0,0,24,0.14,94.7,0.8,318,2026-10-10 23:35:00,PT5M,0.0,0.0,0.0,0.0,0.0
0,0,0,0,24,0.14,94.8,0.8,315,2026-10-10 23:40:00,PT5M,0.0,0.0,0.0,0.0,0.0
0,0,0,0,24,0.14,94.8,0.8,312,2026-10-10 23:45:00,PT5M,0.0,0.0,0.0,0.0,0.0
0,0,0,0,24,0.14,94.9,0.8,308,2026-10-10 23:50:00,PT5M,0.0,0.0,0.0,0.0,0.0
0,0,0,0,24,0.14,94.9,0.8,305,2026-10-10 23:55:00,PT5M,0.0,0.0,0.0,0.0,0.0
0,0,0,0,24,0.14,95.0,0.9,302,2026-10-11 00:00:00,PT5M,0.0,0.0,0.0,0.0,0.0
0,0,0,0,24,0.14,95.0,0.9,300,2026-10-11 00:05:00,PT5M,0.0,0.0,0.0,0.0,0.0
0,0,0,0,24,0.14,95.1,0.9,297,2026-10-11 00:10:00,PT5M,0.0,0.0,0.0,0.0,0.0
0,0,0,0,24,0.14,95.1,0.9,294,2026-10-11 00:15:00,PT5M,0.0,0.0,0.0,0.0,0.0
0,0,0,0,24,0.14,95.2,1.0,292,2026-10-11 00:20:00,PT5M,0.0,0.0,0.0,0.0,0.0
0,0,0,0,24,0.14,95.2,1.0,290,2026-10-11 00:25:00,PT5M,0.0,0.0,0.0,0.0,0.0
0,0,0,0,23,0.14,95.3,1.0,288,2026-10-11 00:30:00,PT5M,0.0,0.0,0.0,0.0,0.0
0,0,0,0,23,0.14,95.3,1.1,286,2026-10-11 00:35:00,PT5M,0.0,0.0,0.0,0.0,0.0
0,0,0,0,23,0.14,95.4,1.1,284,2026-10-11 00:40:00,PT5M,0.0,0.0,0.0,0.0,0.0
0,0,0,0,23,0.14,95.5,1.1,282,2026-10-11 00:45:00,PT5M,0.0,0.0,0.0,0.0,0.0
0,0,0,0,23,0.14,95.6,1.1,281,2026-10-11 00:50:00,PT5M,0.0,0.0,0.0,0.0,0.0
0,0,0,0,23,0.14,95.7,1.2,279,2026-10-11 00:55:00,PT5M,0.0,0.0,0.0,0.0,0.0
0,0,0,0,23,0.14,95.8,1.2,278,2026-10-11 01:00:00,PT5M,0.0,0.0,0.0,0.0,0.0
0,0,0,0,23,0.14,95.9,1.2,276,2026-10-11 01:05:00,PT5M,0.0,0.0,0.0,0.0,0.0
0,0,0,0,23,0.14,96.0,1.3,275,2026-10-11 01:10:00,PT5M,0.0,0.0,0.0,0.0,0.0
0,0,0,0,23,0.14,96.1,1.3,274,2026-10-11 01:15:00,PT5M,0.0,0.0,0.0,0.0,0.0
0,0,0,0,23,0.14,96.2,1.3,273,2026-10-11 01:20:00,PT5M,0.0,0.0,0.0,0.0,0.0
0,0,0,0,23,0.14,96.3,1.4,272,2026-10-11 01:25:00,PT5M,0.0,0.0,0.0,0.0,0.0
0,0,0,0,23,0.14,96.4,1.4,271,2026-10-11 01:30:00,PT5M,0.0,0.0,0.0,0.0,0.0
0,0,0,0,23,0.14,96.5,1.4,269,2026-10-11 01:35:00,PT5M,0.0,0.0,0.0,0.0,0.0
0,0,0,0,23,0.14,96.6,1.5,269,2026-10-11 01:40:00,PT5M,0.0,0.0,0.0,0.0,0.0
0,0,0,0,23,0.14,96.7,1.5,268,2026-10-11 01:45:00,PT5M,0.0,0.0,0.0,0.0,0.0
0,0,0,0,23,0.14,96.8,1.5,267,2026-10-11 01:50:00,PT5M,0.0,0.0,0.0,0.0,0.0
0,0,0,0,23,0.14,96.9,1.6,266,2026-10-11 01:55:00,PT5M,0.0,0.0,0.0,0.0,0.0
0,0,0,0,23,0.14,97.0,1.6,265,2026-10-11 02:00:00,PT5M,0.0,0.0,0.0,0.0,0.0
0,0,0,0,23,0.14,97.1,1.7,264,2026-10-11 02:05:00,PT5M,0.0,0.0,0.0,0.0,0.0
0,0,0,0,23,0.14,97.2,1.7,264,2026-10-11 02:10:00,PT5M,0.0,0.0,0.0,0.0,0.0
0,0,0,0,23,0.14,97.3,1.8,263,2026-10-11 02:15:00,PT5M,0.0,0.0,0.0,0.0,0.0
0,0,0,0,23,0.14,97.3,1.8,262,2026-10-11 02:20:00,PT5M,0.0,0.0,0.0,0.0,0.0
0,0,0,0,23,0.14,97.4,1.9,262,2026-10-11 02:25:00,PT5M,0.0,0.0,0.0,0.0,0.0
0,0,0,0,22,0.14,97.5,1.9,261,2026-10-11 02:30:00,PT5M,0.0,0.0,0.0,0.0,0.0
0,0,0,0,22,0.14,97.6,1.9,261,2026-10-11 02:35:00,PT5M,0.0,0.0,0.0,0.0,0.0
0,0,0,0,22,0.14,97.7,1.9,262,2026-10-11 02:40:00,PT5M,0.0,0.0,0.0,0.0,0.0
0,0,0,0,22,0.14,97.7,1.8,263,2026-10-11 02:45:00,PT5M,0.0,0.0,0.0,0.0,0.0
0,0,0,0,22,0.14,97.8,1.8,264,2026-10-11 02:50:00,PT5M,0.0,0.0,0.0,0.0,0.0
0,0,0,0,22,0.14,97.8,1.8,265,2026-10-11 02:55:00,PT5M,0.0,0.0,0.0,0.0,0.0
0,0,0,0,22,0.14,97.9,1.7,266,2026-10-11 03:00:00,PT5M,0.0,0.0,0.0,0.0,0.0
0,0,0,0,22,0.14,97.9,1.7,267,2026-10-11 03:05:00,PT5M,0.0,0.0,0.0,0.0,0.0
0,0,0,0,22,0.14,98.0,1.7,268,2026-10-11 03:10:00,PT5M,0.0,0.0,0.0,0.0,0.0
0,0,0,0,22,0.14,98.0,1.6,269,2026-10-11 03:15:00,PT5M,0.0,0.0,0.0,0.0,0.0
0,0,0,0,22,0.14,98.1,1.6,271,2026-10-11 03:20:00,PT5M,0.0,0.0,0.0,0.0,0.0
0,0,0,0,22,0.14,98.1,1.6,272,2026-10-11 03:25:00,PT5M,0.0,0.0,0.0,0.0,0.0
0,0,0,0,22,0.14,98.2,1.5,273,2026-10-11 03:30:00,PT5M,0.0,0.0,0.0,0.0,0.0
0,0,0,0,22,0.14,98.2,1.5,274,2026-10-11 03:35:00,PT5M,0.0,0.0,0.0,0.0,0.0
0,0,0,0,22,0.14,98.2,1.5,275,2026-10-11 03:40:00,PT5M,0.0,0.0,0.0,0.0,0.0
0,0,0,0,22,0.14,98.2,1.4,276,2026-10-11 03:45:00,PT5M,0.0,0.0,0.0,0.0,0.0
0,0,0,0,22,0.14,98.2,1.4,277,2026-10-11 03:50:00,PT5M,0.0,0.0,0.0,0.0,0.0
0,0,0,0,22,0.14,98.2,1.4,277,2026-10-11 03:55:00,PT5M,0.0,0.0,0.0,0.0,0.0
0,0,0,0,22,0.14,98.2,1.3,278,2026-10-11 04:00:00,PT5M,0.0,0.0,0.0,0.0,0.0
0,0,0,0,22,0.14,98.2,1.3,279,2026-10-11 04:05:00,PT5M,0.0,0.0,0.0,0.0,0.0
0,0,0,0,22,0.14,98.2,1.3,280,2026-10-11 04:10:00,PT5M,0.0,0.0,0.0,0.0,0.0
0,0,0,0,22,0.14,98.2,1.2,281,2026-10-11 04:15:00,PT5M,0.0,0.0,0.0,0.0,0.0
0,0,0,0,22,0.14,98.2,1.2,282,2026-10-11 04:20:00,PT5M,0.0,0.0,0.0,0.0,0.0
0,0,0,0,22,0.14,98.2,1.2,283,2026-10-11 04:25:00,PT5M,0.0,0.0,0.0,0.0,0.0
0,0,0,0,22,0.14,98.2,1.2,285,2026-10-11 04:30:00,PT5M,0.0,0.0,0.0,0.0,0.0
0,0,0,0,22,0.14,98.2,1.1,286,2026-10-11 04:35:00,PT5M,0.0,0.0,0.0,0.0,0.0
0,0,0,0,22,0.14,98.2,1.1,288,2026-10-11 04:40:00,PT5M,0.0,0.0,0.0,0.0,0.0
0,0,0,0,22,0.14,98.2,1.1,290,2026-10-11 04:45:00,PT5M,0.0,0.0,0.0,0.0,0.0
0,0,0,0,22,0.14,98.2,1.1,292,2026-10-11 04:50:00,PT5M,0.0,0.0,0.0,0.0,0.0
0,0,0,0,22,0.14,98.2,1.1,294,2026-10-11 04:55:00,PT5M,0.0,0.0,0.0,0.0,0.0
0,0,0,0,22,0.14,98.2,1.1,297,2026-10-11 05:00:00,PT5M,0.0,0.0,0.0,0.0,0.0
0,0,0,0,22,0.14,98.2,1.1,299,2026-10-11 05:05:00,PT5M,0.0,0.0,0.0,0.0,0.0
0,0,0,0,22,0.14,98.2,1.1,301,2026-10-11 05:10:00,PT5M,0.0,0.0,0.0,0.0,0.0
0,0,0,0,22,0.14,98.2,1.1,303,2026-10-11 05:15:00,PT5M,0.0,0.0,0.0,0.0,0.0
0,0,0,0,22,0.14,98.2,1.1,306,2026-10-11 05:20:00,PT5M,0.0,0.0,0.0,0.0,0.0
0,0,0,0,22,0.14,98.2,1.1,308,2026-10-11 05:25:00,PT5M,0.0,0.0,0.0,0.0,0.0
0,0,0,0,22,0.14,98.2,1.1,310,2026-10-11 05:30:00,PT5M,0.0,0.0,0.0,0.0,0.0
0,0,0,0,22,0.14,98.0,1.1,312,2026-10-11 05:35:00,PT5M,0.0,0.0,0.0,0.0,0.0
0,0,0,0,23,0.14,97.5,1.0,314,2026-10-11 05:40:00,PT5M,0.0,0.0,0.0,0.0,0.0
0,0,0,0,23,0.14,97.1,1.0,316,2026-10-11 05:45:00,PT5M,0.0,0.0,0.0,0.0,0.0
0,0,0,0,23,0.14,96.6,1.0,318,2026-10-11 05:50:00,PT5M,0.0,0.0,0.0,0.0,0.0
0,0,0,0,23,0.14,96.2,1.0,320,2026-10-11 05:55:00,PT5M,0.0,0.0,0.0,0.0,0.0
5,5,0,5,23,0.14,95.8,1.0,322,2026-10-11 06:00:00,PT5M,0.0,0.0085,0.0045,0.0,0.0
13,13,0,13,23,0.14,95.3,1.0,324,2026-10-11 06:05:00,PT5M,1.098,1.7295,1.4304,0.7656,0.4665
22,23,0,23,23,0.14,94.9,1.0,326,2026-10-11 06:10:00,PT5M,2.38,3.716,3.0831,1.6769,1.044
34,33,30,31,23,0.14,94.5,1.0,328,2026-10-11 06:15:00,PT5M,4.021,6.3675,5.256,2.786,1.6745
46,45,64,39,23,0.14,94.0,1.0,331,2026-10-11 06:20:00,PT5M,6.153,9.7895,8.0669,4.2391,2.5165
60,58,95,47,23,0.14,93.6,1.0,333,2026-10-11 06:25:00,PT5M,8.705,13.7925,11.3826,6.0274,3.6175
75,73,129,54,24,0.14,93.2,1.0,335,2026-10-11 06:30:00,PT5M,11.878,18.6165,15.4245,8.3315,5.1395
91,89,164,61,24,0.14,92.8,1.0,337,2026-10-11 06:35:00,PT5M,15.31,23.805,19.781,10.839,6.815
109,105,198,68,24,0.14,92.3,1.0,339,2026-10-11 06:40:00,PT5M,18.965,29.2455,24.3757,13.5543,8.6845
126,122,230,74,24,0.14,91.8,1.0,341,2026-10-11 06:45:00,PT5M,22.862,34.9195,29.2079,16.5161,10.8045
145,140,262,80,24,0.14,91.4,1.0,343,2026-10-11 06:50:00,PT5M,26.924,40.78,34.2165,19.6315,13.068
164,159,293,86,24,0.14,90.9,1.0,345,2026-10-11 06:55:00,PT5M,31.227,46.957,39.5058,22.9482,15.497
183,177,317,91,24,0.14,90.5,1.0,347,2026-10-11 07:00:00,PT5M,35.457,53.161,44.7747,26.1393,17.753
202,195,337,97,24,0.14,90.0,1.0,349,2026-10-11 07:05:00,PT5M,39.672,59.4895,50.1021,29.2419,19.8545
220,214,356,102,25,0.14,89.6,1.0,351,2026-10-11 07:10:00,PT5M,44.019,65.9745,55.5743,32.4637,22.0635
239,232,374,108,25,0.14,89.1,1.0,353,2026-10-11 07:15:00,PT5M,48.404,72.5205,61.0967,35.7113,24.2875
258,251,391,113,25,0.14,88.7,1.0,355,2026-10-11 07:20:00,PT5M,52.788,79.077,66.6241,38.9519,26.499
277,269,407,118,25,0.14,88.3,1.0,357,2026-10-11 07:25:00,PT5M,57.173,85.6385,72.1546,42.1914,28.7075
296,288,422,123,25,0.14,87.8,1.0,359,2026-10-11 07:30:00,PT5M,61.56,92.2145,77.6937,45.4263,30.9055
315,306,435,127,25,0.14,87.4,1.0,1,2026-10-11 07:35:00,PT5M,65.893,98.791,83.2075,48.5785,32.995
333,324,446,132,25,0.14,87.0,1.0,3,2026-10-11 07:40:00,PT5M,69.786,100.0,88.2049,51.3671,34.7895
352,343,457,137,25,0.14,86.6,1.0,5,2026-10-11 07:45:00,PT5M,71.775,100.0,90.5797,52.9703,36.0455
370,361,467,142,25,0.14,86.3,1.0,6,2026-10-11 07:50:00,PT5M,73.664,100.0,92.8305,54.4975,37.247
388,378,476,146,26,0.14,85.9,1.0,8,2026-10-11 07:55:00,PT5M,75.445,100.0,94.9465,55.9435,38.3915
406,396,485,150,26,0.14,85.5,1.1,10,2026-10-11 08:00:00,PT5M,77.108,100.0,96.915,57.301,39.474
423,413,493,155,26,0.14,85.1,1.1,12,2026-10-11 08:05:00,PT5M,78.611,100.0,98.6815,58.5405,40.4765
441,430,500,159,26,0.14,84.8,1.1,13,2026-10-11 08:10:00,PT5M,79.944,100.0,100.0,59.6567,41.3975
458,447,506,164,26,0.14,84.4,1.1,15,2026-10-11 08:15:00,PT5M,81.133,100.0,100.0,60.6718,42.256
474,464,512,168,26,0.14,84.0,1.1,16,2026-10-11 08:20:00,PT5M,82.17,100.0,100.0,61.5911,43.0695
491,480,517,173,26,0.14,83.6,1.1,18,2026-10-11 08:25:00,PT5M,83.082,100.0,100.0,62.4184,43.8205
507,496,521,177,26,0.14,83.3,1.2,19,2026-10-11 08:30:00,PT5M,83.924,100.0,100.0,63.1912,44.531
523,512,526,181,26,0.14,82.9,1.2,21,2026-10-11 08:35:00,PT5M,84.783,100.0,100.0,63.9983,45.2915
539,528,532,185,27,0.14,82.5,1.2,22,2026-10-11 08:40:00,PT5M,85.663,100.0,100.0,64.8126,46.0465
555,543,538,189,27,0.14,82.1,1.2,23,2026-10-11 08:45:00,PT5M,86.491,100.0,100.0,65.6156,46.827
570,559,543,192,27,0.14,81.7,1.3,24,2026-10-11 08:50:00,PT5M,87.278,100.0,100.0,66.3868,47.584
586,574,548,195,27,0.14,81.3,1.3,25,2026-10-11 08:55:00,PT5M,88.083,100.0,100.0,67.1862,48.3785
601,589,553,199,27,0.14,80.9,1.3,26,2026-10-11 09:00:00,PT5M,88.788,100.0,100.0,68.0423,49.3705
616,604,559,201,27,0.14,80.5,1.4,27,2026-10-11 09:05:00,PT5M,89.569,100.0,100.0,68.9759,50.4415
631,619,565,204,27,0.14,80.1,1.4,28,2026-10-11 09:10:00,PT5M,90.326,100.0,100.0,69.8834,51.4845
646,633,571,206,27,0.14,79.7,1.4,29,2026-10-11 09:15:00,PT5M,91.048,100.0,100.0,70.7531,52.487
660,648,577,208,27,0.14,79.4,1.4,30,2026-10-11 09:20:00,PT5M,91.737,100.0,100.0,71.5868,53.451
674,662,582,210,28,0.14,79.0,1.5,30,2026-10-11 09:25:00,PT5M,92.395,100.0,100.0,72.3864,54.378
688,675,588,212,28,0.14,78.6,1.5,31,2026-10-11 09:30:00,PT5M,93.024,100.0,100.0,73.1538,55.27
701,688,592,214,28,0.14,78.2,1.5,32,2026-10-11 09:35:00,PT5M,93.556,100.0,100.0,73.8208,56.0585
713,700,595,217,28,0.14,77.8,1.6,33,2026-10-11 09:40:00,PT5M,93.997,100.0,100.0,74.3936,56.75
725,711,597,220,28,0.14,77.5,1.6,34,2026-10-11 09:45:00,PT5M,94.391,100.0,100.0,74.9145,57.385
736,722,598,223,28,0.14,77.1,1.6,35,2026-10-11 09:50:00,PT5M,94.728,100.0,100.0,75.3725,57.952
746,732,599,226,28,0.14,76.7,1.6,35,2026-10-11 09:55:00,PT5M,95.044,100.0,100.0,75.8048,58.489
756,742,600,229,28,0.14,76.4,1.7,36,2026-10-11 10:00:00,PT5M,95.338,100.0,100.0,76.2096,58.9935
766,752,601,232,28,0.14,76.0,1.7,37,2026-10-11 10:05:00,PT5M,95.599,100.0,100.0,76.5764,59.4555
774,761,601,235,29,0.14,75.6,1.7,38,2026-10-11 10:10:00,PT5M,95.829,100.0,100.0,76.9072,59.877
783,769,600,238,29,0.14,75.3,1.7,38,2026-10-11 10:15:00,PT5M,96.037,100.0,100.0,77.212,60.269
791,777,600,241,29,0.14,74.9,1.8,39,2026-10-11 10:20:00,PT5M,96.225,100.0,100.0,77.4927,60.633
799,785,600,244,29,0.14,74.6,1.8,40,2026-10-11 10:25:00,PT5M,96.393,100.0,100.0,77.7499,60.9705
806,792,599,247,29,0.14,74.2,1.8,40,2026-10-11 10:30:00,PT5M,96.544,100.0,100.0,77.9864,61.284
812,798,598,250,29,0.14,73.8,1.9,41,2026-10-11 10:35:00,PT5M,96.615,100.0,100.0,78.1195,61.473
817,803,595,254,29,0.14,73.5,1.9,42,2026-10-11 10:40:00,PT5M,96.605,100.0,100.0,78.1466,61.5335
822,808,592,257,29,0.14,73.1,1.9,42,2026-10-11 10:45:00,PT5M,96.572,100.0,100.0,78.1441,61.5585
826,812,588,261,29,0.14,72.8,2.0,43,2026-10-11 10:50:00,PT5M,96.517,100.0,100.0,78.1123,61.5475
829,816,585,264,30,0.14,72.5,2.0,43,2026-10-11 10:55:00,PT5M,96.429,100.0,100.0,78.028,61.4665
833,819,581,268,30,0.14,72.1,2.1,44,2026-10-11 11:00:00,PT5M,96.336,100.0,100.0,77.9466,61.3955
835,822,578,271,30,0.14,71.8,2.1,44,2026-10-11 11:05:00,PT5M,96.239,100.0,100.0,77.8648,61.3275
838,824,575,274,30,0.14,71.4,2.1,45,2026-10-11 11:10:00,PT5M,96.126,100.0,100.0,77.7584,61.227
839,826,572,277,30,0.14,71.1,2.2,45,2026-10-11 11:15:00,PT5M,95.988,100.0,100.0,77.6167,61.082
841,827,568,280,30,0.14,70.8,2.2,46,2026-10-11 11:20:00,PT5M,95.829,100.0,100.0,77.4485,60.9055
841,828,565,282,30,0.14,70.4,2.3,46,2026-10-11 11:25:00,PT5M,95.649,100.0,100.0,77.254,60.698
842,828,561,285,30,0.14,70.1,2.3,47,2026-10-11 11:30:00,PT5M,95.447,100.0,100.0,77.0334,60.4605
840,826,554,289,30,0.14,70.0,2.3,47,2026-10-11 11:35:00,PT5M,95.072,100.0,100.0,76.6044,59.983
835,822,543,295,30,0.14,70.3,2.3,46,2026-10-11 11:40:00,PT5M,94.526,100.0,100.0,75.97,59.269
831,818,532,300,30,0.14,70.5,2.3,46,2026-10-11 11:45:00,PT5M,94.003,100.0,100.0,75.3533,58.568
825,813,521,305,30,0.14,70.8,2.3,46,2026-10-11 11:50:00,PT5M,93.408,100.0,100.0,74.6601,57.7865
820,807,510,310,30,0.14,71.0,2.3,45,2026-10-11 11:55:00,PT5M,92.829,100.0,100.0,73.9783,57.012
813,801,500,315,30,0.14,71.2,2.3,45,2026-10-11 12:00:00,PT5M,92.303,100.0,100.0,73.3449,56.282
807,795,488,320,30,0.14,71.5,2.3,45,2026-10-11 12:05:00,PT5M,91.738,100.0,100.0,72.667,55.5025
799,788,476,325,30,0.14,71.7,2.2,45,2026-10-11 12:10:00,PT5M,91.132,100.0,100.0,71.9434,54.673
791,780,464,330,30,0.14,71.9,2.2,44,2026-10-11 12:15:00,PT5M,90.498,100.0,100.0,71.1881,53.8085
783,772,452,335,30,0.14,72.2,2.2,44,2026-10-11 12:20:00,PT5M,89.835,100.0,100.0,70.4003,52.9085
774,764,440,339,30,0.14,72.4,2.2,44,2026-10-11 12:25:00,PT5M,89.142,100.0,100.0,69.5797,51.973
765,755,429,343,30,0.14,72.7,2.2,43,2026-10-11 12:30:00,PT5M,88.419,100.0,100.0,68.7267,51.003
756,746,417,347,30,0.14,72.9,2.2,43,2026-10-11 12:35:00,PT5M,87.664,100.0,100.0,67.8483,50.0135
746,736,405,350,30,0.14,73.2,2.2,43,2026-10-11 12:40:00,PT5M,86.875,100.0,100.0,66.9416,49.001
736,726,393,353,29,0.14,73.4,2.1,43,2026-10-11 12:45:00,PT5M,86.039,100.0,100.0,65.9796,47.9255
725,716,382,356,29,0.14,73.7,2.1,43,2026-10-11 12:50:00,PT5M,85.177,100.0,100.0,64.9929,46.8265
715,706,370,358,29,0.14,73.9,2.1,42,2026-10-11 12:55:00,PT5M,84.306,100.0,100.0,64.0053,45.734
703,695,359,361,29,0.14,74.2,2.1,42,2026-10-11 13:00:00,PT5M,83.343,100.0,100.0,62.9199,44.5385
692,684,348,362,29,0.14,74.4,2.1,42,2026-10-11 13:05:00,PT5M,82.387,100.0,100.0,61.8347,43.337
681,673,337,363,29,0.14,74.7,2.1,42,2026-10-11 13:10:00,PT5M,81.407,100.0,100.0,60.7239,42.1085
669,661,327,363,29,0.14,74.9,2.0,42,2026-10-11 13:15:00,PT5M,80.39,100.0,100.0,59.5743,40.8395
657,650,317,363,29,0.14,75.2,2.0,41,2026-10-11 13:20:00,PT5M,79.34,100.0,100.0,58.3909,39.536
645,638,307,363,29,0.14,75.4,2.0,41,2026-10-11 13:25:00,PT5M,78.258,100.0,99.3408,57.1752,38.2
633,626,297,362,29,0.14,75.7,2.0,41,2026-10-11 13:30:00,PT5M,77.141,100.0,98.3583,55.9237,36.8275
618,611,283,362,29,0.14,75.9,2.0,41,2026-10-11 13:35:00,PT5M,75.687,100.0,97.0974,54.2766,35.0065
600,594,266,363,29,0.14,76.1,2.0,40,2026-10-11 13:40:00,PT5M,73.892,100.0,95.5509,52.2331,32.7395
583,577,249,363,29,0.14,76.3,2.0,40,2026-10-11 13:45:00,PT5M,72.057,100.0,93.9601,50.1539,30.4405
565,560,233,363,29,0.14,76.6,1.9,40,2026-10-11 13:50:00,PT5M,70.181,100.0,92.3235,48.0385,28.1095
548,543,217,362,29,0.14,76.8,1.9,39,2026-10-11 13:55:00,PT5M,68.245,100.0,90.6225,45.8675,25.727
531,526,201,360,29,0.14,77.0,1.9,39,2026-10-11 14:00:00,PT5M,66.289,100.0,88.8976,43.6804,23.332
513,509,186,358,28,0.14,77.2,1.9,38,2026-10-11 14:05:00,PT5M,64.282,100.0,87.1164,41.4476,20.896
496,492,171,355,28,0.14,77.4,1.9,38,2026-10-11 14:10:00,PT5M,62.215,100.0,85.2704,39.1596,18.409
478,475,156,352,28,0.14,77.7,1.9,38,2026-10-11 14:15:00,PT5M,60.117,100.0,83.3892,36.8448,15.899
461,459,142,348,28,0.14,77.9,1.9,37,2026-10-11 14:20:00,PT5M,57.989,100.0,81.4812,34.4968,13.353
444,442,129,344,28,0.14,78.1,1.9,37,2026-10-11 14:25:00,PT5M,55.833,100.0,79.535,32.131,10.7985
427,425,115,339,28,0.14,78.3,1.9,36,2026-10-11 14:30:00,PT5M,53.652,99.0695,77.5556,29.7484,8.2345
413,411,106,333,28,0.14,78.6,1.9,36,2026-10-11 14:35:00,PT5M,52.033,97.6855,76.0602,28.0058,6.3805
401,399,100,327,28,0.14,78.9,1.8,36,2026-10-11 14:40:00,PT5M,50.61,96.095,74.5491,26.6709,5.125
389,387,94,320,28,0.14,79.2,1.8,35,2026-10-11 14:45:00,PT5M,49.154,94.497,73.0183,25.2897,3.811
377,376,89,314,28,0.14,79.5,1.8,35,2026-10-11 14:50:00,PT5M,47.729,92.907,71.5065,23.9515,2.551
365,364,84,307,28,0.14,79.8,1.8,34,2026-10-11 14:55:00,PT5M,46.278,91.2705,69.9579,22.5981,1.2855
353,352,79,300,28,0.14,80.2,1.8,34,2026-10-11 15:00:00,PT5M,44.793,89.577,68.3631,21.2229,0.009
341,340,73,293,28,0.14,80.5,1.8,33,2026-10-11 15:05:00,PT5M,43.206,87.719,66.6335,19.7785,0.0
328,327,66,286,28,0.14,80.8,1.8,33,2026-10-11 15:10:00,PT5M,41.504,85.6755,64.7518,18.2562,0.0
316,315,59,279,28,0.14,81.1,1.8,33,2026-10-11 15:15:00,PT5M,39.746,83.5375,62.7938,16.6982,0.0
303,303,52,272,28,0.14,81.4,1.8,32,2026-10-11 15:20:00,PT5M,37.94,81.3075,60.7646,15.1154,0.0
290,290,45,264,27,0.14,81.7,1.8,32,2026-10-11 15:25:00,PT5M,36.086,78.9775,58.6601,13.5119,0.0
278,277,37,256,27,0.14,82.1,1.8,31,2026-10-11 15:30:00,PT5M,34.177,76.531,56.4682,11.8858,0.0
265,265,31,248,27,0.14,82.3,1.7,31,2026-10-11 15:35:00,PT5M,32.749,74.449,54.696,10.802,0.0
253,253,25,240,27,0.14,82.6,1.7,31,2026-10-11 15:40:00,PT5M,31.013,71.956,52.5616,9.4644,0.0
241,241,19,232,27,0.14,82.8,1.7,31,2026-10-11 15:45:00,PT5M,29.23,69.323,50.3312,8.1288,0.0
229,230,12,223,27,0.14,83.1,1.7,31,2026-10-11 15:50:00,PT5M,27.399,66.556,48.0076,6.7904,0.0
217,218,6,215,27,0.14,83.3,1.7,31,2026-10-11 15:55:00,PT5M,25.519,63.6635,45.5947,5.4433,0.0
205,206,0,206,27,0.14,83.5,1.7,30,2026-10-11 16:00:00,PT5M,23.63,60.657,43.1176,4.1424,0.0
193,194,0,194,27,0.14,83.8,1.7,30,2026-10-11 16:05:00,PT5M,22.26,58.219,41.1855,3.3345,0.0
182,182,0,182,27,0.14,84.0,1.7,30,2026-10-11 16:10:00,PT5M,21.158,55.3955,39.1774,3.1386,0.0
170,171,0,171,27,0.14,84.3,1.7,30,2026-10-11 16:15:00,PT5M,20.087,51.9815,36.8733,3.3007,0.0
159,160,0,160,27,0.14,84.5,1.6,30,2026-10-11 16:20:00,PT5M,18.901,48.498,34.4781,3.3239,0.0
148,148,0,148,27,0.14,84.8,1.6,30,2026-10-11 16:25:00,PT5M,17.661,44.9805,32.0394,3.2826,0.0
136,137,0,137,27,0.14,85.0,1.6,30,2026-10-11 16:30:00,PT5M,16.388,41.4495,29.578,3.198,0.0
125,126,0,126,27,0.14,85.3,1.6,29,2026-10-11 16:35:00,PT5M,15.065,37.88,27.0727,3.0573,0.0
114,114,0,114,27,0.14,85.5,1.6,29,2026-10-11 16:40:00,PT5M,13.708,34.3015,24.5465,2.8695,0.0
103,103,0,103,27,0.14,85.8,1.6,28,2026-10-11 16:45:00,PT5M,12.357,30.768,22.0468,2.6672,0.0
92,92,0,92,26,0.14,86.0,1.6,28,2026-10-11 16:50:00,PT5M,11.015,27.3105,19.5914,2.4386,0.0
81,81,0,81,26,0.14,86.3,1.6,27,2026-10-11 16:55:00,PT5M,9.664,23.948,17.1818,2.1462,0.0
70,70,0,70,26,0.14,86.5,1.6,27,2026-10-11 17:00:00,PT5M,8.35,20.7225,14.8617,1.8383,0.0
60,60,0,60,26,0.14,86.8,1.6,26,2026-10-11 17:05:00,PT5M,7.003,17.5075,12.5316,1.4744,0.0
51,51,0,51,26,0.14,87.1,1.6,26,2026-10-11 17:10:00,PT5M,5.813,14.5125,10.3916,1.2344,0.0
42,42,0,42,26,0.14,87.3,1.5,25,2026-10-11 17:15:00,PT5M,4.723,11.6505,8.369,1.077,0.0
33,33,0,33,26,0.14,87.6,1.5,25,2026-10-11 17:20:00,PT5M,3.635,8.9175,6.4152,0.8548,0.0
26,26,0,26,26,0.14,87.8,1.5,24,2026-10-11 17:25:00,PT5M,2.661,6.432,4.6457,0.6763,0.0
19,19,0,19,26,0.14,88.1,1.5,23,2026-10-11 17:30:00,PT5M,1.842,4.373,3.1741,0.5099,0.0
13,13,0,13,26,0.14,88.3,1.5,23,2026-10-11 17:35:00,PT5M,1.097,2.547,1.8601,0.3339,0.0
8,8,0,8,26,0.14,88.4,1.5,22,2026-10-11 17:40:00,PT5M,0.411,1.1165,0.7823,0.0397,0.0
4,4,0,4,26,0.14,88.5,1.4,22,2026-10-11 17:45:00,PT5M,0.0,0.099,0.0521,0.0,0.0
0,0,0,0,26,0.14,88.7,1.4,21,2026-10-11 17:50:00,PT5M,0.0,0.0,0.0,0.0,0.0
0,0,0,0,26,0.14,88.8,1.4,21,2026-10-11 17:55:00,PT5M,0.0,0.0,0.0,0.0,0.0
0,0,0,0,26,0.14,88.9,1.3,20,2026-10-11 18:00:00,PT5M,0.0,0.0,0.0,0.0,0.0
0,0,0,0,26,0.14,89.1,1.3,19,2026-10-11 18:05:00,PT5M,0.0,0.0,0.0,0.0,0.0
0,0,0,0,26,0.14,89.2,1.3,19,2026-10-11 18:10:00,PT5M,0.0,0.0,0.0,0.0,0.0
0,0,0,0,26,0.14,89.3,1.2,18,2026-10-11 18:15:00,PT5M,0.0,0.0,0.0,0.0,0.0
0,0,0,0,26,0.14,89.5,1.2,17,2026-10-11 18:20:00,PT5M,0.0,0.0,0.0,0.0,0.0
0,0,0,0,26,0.14,89.6,1.2,17,2026-10-11 18:25:00,PT5M,0.0,0.0,0.0,0.0,0.0
0,0,0,0,25,0.14,89.7,1.2,16,2026-10-11 18:30:00,PT5M,0.0,0.0,0.0,0.0,0.0
0,0,0,0,25,0.14,89.9,1.1,15,2026-10-11 18:35:00,PT5M,0.0,0.0,0.0,0.0,0.0
0,0,0,0,25,0.14,90.1,1.1,14,2026-10-11 18:40:00,PT5M,0.0,0.0,0.0,0.0,0.0
0,0,0,0,25,0.14,90.2,1.1,13,2026-10-11 18:45:00,PT5M,0.0,0.0,0.0,0.0,0.0
0,0,0,0,25,0.14,90.4,1.0,12,2026-10-11 18:50:00,PT5M,0.0,0.0,0.0,0.0,0.0
0,0,0,0,25,0.14,90.6,1.0,11,2026-10-11 18:55:00,PT5M,0.0,0.0,0.0,0.0,0.0
0,0,0,0,25,0.14,90.8,1.0,10,2026-10-11 19:00:00,PT5M,0.0,0.0,0.0,0.0,0.0
0,0,0,0,25,0.14,91.0,0.9,8,2026-10-11 19:05:00,PT5M,0.0,0.0,0.0,0.0,0.0
0,0,0,0,25,0.14,91.1,0.9,7,2026-10-11 19:10:00,PT5M,0.0,0.0,0.0,0.0,0.0
0,0,0,0,25,0.14,91.3,0.9,6,2026-10-11 19:15:00,PT5M,0.0,0.0,0.0,0.0,0.0
0,0,0,0,25,0.14,91.5,0.9,4,2026-10-11 19:20:00,PT5M,0.0,0.0,0.0,0.0,0.0
0,0,0,0,25,0.14,91.7,0.8,3,2026-10-11 19:25:00,PT5M,0.0,0.0,0.0,0.0,0.0
0,0,0,0,25,0.14,91.9,0.8,1,2026-10-11 19:30:00,PT5M,0.0,0.0,0.0,0.0,0.0
0,0,0,0,25,0.14,92.0,0.8,359,2026-10-11 19:35:00,PT5M,0.0,0.0,0.0,0.0,0.0
0,0,0,0,25,0.14,92.1,0.8,357,2026-10-11 19:40:00,PT5M,0.0,0.0,0.0,0.0,0.0
0,0,0,0,25,0.14,92.2,0.8,355,2026-10-11 19:45:00,PT5M,0.0,0.0,0.0,0.0,0.0
0,0,0,0,25,0.14,92.3,0.7,353,2026-10-11 19:50:00,PT5M,0.0,0.0,0.0,0.0,0.0
0,0,0,0,25,0.14,92.4,0.7,351,2026-10-11 19:55:00,PT5M,0.0,0.0,0.0,0.0,0.0
0,0,0,0,25,0.14,92.5,0.7,349,2026-10-11 20:00:00,PT5M,0.0,0.0,0.0,0.0,0.0
0,0,0,0,25,0.14,92.5,0.7,347,2026-10-11 20:05:00,PT5M,0.0,0.0,0.0,0.0,0.0
0,0,0,0,25,0.14,92.6,0.7,344,2026-10-11 20:10:00,PT5M,0.0,0.0,0.0,0.0,0.0
0,0,0,0,25,0.14,92.7,0.7,342,2026-10-11 20:15:00,PT5M,0.0,0.0,0.0,0.0,0.0
0,0,0,0,25,0.14,92.8,0.7,340,2026-10-11 20:20:00,PT5M,0.0,0.0,0.0,0.0,0.0
0,0,0,0,25,0.14,92.9,0.7,337,2026-10-11 20:25:00,PT5M,0.0,0.0,0.0,0.0,0.0
0,0,0,0,25,0.14,93.0,0.7,335,2026-10-11 20:30:00,PT5M,0.0,0.0,0.0,0.0,0.0
0,0,0,0,25,0.14,93.1,0.7,332,2026-10-11 20:35:00,PT5M,0.0,0.0,0.0,0.0,0.0
0,0,0,0,25,0.14,93.3,0.7,328,2026-10-11 20:40:00,PT5M,0.0,0.0,0.0,0.0,0.0
0,0,0,0,25,0.14,93.4,0.7,325,2026-10-11 20:45:00,PT5M,0.0,0.0,0.0,0.0,0.0
0,0,0,0,25,0.14,93.5,0.7,321,2026-10-11 20:50:00,PT5M,0.0,0.0,0.0,0.0,0.0
0,0,0,0,24,0.14,93.7,0.7,317,2026-10-11 20:55:00,PT5M,0.0,0.0,0.0,0.0,0.0
0,0,0,0,24,0.14,93.8,0.7,314,2026-10-11 21:00:00,PT5M,0.0,0.0,0.0,0.0,0.0
0,0,0,0,24,0.14,93.9,0.7,310,2026-10-11 21:05:00,PT5M,0.0,0.0,0.0,0.0,0.0
0,0,0,0,24,0.14,94.1,0.7,307,2026-10-11 21:10:00,PT5M,0.0,0.0,0.0,0.0,0.0
0,0,0,0,24,0.14,94.2,0.7,304,2026-10-11 21:15:00,PT5M,0.0,0.0,0.0,0.0,0.0
0,0,0,0,24,0.14,94.4,0.7,300,2026-10-11 21:20:00,PT5M,0.0,0.0,0.0,0.0,0.0
0,0,0,0,24,0.14,94.5,0.7,297,2026-10-11 21:25:00,PT5M,0.0,0.0,0.0,0.0,0.0
0,0,0,0,24,0.14,94.7,0.8,295,2026-10-11 21:30:00,PT5M,0.0,0.0,0.0,0.0,0.0
0,0,0,0,24,0.14,94.8,0.8,292,2026-10-11 21:35:00,PT5M,0.0,0.0,0.0,0.0,0.0
0,0,0,0,24,0.14,94.9,0.8,290,2026-10-11 21:40:00,PT5M,0.0,0.0,0.0,0.0,0.0
0,0,0,0,24,0.14,95.1,0.8,287,2026-10-11 21:45:00,PT5M,0.0,0.0,0.0,0.0,0.0
0,0,0,0,24,0.14,95.2,0.8,285,2026-10-11 21:50:00,PT5M,0.0,0.0,0.0,0.0,0.0
0,0,0,0,24,0.14,95.4,0.8,283,2026-10-11 21:55:00,PT5M,0.0,0.0,0.0,0.0,0.0
0,0,0,0,24,0.14,95.5,0.9,281,2026-10-11 22:00:00,PT5M,0.0,0.0,0.0,0.0,0.0
0,0,0,0,24,0.14,95.7,0.9,279,2026-10-11 22:05:00,PT5M,0.0,0.0,0.0,0.0,0.0
0,0,0,0,24,0.14,95.8,0.9,277,2026-10-11 22:10:00,PT5M,0.0,0.0,0.0,0.0,0.0
0,0,0,0,24,0.14,95.9,0.9,275,2026-10-11 22:15:00,PT5M,0.0,0.0,0.0,0.0,0.0
0,0,0,0,24,0.14,96.1,0.9,274,2026-10-11 22:20:00,PT5M,0.0,0.0,0.0,0.0,0.0
0,0,0,0,24,0.14,96.2,1.0,272,2026-10-11 22:25:00,PT5M,0.0,0.0,0.0,0.0,0.0
0,0,0,0,24,0.14,96.4,1.0,271,2026-10-11 22:30:00,PT5M,0.0,0.0,0.0,0.0,0.0
0,0,0,0,24,0.14,96.5,1.0,270,2026-10-11 22:35:00,PT5M,0.0,0.0,0.0,0.0,0.0
0,0,0,0,24,0.14,96.7,1.0,269,2026-10-11 22:40:00,PT5M,0.0,0.0,0.0,0.0,0.0
0,0,0,0,24,0.14,96.9,1.1,268,2026-10-11 22:45:00,PT5M,0.0,0.0,0.0,0.0,0.0
0,0,0,0,24,0.14,97.1,1.1,267,2026-10-11 22:50:00,PT5M,0.0,0.0,0.0,0.0,0.0
0,0,0,0,24,0.14,97.3,1.1,266,2026-10-11 22:55:00,PT5M,0.0,0.0,0.0,0.0,0.0
0,0,0,0,24,0.14,97.5,1.1,265,2026-10-11 23:00:00,PT5M,0.0,0.0,0.0,0.0,0.0
0,0,0,0,23,0.14,97.7,1.2,265,2026-10-11 23:05:00,PT5M,0.0,0.0,0.0,0.0,0.0
0,0,0,0,23,0.14,97.9,1.2,264,2026-10-11 23:10:00,PT5M,0.0,0.0,0.0,0.0,0.0
0,0,0,0,23,0.14,98.1,1.2,263,2026-10-11 23:15:00,PT5M,0.0,0.0,0.0,0.0,0.0
0,0,0,0,23,0.14,98.3,1.2,263,2026-10-11 23:20:00,PT5M,0.0,0.0,0.0,0.0,0.0
0,0,0,0,23,0.14,98.5,1.3,262,2026-10-11 23:25:00,PT5M,0.0,0.0,0.0,0.0,0.0
0,0,0,0,23,0.14,98.7,1.3,262,2026-10-11 23:30:00,PT5M,0.0,0.0,0.0,0.0,0.0
0,0,0,0,23,0.14,98.8,1.3,261,2026-10-11 23:35:00,PT5M,0.0,0.0,0.0,0.0,0.0
0,0,0,0,23,0.14,98.7,1.3,261,2026-10-11 23:40:00,PT5M,0.0,0.0,0.0,0.0,0.0
0,0,0,0,23,0.14,98.7,1.3,261,2026-10-11 23:45:00,PT5M,0.0,0.0,0.0,0.0,0.0
0,0,0,0,23,0.14,98.6,1.3,261,2026-10-11 23:50:00,PT5M,0.0,0.0,0.0,0.0,0.0
0,0,0,0,23,0.14,98.6,1.3,261,2026-10-11 23:55:00,PT5M,0.0,0.0,0.0,0.0,0.0
0,0,0,0,23,0.14,98.5,1.3,261,2026-10-12 00:00:00,PT5M,0.0,0.0,0.0,0.0,0.0
0,0,0,0,23,0.14,98.5,1.3,261,2026-10-12 00:05:00,PT5M,0.0,0.0,0.0,0.0,0.0
0,0,0,0,23,0.14,98.4,1.3,261,2026-10-12 00:10:00,PT5M,0.0,0.0,0.0,0.0,0.0
0,0,0,0,23,0.14,98.4,1.3,261,2026-10-12 00:15:00,PT5M,0.0,0.0,0.0,0.0,0.0
0,0,0,0,23,0.14,98.3,1.3,261,2026-10-12 00:20:00,PT5M,0.0,0.0,0.0,0.0,0.0
0,0,0,0,23,0.14,98.3,1.3,261,2026-10-12 00:25:00,PT5M,0.0,0.0,0.0,0.0,0.0
0,0,0,0,23,0.14,98.2,1.3,261,2026-10-12 00:30:00,PT5M,0.0,0.0,0.0,0.0,0.0
0,0,0,0,23,0.14,98.2,1.3,261,2026-10-12 00:35:00,PT5M,0.0,0.0,0.0,0.0,0.0
0,0,0,0,23,0.14,98.1,1.3,262,2026-10-12 00:40:00,PT5M,0.0,0.0,0.0,0.0,0.0
0,0,0,0,23,0.14,98.1,1.3,262,2026-10-12 00:45:00,PT5M,0.0,0.0,0.0,0.0,0.0
0,0,0,0,23,0.14,98.0,1.3,262,2026-10-12 00:50:00,PT5M,0.0,0.0,0.0,0.0,0.0
0,0,0,0,23,0.14,98.0,1.3,263,2026-10-12 00:55:00,PT5M,0.0,0.0,0.0,0.0,0.0
0,0,0,0,23,0.14,97.9,1.3,263,2026-10-12 01:00:00,PT5M,0.0,0.0,0.0,0.0,0.0
0,0,0,0,23,0.14,97.9,1.3,263,2026-10-12 01:05:00,PT5M,0.0,0.0,0.0,0.0,0.0
0,0,0,0,23,0.14,97.8,1.2,264,2026-10-12 01:10:00,PT5M,0.0,0.0,0.0,0.0,0.0
0,0,0,0,23,0.14,97.8,1.2,264,2026-10-12 01:15:00,PT5M,0.0,0.0,0.0,0.0,0.0
0,0,0,0,23,0.14,97.7,1.2,264,2026-10-12 01:20:00,PT5M,0.0,0.0,0.0,0.0,0.0
0,0,0,0,23,0.14,97.7,1.2,265,2026-10-12 01:25:00,PT5M,0.0,0.0,0.0,0.0,0.0
0,0,0,0,23,0.14,97.6,1.2,265,2026-10-12 01:30:00,PT5M,0.0,0.0,0.0,0.0,0.0
0,0,0,0,23,0.14,97.6,1.2,265,2026-10-12 01:35:00,PT5M,0.0,0.0,0.0,0.0,0.0
0,0,0,0,23,0.14,97.6,1.2,266,2026-10-12 01:40:00,PT5M,0.0,0.0,0.0,0.0,0.0
0,0,0,0,23,0.14,97.6,1.2,266,2026-10-12 01:45:00,PT5M,0.0,0.0,0.0,0.0,0.0
0,0,0,0,23,0.14,97.6,1.2,267,2026-10-12 01:50:00,PT5M,0.0,0.0,0.0,0.0,0.0
0,0,0,0,23,0.14,97.6,1.2,267,2026-10-12 01:55:00,PT5M,0.0,0.0,0.0,0.0,0.0
0,0,0,0,23,0.14,97.6,1.2,267,2026-10-12 02:00:00,PT5M,0.0,0.0,0.0,0.0,0.0
0,0,0,0,23,0.14,97.6,1.2,268,2026-10-12 02:05:00,PT5M,0.0,0.0,0.0,0.0,0.0
0,0,0,0,23,0.14,97.6,1.2,268,2026-10-12 02:10:00,PT5M,0.0,0.0,0.0,0.0,0.0
0,0,0,0,23,0.14,97.6,1.2,269,2026-10-12 02:15:00,PT5M,0.0,0.0,0.0,0.0,0.0
0,0,0,0,23,0.14,97.6,1.2,269,2026-10-12 02:20:00,PT5M,0.0,0.0,0.0,0.0,0.0
0,0,0,0,23,0.14,97.6,1.2,269,2026-10-12 02:25:00,PT5M,0.0,0.0,0.0,0.0,0.0
0,0,0,0,23,0.14,97.6,1.2,270,2026-10-12 02:30:00,PT5M,0.0,0.0,0.0,0.0,0.0
0,0,0,0,23,0.14,97.6,1.2,270,2026-10-12 02:35:00,PT5M,0.0,0.0,0.0,0.0,0.0
0,0,0,0,23,0.14,97.7,1.2,271,2026-10-12 02:40:00,PT5M,0.0,0.0,0.0,0.0,0.0
0,0,0,0,23,0.14,97.7,1.2,271,2026-10-12 02:45:00,PT5M,0.0,0.0,0.0,0.0,0.0
0,0,0,0,23,0.14,97.8,1.2,271,2026-10-12 02:50:00,PT5M,0.0,0.0,0.0,0.0,0.0
0,0,0,0,23,0.14,97.8,1.2,272,2026-10-12 02:55:00,PT5M,0.0,0.0,0.0,0.0,0.0
0,0,0,0,23,0.14,97.9,1.2,272,2026-10-12 03:00:00,PT5M,0.0,0.0,0.0,0.0,0.0
0,0,0,0,23,0.14,97.9,1.1,273,2026-10-12 03:05:00,PT5M,0.0,0.0,0.0,0.0,0.0
0,0,0,0,23,0.14,98.0,1.1,273,2026-10-12 03:10:00,PT5M,0.0,0.0,0.0,0.0,0.0
0,0,0,0,23,0.14,98.0,1.1,274,2026-10-12 03:15:00,PT5M,0.0,0.0,0.0,0.0,0.0
0,0,0,0,23,0.14,98.1,1.1,274,2026-10-12 03:20:00,PT5M,0.0,0.0,0.0,0.0,0.0
0,0,0,0,23,0.14,98.1,1.1,274,2026-10-12 03:25:00,PT5M,0.0,0.0,0.0,0.0,0.0
0,0,0,0,23,0.14,98.2,1.1,275,2026-10-12 03:30:00,PT5M,0.0,0.0,0.0,0.0,0.0
0,0,0,0,23,0.14,98.2,1.1,275,2026-10-12 03:35:00,PT5M,0.0,0.0,0.0,0.0,0.0
0,0,0,0,23,0.14,98.3,1.1,275,2026-10-12 03:40:00,PT5M,0.0,0.0,0.0,0.0,0.0
0,0,0,0,23,0.14,98.3,1.1,275,2026-10-12 03:45:00,PT5M,0.0,0.0,0.0,0.0,0.0
0,0,0,0,23,0.14,98.4,1.1,275,2026-10-12 03:50:00,PT5M,0.0,0.0,0.0,0.0,0.0
0,0,0,0,23,0.14,98.4,1.1,275,2026-10-12 03:55:00,PT5M,0.0,0.0,0.0,0.0,0.0
0,0,0,0,23,0.14,98.5,1.1,275,2026-10-12 04:00:00,PT5M,0.0,0.0,0.0,0.0,0.0
0,0,0,0,23,0.14,98.5,1.1,275,2026-10-12 04:05:00,PT5M,0.0,0.0,0.0,0.0,0.0
0,0,0,0,23,0.14,98.6,1.1,275,2026-10-12 04:10:00,PT5M,0.0,0.0,0.0,0.0,0.0
0,0,0,0,23,0.14,98.6,1.1,275,2026-10-12 04:15:00,PT5M,0.0,0.0,0.0,0.0,0.0
0,0,0,0,23,0.14,98.7,1.1,275,2026-10-12 04:20:00,PT5M,0.0,0.0,0.0,0.0,0.0
0,0,0,0,23,0.14,98.7,1.1,275,2026-10-12 04:25:00,PT5M,0.0,0.0,0.0,0.0,0.0
0,0,0,0,23,0.14,98.8,1.1,275,2026-10-12 04:30:00,PT5M,0.0,0.0,0.0,0.0,0.0
0,0,0,0,23,0.14,98.8,1.1,275,2026-10-12 04:35:00,PT5M,0.0,0.0,0.0,0.0,0.0
0,0,0,0,23,0.14,98.8,1.1,276,2026-10-12 04:40:00,PT5M,0.0,0.0,0.0,0.0,0.0
0,0,0,0,23,0.14,98.8,1.1,276,2026-10-12 04:45:00,PT5M,0.0,0.0,0.0,0.0,0.0
0,0,0,0,23,0.14,98.8,1.1,277,2026-10-12 04:50:00,PT5M,0.0,0.0,0.0,0.0,0.0
0,0,0,0,23,0.14,98.8,1.1,277,2026-10-12 04:55:00,PT5M,0.0,0.0,0.0,0.0,0.0
0,0,0,0,23,0.14,98.8,1.1,278,2026-10-12 05:00:00,PT5M,0.0,0.0,0.0,0.0,0.0
0,0,0,0,23,0.14,98.8,1.1,278,2026-10-12 05:05:00,PT5M,0.0,0.0,0.0,0.0,0.0
0,0,0,0,23,0.14,98.8,1.1,279,2026-10-12 05:10:00,PT5M,0.0,0.0,0.0,0.0,0.0
0,0,0,0,23,0.14,98.8,1.0,279,2026-10-12 05:15:00,PT5M,0.0,0.0,0.0,0.0,0.0
0,0,0,0,23,0.14,98.8,1.0,280,2026-10-12 05:20:00,PT5M,0.0,0.0,0.0,0.0,0.0
0,0,0,0,23,0.14,98.8,1.0,280,2026-10-12 05:25:00,PT5M,0.0,0.0,0.0,0.0,0.0
0,0,0,0,23,0.14,98.8,1.0,281,2026-10-12 05:30:00,PT5M,0.0,0.0,0.0,0.0,0.0
0,0,0,0,23,0.14,98.5,1.0,282,2026-10-12 05:35:00,PT5M,0.0,0.0,0.0,0.0,0.0
0,0,0,0,23,0.14,97.8,1.0,283,2026-10-12 05:40:00,PT5M,0.0,0.0,0.0,0.0,0.0
0,0,0,0,23,0.14,97.2,0.9,285,2026-10-12 05:45:00,PT5M,0.0,0.0,0.0,0.0,0.0
0,0,0,0,23,0.14,96.5,0.9,286,2026-10-12 05:50:00,PT5M,0.0,0.0,0.0,0.0,0.0
0,0,0,0,23,0.14,95.9,0.9,288,2026-10-12 05:55:00,PT5M,0.0,0.0,0.0,0.0,0.0
5,5,0,5,23,0.14,95.3,0.9,290,2026-10-12 06:00:00,PT5M,0.0,0.0,0.0,0.0,0.0
13,13,0,13,23,0.14,94.7,0.8,291,2026-10-12 06:05:00,PT5M,1.039,1.6385,1.3545,0.7235,0.4395
22,22,0,22,24,0.14,94.1,0.8,293,2026-10-12 06:10:00,PT5M,2.28,3.5125,2.9287,1.6313,1.0475
33,32,18,31,24,0.14,93.4,0.8,295,2026-10-12 06:15:00,PT5M,3.795,5.918,4.9124,2.6776,1.672
45,44,52,39,24,0.14,92.8,0.8,298,2026-10-12 06:20:00,PT5M,5.841,9.1105,7.5618,4.1202,2.5715
59,57,85,47,24,0.14,92.2,0.8,300,2026-10-12 06:25:00,PT5M,8.383,13.049,10.8387,5.9273,3.717
74,72,122,54,24,0.14,91.6,0.7,302,2026-10-12 06:30:00,PT5M,11.617,17.8825,14.9146,8.3194,5.3515
91,88,162,61,24,0.14,91.0,0.7,305,2026-10-12 06:35:00,PT5M,15.187,23.1935,19.4009,10.9731,7.1805
109,105,201,68,24,0.14,90.5,0.7,309,2026-10-12 06:40:00,PT5M,19.056,28.868,24.2201,13.8919,9.244
128,123,239,73,24,0.14,89.9,0.7,312,2026-10-12 06:45:00,PT5M,23.227,34.8605,29.3498,17.1042,11.5935
147,142,277,79,24,0.14,89.3,0.7,315,2026-10-12 06:50:00,PT5M,27.654,41.1475,34.7557,20.5523,14.1605
168,162,314,83,25,0.14,88.7,0.7,319,2026-10-12 06:55:00,PT5M,32.281,47.7245,40.409,24.153,16.8375
188,181,344,88,25,0.14,88.1,0.7,322,2026-10-12 07:00:00,PT5M,36.907,54.453,46.1416,27.6724,19.361
207,200,367,93,25,0.14,87.6,0.7,326,2026-10-12 07:05:00,PT5M,41.363,60.996,51.696,31.03,21.73
226,218,386,98,25,0.14,87.0,0.7,329,2026-10-12 07:10:00,PT5M,45.77,67.4685,57.1901,34.3499,24.0715
245,237,404,103,25,0.14,86.5,0.7,333,2026-10-12 07:15:00,PT5M,50.209,73.9915,62.7259,37.6921,26.4265
264,256,420,108,25,0.14,85.9,0.7,336,2026-10-12 07:20:00,PT5M,54.64,80.5155,68.2585,41.0215,28.7645
283,274,435,112,25,0.14,85.3,0.7,339,2026-10-12 07:25:00,PT5M,59.067,87.0375,73.7881,44.3459,31.0965
302,293,449,117,25,0.14,84.8,0.7,343,2026-10-12 07:30:00,PT5M,63.494,93.57,79.3232,47.6648,33.418
321,312,462,121,26,0.14,84.3,0.7,346,2026-10-12 07:35:00,PT5M,67.946,100.0,84.9139,50.9781,35.7065
340,330,475,126,26,0.14,83.8,0.8,349,2026-10-12 07:40:00,PT5M,71.99,100.0,89.986,53.994,37.797
359,349,487,130,26,0.14,83.3,0.8,351,2026-10-12 07:45:00,PT5M,74.068,100.0,92.404,55.732,39.229
378,368,499,134,26,0.14,82.8,0.8,354,2026-10-12 07:50:00,PT5M,76.049,100.0,94.7008,57.3972,40.61
397,386,510,137,26,0.14,82.3,0.8,356,2026-10-12 07:55:00,PT5M,77.927,100.0,96.8685,58.9855,41.9375
415,404,521,141,26,0.14,81.8,0.8,359,2026-10-12 08:00:00,PT5M,79.689,100.0,98.8903,60.4877,43.206
434,423,531,145,26,0.14,81.3,0.9,1,2026-10-12 08:05:00,PT5M,81.351,100.0,100.0,61.9184,44.4285
452,441,541,148,26,0.14,80.9,0.9,3,2026-10-12 08:10:00,PT5M,82.894,100.0,100.0,63.2654,45.599
471,459,551,151,26,0.14,80.4,0.9,5,2026-10-12 08:15:00,PT5M,84.346,100.0,100.0,64.5661,46.7635
489,477,560,154,27,0.14,79.9,0.9,7,2026-10-12 08:20:00,PT5M,85.562,100.0,100.0,65.6863,47.7975
506,494,568,157,27,0.14,79.4,1.0,9,2026-10-12 08:25:00,PT5M,86.641,100.0,100.0,66.7013,48.755
524,511,576,159,27,0.14,79.0,1.0,11,2026-10-12 08:30:00,PT5M,87.641,100.0,100.0,67.6574,49.6715
540,527,581,163,27,0.14,78.5,1.0,12,2026-10-12 08:35:00,PT5M,88.415,100.0,100.0,68.3711,50.331
556,543,584,167,27,0.14,78.0,1.1,14,2026-10-12 08:40:00,PT5M,88.977,100.0,100.0,68.9189,50.866
570,558,586,171,27,0.14,77.5,1.1,16,2026-10-12 08:45:00,PT5M,89.492,100.0,100.0,69.4281,51.37
585,572,588,175,27,0.14,77.0,1.1,18,2026-10-12 08:50:00,PT5M,89.969,100.0,100.0,69.9085,51.8535
599,586,589,180,27,0.14,76.5,1.2,19,2026-10-12 08:55:00,PT5M,90.41,100.0,100.0,70.3761,52.345
613,600,590,184,27,0.14,76.1,1.2,21,2026-10-12 09:00:00,PT5M,90.817,100.0,100.0,70.9584,53.085
627,614,592,188,28,0.14,75.6,1.3,22,2026-10-12 09:05:00,PT5M,91.282,100.0,100.0,71.5997,53.885
641,627,594,191,28,0.14,75.1,1.3,23,2026-10-12 09:10:00,PT5M,91.717,100.0,100.0,72.2078,54.649
654,640,595,195,28,0.14,74.6,1.3,25,2026-10-12 09:15:00,PT5M,92.124,100.0,100.0,72.7846,55.3785
666,653,596,199,28,0.14,74.2,1.4,26,2026-10-12 09:20:00,PT5M,92.505,100.0,100.0,73.3322,56.076
679,665,597,203,28,0.14,73.7,1.4,27,2026-10-12 09:25:00,PT5M,92.862,100.0,100.0,73.852,56.7425
691,677,598,206,28,0.14,73.2,1.5,28,2026-10-12 09:30:00,PT5M,93.195,100.0,100.0,74.3443,57.378
703,689,601,209,28,0.14,72.8,1.5,29,2026-10-12 09:35:00,PT5M,93.642,100.0,100.0,74.9641,58.1535
716,702,606,211,28,0.14,72.4,1.5,29,2026-10-12 09:40:00,PT5M,94.201,100.0,100.0,75.711,59.0695
729,714,610,212,29,0.14,72.0,1.6,30,2026-10-12 09:45:00,PT5M,94.715,100.0,100.0,76.409,59.933
741,726,614,214,29,0.14,71.5,1.6,30,2026-10-12 09:50:00,PT5M,95.168,100.0,100.0,77.0404,60.725
752,737,617,216,29,0.14,71.1,1.6,31,2026-10-12 09:55:00,PT5M,95.597,100.0,100.0,77.6433,61.4845
763,748,620,218,29,0.14,70.7,1.7,32,2026-10-12 10:00:00,PT5M,96.002,100.0,100.0,78.217,62.21
774,759,624,219,29,0.14,70.3,1.7,32,2026-10-12 10:05:00,PT5M,96.384,100.0,100.0,78.7643,62.906
784,769,627,221,29,0.14,69.9,1.8,33,2026-10-12 10:10:00,PT5M,96.744,100.0,100.0,79.2856,63.5725
794,779,630,222,29,0.14,69.5,1.8,33,2026-10-12 10:15:00,PT5M,97.08,100.0,100.0,79.779,64.2075
803,788,632,224,29,0.14,69.1,1.8,33,2026-10-12 10:20:00,PT5M,97.393,100.0,100.0,80.2456,64.8125
812,797,635,225,29,0.14,68.7,1.9,34,2026-10-12 10:25:00,PT5M,97.684,100.0,100.0,80.6869,65.389
820,805,637,226,30,0.14,68.3,1.9,34,2026-10-12 10:30:00,PT5M,97.954,100.0,100.0,81.104,65.9385
828,813,639,228,30,0.14,67.9,2.0,35,2026-10-12 10:35:00,PT5M,98.145,100.0,100.0,81.4174,66.362
834,819,639,230,30,0.14,67.5,2.0,35,2026-10-12 10:40:00,PT5M,98.255,100.0,100.0,81.6234,66.6545
840,825,638,232,30,0.14,67.2,2.0,36,2026-10-12 10:45:00,PT5M,98.341,100.0,100.0,81.7984,66.9095
846,830,638,234,30,0.14,66.8,2.1,36,2026-10-12 10:50:00,PT5M,98.403,100.0,100.0,81.9401,67.123
851,835,637,236,30,0.14,66.4,2.1,37,2026-10-12 10:55:00,PT5M,98.435,100.0,100.0,82.0303,67.2655
855,840,637,237,30,0.14,66.0,2.1,37,2026-10-12 11:00:00,PT5M,98.458,100.0,100.0,82.1214,67.418
860,844,636,239,30,0.14,65.6,2.2,38,2026-10-12 11:05:00,PT5M,98.468,100.0,100.0,82.203,67.564
863,847,635,241,30,0.14,65.3,2.2,38,2026-10-12 11:10:00,PT5M,98.455,100.0,100.0,82.25,67.665
866,850,634,243,31,0.14,64.9,2.2,38,2026-10-12 11:15:00,PT5M,98.419,100.0,100.0,82.2624,67.721
869,853,633,244,31,0.14,64.5,2.3,39,2026-10-12 11:20:00,PT5M,98.362,100.0,100.0,82.247,67.743
871,855,631,246,31,0.14,64.2,2.3,39,2026-10-12 11:25:00,PT5M,98.286,100.0,100.0,82.2065,67.7345
872,856,630,247,31,0.14,63.8,2.3,40,2026-10-12 11:30:00,PT5M,98.188,100.0,100.0,82.1385,67.6935
872,856,626,250,31,0.14,63.8,2.3,40,2026-10-12 11:35:00,PT5M,97.979,100.0,100.0,81.9327,67.4905
870,854,619,254,31,0.14,64.1,2.3,39,2026-10-12 11:40:00,PT5M,97.661,100.0,100.0,81.591,67.1275
867,852,612,257,31,0.14,64.5,2.2,38,2026-10-12 11:45:00,PT5M,97.321,100.0,100.0,81.2205,66.7295
864,849,605,261,31,0.14,64.8,2.2,38,2026-10-12 11:50:00,PT5M,96.959,100.0,100.0,80.8216,66.2975
861,846,598,264,31,0.14,65.1,2.2,37,2026-10-12 11:55:00,PT5M,96.621,100.0,100.0,80.4399,65.8765
857,842,591,268,30,0.14,65.5,2.1,37,2026-10-12 12:00:00,PT5M,96.33,100.0,100.0,80.0987,65.49
852,837,582,272,30,0.14,65.8,2.1,36,2026-10-12 12:05:00,PT5M,95.988,100.0,100.0,79.6967,65.034
846,832,573,277,30,0.14,66.2,2.1,35,2026-10-12 12:10:00,PT5M,95.592,100.0,100.0,79.2312,64.506
840,826,563,282,30,0.14,66.5,2.0,35,2026-10-12 12:15:00,PT5M,95.171,100.0,100.0,78.735,63.942
833,819,553,286,30,0.14,66.9,2.0,34,2026-10-12 12:20:00,PT5M,94.722,100.0,100.0,78.2044,63.338
826,813,543,290,30,0.14,67.2,1.9,33,2026-10-12 12:25:00,PT5M,94.246,100.0,100.0,77.6418,62.6975
819,805,533,295,30,0.14,67.6,1.9,32,2026-10-12 12:30:00,PT5M,93.798,100.0,100.0,77.1022,62.0755
809,796,519,300,30,0.14,68.0,1.9,31,2026-10-12 12:35:00,PT5M,93.095,100.0,100.0,76.2682,61.1235
797,785,503,307,30,0.14,68.4,1.8,30,2026-10-12 12:40:00,PT5M,92.185,100.0,100.0,75.1871,59.8885
785,773,486,313,30,0.14,68.8,1.8,29,2026-10-12 12:45:00,PT5M,91.232,100.0,100.0,74.0518,58.589
773,761,470,319,30,0.14,69.2,1.7,28,2026-10-12 12:50:00,PT5M,90.252,100.0,100.0,72.8918,57.267
760,749,454,324,30,0.14,69.6,1.7,27,2026-10-12 12:55:00,PT5M,89.259,100.0,100.0,71.7303,55.954
747,736,438,329,29,0.14,70.0,1.7,26,2026-10-12 13:00:00,PT5M,88.218,100.0,100.0,70.5104,54.573
734,724,424,332,29,0.14,70.4,1.6,24,2026-10-12 13:05:00,PT5M,87.17,100.0,100.0,69.2777,53.174
721,711,411,334,29,0.14,70.8,1.6,23,2026-10-12 13:10:00,PT5M,86.125,100.0,100.0,68.0477,51.7775
708,698,398,336,29,0.14,71.2,1.6,22,2026-10-12 13:15:00,PT5M,85.043,100.0,100.0,66.7783,50.3395
695,685,386,338,29,0.14,71.6,1.5,20,2026-10-12 13:20:00,PT5M,83.927,100.0,100.0,65.4739,48.8655
681,672,373,339,29,0.14,72.0,1.5,18,2026-10-12 13:25:00,PT5M,82.776,100.0,100.0,64.1334,47.3545
668,659,361,339,29,0.14,72.5,1.5,17,2026-10-12 13:30:00,PT5M,81.52,100.0,100.0,62.6872,45.737
651,643,345,341,29,0.14,72.8,1.4,15,2026-10-12 13:35:00,PT5M,79.993,100.0,99.0645,60.9215,43.7565
632,624,324,344,29,0.14,73.2,1.4,13,2026-10-12 13:40:00,PT5M,78.118,100.0,97.4735,58.7625,41.342
614,606,305,345,29,0.14,73.5,1.4,12,2026-10-12 13:45:00,PT5M,76.2,100.0,95.8368,56.5632,38.8895
595,588,285,346,29,0.14,73.9,1.3,10,2026-10-12 13:50:00,PT5M,74.241,100.0,94.1562,54.3258,36.4015
576,570,267,347,28,0.14,74.3,1.3,8,2026-10-12 13:55:00,PT5M,72.239,100.0,92.43,52.048,33.8755
557,551,249,346,28,0.14,74.6,1.3,6,2026-10-12 14:00:00,PT5M,70.193,100.0,90.6577,49.7283,31.3095
538,533,231,345,28,0.14,75.0,1.2,3,2026-10-12 14:05:00,PT5M,68.072,100.0,88.8082,47.3358,28.6725
519,515,213,344,28,0.14,75.3,1.2,1,2026-10-12 14:10:00,PT5M,65.873,100.0,86.8779,44.8681,25.963
501,496,196,342,28,0.14,75.7,1.2,359,2026-10-12 14:15:00,PT5M,63.652,100.0,84.9206,42.3834,23.241
482,478,179,339,28,0.14,76.1,1.2,356,2026-10-12 14:20:00,PT5M,61.399,100.0,82.9263,39.8717,20.4965
464,460,163,336,28,0.14,76.5,1.1,354,2026-10-12 14:25:00,PT5M,59.115,100.0,80.8954,37.3346,17.7315
445,442,147,332,28,0.14,76.8,1.1,351,2026-10-12 14:30:00,PT5M,56.803,98.657,78.8311,34.7749,14.949
431,429,139,327,28,0.14,77.2,1.1,349,2026-10-12 14:35:00,PT5M,55.179,97.371,77.385,32.973,12.987
422,419,137,320,28,0.14,77.7,1.1,346,2026-10-12 14:40:00,PT5M,54.237,96.5025,76.4816,31.9924,11.9715
412,409,135,314,28,0.14,78.2,1.1,344,2026-10-12 14:45:00,PT5M,53.266,95.438,75.4614,31.0706,11.094
402,399,134,307,28,0.14,78.6,1.1,342,2026-10-12 14:50:00,PT5M,52.339,94.344,74.4465,30.2315,10.334
392,389,132,300,27,0.14,79.1,1.1,339,2026-10-12 14:55:00,PT5M,51.379,93.252,73.4171,29.3409,9.506
382,379,130,293,27,0.14,79.5,1.1,337,2026-10-12 15:00:00,PT5M,50.385,92.1095,72.3449,28.4251,8.6605
371,369,128,286,27,0.14,80.0,1.1,335,2026-10-12 15:05:00,PT5M,49.337,90.8855,71.2043,27.4697,7.7885
360,358,126,279,27,0.14,80.5,1.1,332,2026-10-12 15:10:00,PT5M,48.225,89.5695,69.9849,26.4651,6.8805
349,347,123,272,27,0.14,81.0,1.1,330,2026-10-12 15:15:00,PT5M,47.061,88.177,68.7006,25.4214,5.945
338,336,120,264,27,0.14,81.4,1.1,328,2026-10-12 15:20:00,PT5M,45.847,86.703,67.3498,24.3442,4.991
327,324,117,257,27,0.14,81.9,1.1,325,2026-10-12 15:25:00,PT5M,44.582,85.1385,65.9272,23.2368,4.0255
315,313,114,249,27,0.14,82.4,1.1,323,2026-10-12 15:30:00,PT5M,43.253,83.459,64.4137,22.0923,3.047
303,301,109,241,27,0.14,82.9,1.1,321,2026-10-12 15:35:00,PT5M,42.069,81.8155,62.9879,21.1501,2.3225
290,288,104,233,27,0.14,83.3,1.2,318,2026-10-12 15:40:00,PT5M,40.524,79.7245,61.1555,19.8925,1.3235
277,276,99,225,27,0.14,83.8,1.2,315,2026-10-12 15:45:00,PT5M,38.91,77.4825,59.211,18.609,0.3375
264,263,94,217,26,0.14,84.2,1.2,313,2026-10-12 15:50:00,PT5M,37.229,75.097,57.1592,17.2988,0.0
252,250,88,209,26,0.14,84.7,1.2,310,2026-10-12 15:55:00,PT5M,35.481,72.5755,55.0041,15.9579,0.0
239,237,82,200,26,0.14,85.1,1.2,308,2026-10-12 16:00:00,PT5M,33.667,69.9325,52.7538,14.5802,0.0
226,224,76,192,26,0.14,85.6,1.3,306,2026-10-12 16:05:00,PT5M,31.845,67.261,50.4847,13.2053,0.0
213,212,70,183,26,0.14,86.1,1.3,304,2026-10-12 16:10:00,PT5M,30.03,63.6855,47.7431,12.3169,0.0
200,199,64,174,26,0.14,86.5,1.3,301,2026-10-12 16:15:00,PT5M,28.068,59.4185,44.568,11.568,0.0
187,186,58,164,26,0.14,87.0,1.3,299,2026-10-12 16:20:00,PT5M,26.038,55.1405,41.3549,10.7211,0.0
174,174,52,155,26,0.14,87.5,1.4,297,2026-10-12 16:25:00,PT5M,23.981,50.866,38.1308,9.8312,0.0
161,161,45,146,26,0.14,88.0,1.4,296,2026-10-12 16:30:00,PT5M,21.915,46.5645,34.8882,8.9418,0.0
149,148,38,136,26,0.14,88.5,1.5,294,2026-10-12 16:35:00,PT5M,19.871,42.337,31.695,8.047,0.0
136,136,30,127,26,0.14,89.0,1.5,293,2026-10-12 16:40:00,PT5M,17.86,38.1615,28.5448,7.1752,0.0
124,124,22,117,26,0.14,89.5,1.5,291,2026-10-12 16:45:00,PT5M,15.968,34.143,25.5336,6.4024,0.0
111,111,13,108,25,0.14,90.1,1.6,290,2026-10-12 16:50:00,PT5M,13.94,30.057,22.4225,5.4575,0.0
98,98,0,98,25,0.14,90.6,1.6,289,2026-10-12 16:55:00,PT5M,11.859,26.0225,19.3134,4.4046,0.0
86,86,0,86,25,0.14,91.1,1.7,288,2026-10-12 17:00:00,PT5M,10.337,22.639,16.8116,3.8624,0.0
74,74,0,74,25,0.14,91.7,1.7,287,2026-10-12 17:05:00,PT5M,8.771,19.2315,14.2764,3.2656,0.0
62,62,0,62,25,0.14,92.2,1.7,286,2026-10-12 17:10:00,PT5M,7.36,15.9855,11.8997,2.8203,0.0
51,51,0,51,25,0.14,92.8,1.8,285,2026-10-12 17:15:00,PT5M,6.032,12.8745,9.6333,2.4307,0.0
41,41,0,41,25,0.14,93.3,1.8,284,2026-10-12 17:20:00,PT5M,4.689,9.863,7.4121,1.9659,0.0
32,32,0,32,25,0.14,93.9,1.9,283,2026-10-12 17:25:00,PT5M,3.486,7.171,5.4254,1.5466,0.0
24,24,0,24,25,0.14,94.5,1.9,282,2026-10-12 17:30:00,PT5M,2.456,4.921,3.7533,1.1587,0.0
16,16,0,16,25,0.14,94.7,1.9,282,2026-10-12 17:35:00,PT5M,1.502,2.947,2.2625,0.7415,0.057
10,10,0,10,25,0.14,94.7,1.9,282,2026-10-12 17:40:00,PT5M,0.623,1.3045,0.9817,0.2643,0.0
4,4,0,4,25,0.14,94.7,1.9,282,2026-10-12 17:45:00,PT5M,0.0,0.064,0.0337,0.0,0.0
0,0,0,0,25,0.14,94.7,1.9,282,2026-10-12 17:50:00,PT5M,0.0,0.0,0.0,0.0,0.0
0,0,0,0,25,0.14,94.7,1.9,282,2026-10-12 17:55:00,PT5M,0.0,0.0,0.0,0.0,0.0
0,0,0,0,25,0.14,94.7,1.9,282,2026-10-12 18:00:00,PT5M,0.0,0.0,0.0,0.0,0.0
0,0,0,0,25,0.14,94.7,1.8,283,2026-10-12 18:05:00,PT5M,0.0,0.0,0.0,0.0,0.0
0,0,0,0,25,0.14,94.7,1.8,283,2026-10-12 18:10:00,PT5M,0.0,0.0,0.0,0.0,0.0
0,0,0,0,25,0.14,94.7,1.8,283,2026-10-12 18:15:00,PT5M,0.0,0.0,0.0,0.0,0.0
0,0,0,0,24,0.14,94.7,1.8,283,2026-10-12 18:20:00,PT5M,0.0,0.0,0.0,0.0,0.0
0,0,0,0,24,0.14,94.7,1.8,283,2026-10-12 18:25:00,PT5M,0.0,0.0,0.0,0.0,0.0
0,0,0,0,24,0.14,94.7,1.8,283,2026-10-12 18:30:00,PT5M,0.0,0.0,0.0,0.0,0.0
0,0,0,0,24,0.14,94.8,1.7,283,2026-10-12 18:35:00,PT5M,0.0,0.0,0.0,0.0,0.0
0,0,0,0,24,0.14,94.8,1.7,283,2026-10-12 18:40:00,PT5M,0.0,0.0,0.0,0.0,0.0
0,0,0,0,24,0.14,94.9,1.7,284,2026-10-12 18:45:00,PT5M,0.0,0.0,0.0,0.0,0.0
0,0,0,0,24,0.14,94.9,1.7,284,2026-10-12 18:50:00,PT5M,0.0,0.0,0.0,0.0,0.0
0,0,0,0,24,0.14,94.9,1.7,284,2026-10-12 18:55:00,PT5M,0.0,0.0,0.0,0.0,0.0
0,0,0,0,24,0.14,95.0,1.7,284,2026-10-12 19:00:00,PT5M,0.0,0.0,0.0,0.0,0.0
0,0,0,0,24,0.14,95.0,1.6,284,2026-10-12 19:05:00,PT5M,0.0,0.0,0.0,0.0,0.0
0,0,0,0,24,0.14,95.1,1.6,284,2026-10-12 19:10:00,PT5M,0.0,0.0,0.0,0.0,0.0
0,0,0,0,24,0.14,95.1,1.6,284,2026-10-12 19:15:00,PT5M,0.0,0.0,0.0,0.0,0.0
0,0,0,0,24,0.14,95.2,1.6,285,2026-10-12 19:20:00,PT5M,0.0,0.0,0.0,0.0,0.0
0,0,0,0,24,0.14,95.2,1.6,285,2026-10-12 19:25:00,PT5M,0.0,0.0,0.0,0.0,0.0
0,0,0,0,24,0.14,95.3,1.6,285,2026-10-12 19:30:00,PT5M,0.0,0.0,0.0,0.0,0.0
0,0,0,0,24,0.14,95.3,1.5,285,2026-10-12 19:35:00,PT5M,0.0,0.0,0.0,0.0,0.0
0,0,0,0,24,0.14,95.4,1.5,286,2026-10-12 19:40:00,PT5M,0.0,0.0,0.0,0.0,0.0
0,0,0,0,24,0.14,95.4,1.5,286,2026-10-12 19:45:00,PT5M,0.0,0.0,0.0,0.0,0.0
0,0,0,0,24,0.14,95.5,1.5,287,2026-10-12 19:50:00,PT5M,0.0,0.0,0.0,0.0,0.0
0,0,0,0,24,0.14,95.5,1.5,287,2026-10-12 19:55:00,PT5M,0.0,0.0,0.0,0.0,0.0
0,0,0,0,24,0.14,95.6,1.5,288,2026-10-12 20:00:00,PT5M,0.0,0.0,0.0,0.0,0.0
0,0,0,0,24,0.14,95.6,1.5,288,2026-10-12 20:05:00,PT5M,0.0,0.0,0.0,0.0,0.0
0,0,0,0,24,0.14,95.7,1.5,289,2026-10-12 20:10:00,PT5M,0.0,0.0,0.0,0.0,0.0
0,0,0,0,24,0.14,95.7,1.4,289,2026-10-12 20:15:00,PT5M,0.0,0.0,0.0,0.0,0.0
0,0,0,0,24,0.14,95.7,1.4,290,2026-10-12 20:20:00,PT5M,0.0,0.0,0.0,0.0,0.0
0,0,0,0,24,0.14,95.8,1.4,290,2026-10-12 20:25:00,PT5M,0.0,0.0,0.0,0.0,0.0
0,0,0,0,24,0.14,95.8,1.4,291,2026-10-12 20:30:00,PT5M,0.0,0.0,0.0,0.0,0.0
0,0,0,0,24,0.14,95.9,1.4,291,2026-10-12 20:35:00,PT5M,0.0,0.0,0.0,0.0,0.0
0,0,0,0,24,0.14,95.9,1.4,291,2026-10-12 20:40:00,PT5M,0.0,0.0,0.0,0.0,0.0
0,0,0,0,24,0.14,96.0,1.4,291,2026-10-12 20:45:00,PT5M,0.0,0.0,0.0,0.0,0.0
0,0,0,0,24,0.14,96.0,1.4,291,2026-10-12 20:50:00,PT5M,0.0,0.0,0.0,0.0,0.0
0,0,0,0,24,0.14,96.1,1.4,292,2026-10-12 20:55:00,PT5M,0.0,0.0,0.0,0.0,0.0
0,0,0,0,24,0.14,96.1,1.4,292,2026-10-12 21:00:00,PT5M,0.0,0.0,0.0,0.0,0.0
0,0,0,0,24,0.14,96.2,1.3,292,2026-10-12 21:05:00,PT5M,0.0,0.0,0.0,0.0,0.0
0,0,0,0,24,0.14,96.2,1.3,292,2026-10-12 21:10:00,PT5M,0.0,0.0,0.0,0.0,0.0
0,0,0,0,24,0.14,96.3,1.3,292,2026-10-12 21:15:00,PT5M,0.0,0.0,0.0,0.0,0.0
0,0,0,0,24,0.14,96.3,1.3,292,2026-10-12 21:20:00,PT5M,0.0,0.0,0.0,0.0,0.0
0,0,0,0,24,0.14,96.4,1.3,292,2026-10-12 21:25:00,PT5M,0.0,0.0,0.0,0.0,0.0
0,0,0,0,24,0.14,96.4,1.3,293,2026-10-12 21:30:00,PT5M,0.0,0.0,0.0,0.0,0.0
0,0,0,0,24,0.14,96.5,1.3,293,2026-10-12 21:35:00,PT5M,0.0,0.0,0.0,0.0,0.0
0,0,0,0,24,0.14,96.5,1.3,293,2026-10-12 21:40:00,PT5M,0.0,0.0,0.0,0.0,0.0
0,0,0,0,23,0.14,96.6,1.3,293,2026-10-12 21:45:00,PT5M,0.0,0.0,0.0,0.0,0.0
0,0,0,0,23,0.14,96.6,1.2,294,2026-10-12 21:50:00,PT5M,0.0,0.0,0.0,0.0,0.0
0,0,0,0,23,0.14,96.7,1.2,294,2026-10-12 21:55:00,PT5M,0.0,0.0,0.0,0.0,0.0
0,0,0,0,23,0.14,96.7,1.2,294,2026-10-12 22:00:00,PT5M,0.0,0.0,0.0,0.0,0.0
0,0,0,0,23,0.14,96.8,1.2,295,2026-10-12 22:05:00,PT5M,0.0,0.0,0.0,0.0,0.0
0,0,0,0,23,0.14,96.8,1.2,295,2026-10-12 22:10:00,PT5M,0.0,0.0,0.0,0.0,0.0
0,0,0,0,23,0.14,96.8,1.2,295,2026-10-12 22:15:00,PT5M,0.0,0.0,0.0,0.0,0.0
0,0,0,0,23,0.14,96.9,1.2,296,2026-10-12 22:20:00,PT5M,0.0,0.0,0.0,0.0,0.0
0,0,0,0,23,0.14,96.9,1.1,296,2026-10-12 22:25:00,PT5M,0.0,0.0,0.0,0.0,0.0
0,0,0,0,23,0.14,97.0,1.1,296,2026-10-12 22:30:00,PT5M,0.0,0.0,0.0,0.0,0.0
0,0,0,0,23,0.14,97.0,1.1,297,2026-10-12 22:35:00,PT5M,0.0,0.0,0.0,0.0,0.0
0,0,0,0,23,0.14,97.1,1.1,298,2026-10-12 22:40:00,PT5M,0.0,0.0,0.0,0.0,0.0
0,0,0,0,23,0.14,97.1,1.1,299,2026-10-12 22:45:00,PT5M,0.0,0.0,0.0,0.0,0.0
0,0,0,0,23,0.14,97.2,1.1,299,2026-10-12 22:50:00,PT5M,0.0,0.0,0.0,0.0,0.0
0,0,0,0,23,0.14,97.2,1.1,300,2026-10-12 22:55:00,PT5M,0.0,0.0,0.0,0.0,0.0
0,0,0,0,23,0.14,97.3,1.1,301,2026-10-12 23:00:00,PT5M,0.0,0.0,0.0,0.0,0.0
0,0,0,0,23,0.14,97.3,1.0,302,2026-10-12 23:05:00,PT5M,0.0,0.0,0.0,0.0,0.0
0,0,0,0,23,0.14,97.4,1.0,303,2026-10-12 23:10:00,PT5M,0.0,0.0,0.0,0.0,0.0
0,0,0,0,23,0.14,97.4,1.0,304,2026-10-12 23:15:00,PT5M,0.0,0.0,0.0,0.0,0.0
0,0,0,0,23,0.14,97.5,1.0,305,2026-10-12 23:20:00,PT5M,0.0,0.0,0.0,0.0,0.0
0,0,0,0,23,0.14,97.5,1.0,305,2026-10-12 23:25:00,PT5M,0.0,0.0,0.0,0.0,0.0
0,0,0,0,23,0.14,97.6,1.0,306,2026-10-12 23:30:00,PT5M,0.0,0.0,0.0,0.0,0.0
0,0,0,0,23,0.14,97.6,1.0,307,2026-10-12 23:35:00,PT5M,0.0,0.0,0.0,0.0,0.0
0,0,0,0,23,0.14,97.6,1.0,307,2026-10-12 23:40:00,PT5M,0.0,0.0,0.0,0.0,0.0
0,0,0,0,23,0.14,97.6,1.0,308,2026-10-12 23:45:00,PT5M,0.0,0.0,0.0,0.0,0.0
0,0,0,0,23,0.14,97.6,1.0,308,2026-10-12 23:50:00,PT5M,0.0,0.0,0.0,0.0,0.0
0,0,0,0,23,0.14,97.6,1.0,309,2026-10-12 23:55:00,PT5M,0.0,0.0,0.0,0.0,0.0
0,0,0,0,23,0.14,97.6,1.0,309,2026-10-13 00:00:00,PT5M,0.0,0.0,0.0,0.0,0.0
0,0,0,0,23,0.14,97.6,1.0,309,2026-10-13 00:05:00,PT5M,0.0,0.0,0.0,0.0,0.0
0,0,0,0,23,0.14,97.6,1.0,310,2026-10-13 00:10:00,PT5M,0.0,0.0,0.0,0.0,0.0
0,0,0,0,23,0.14,97.6,1.0,310,2026-10-13 00:15:00,PT5M,0.0,0.0,0.0,0.0,0.0
0,0,0,0,23,0.14,97.6,1.0,310,2026-10-13 00:20:00,PT5M,0.0,0.0,0.0,0.0,0.0
0,0,0,0,23,0.14,97.6,1.1,311,2026-10-13 00:25:00,PT5M,0.0,0.0,0.0,0.0,0.0
0,0,0,0,23,0.14,97.6,1.1,311,2026-10-13 00:30:00,PT5M,0.0,0.0,0.0,0.0,0.0
0,0,0,0,23,0.14,97.6,1.1,312,2026-10-13 00:35:00,PT5M,0.0,0.0,0.0,0.0,0.0
0,0,0,0,23,0.14,97.6,1.1,312,2026-10-13 00:40:00,PT5M,0.0,0.0,0.0,0.0,0.0
0,0,0,0,23,0.14,97.6,1.1,313,2026-10-13 00:45:00,PT5M,0.0,0.0,0.0,0.0,0.0
0,0,0,0,23,0.14,97.6,1.1,313,2026-10-13 00:50:00,PT5M,0.0,0.0,0.0,0.0,0.0
0,0,0,0,23,0.14,97.6,1.1,314,2026-10-13 00:55:00,PT5M,0.0,0.0,0.0,0.0,0.0
0,0,0,0,23,0.14,97.6,1.1,315,2026-10-13 01:00:00,PT5M,0.0,0.0,0.0,0.0,0.0
0,0,0,0,23,0.14,97.6,1.1,315,2026-10-13 01:05:00,PT5M,0.0,0.0,0.0,0.0,0.0
0,0,0,0,23,0.14,97.6,1.1,316,2026-10-13 01:10:00,PT5M,0.0,0.0,0.0,0.0,0.0
0,0,0,0,23,0.14,97.6,1.1,317,2026-10-13 01:15:00,PT5M,0.0,0.0,0.0,0.0,0.0
0,0,0,0,23,0.14,97.6,1.1,317,2026-10-13 01:20:00,PT5M,0.0,0.0,0.0,0.0,0.0
0,0,0,0,23,0.14,97.6,1.1,318,2026-10-13 01:25:00,PT5M,0.0,0.0,0.0,0.0,0.0
0,0,0,0,23,0.14,97.6,1.1,318,2026-10-13 01:30:00,PT5M,0.0,0.0,0.0,0.0,0.0
0,0,0,0,23,0.14,97.6,1.1,319,2026-10-13 01:35:00,PT5M,0.0,0.0,0.0,0.0,0.0
0,0,0,0,23,0.14,97.6,1.1,319,2026-10-13 01:40:00,PT5M,0.0,0.0,0.0,0.0,0.0
0,0,0,0,23,0.14,97.6,1.1,320,2026-10-13 01:45:00,PT5M,0.0,0.0,0.0,0.0,0.0
0,0,0,0,23,0.14,97.6,1.1,320,2026-10-13 01:50:00,PT5M,0.0,0.0,0.0,0.0,0.0
0,0,0,0,23,0.14,97.6,1.1,320,2026-10-13 01:55:00,PT5M,0.0,0.0,0.0,0.0,0.0
0,0,0,0,23,0.14,97.6,1.1,320,2026-10-13 02:00:00,PT5M,0.0,0.0,0.0,0.0,0.0
0,0,0,0,23,0.14,97.6,1.1,321,2026-10-13 02:05:00,PT5M,0.0,0.0,0.0,0.0,0.0
0,0,0,0,23,0.14,97.6,1.1,321,2026-10-13 02:10:00,PT5M,0.0,0.0,0.0,0.0,0.0
0,0,0,0,23,0.14,97.6,1.1,321,2026-10-13 02:15:00,PT5M,0.0,0.0,0.0,0.0,0.0
0,0,0,0,23,0.14,97.6,1.1,321,2026-10-13 02:20:00,PT5M,0.0,0.0,0.0,0.0,0.0
0,0,0,0,23,0.14,97.6,1.1,322,2026-10-13 02:25:00,PT5M,0.0,0.0,0.0,0.0,0.0
0,0,0,0,23,0.14,97.6,1.1,322,2026-10-13 02:30:00,PT5M,0.0,0.0,0.0,0.0,0.0
0,0,0,0,23,0.14,97.6,1.1,322,2026-10-13 02:35:00,PT5M,0.0,0.0,0.0,0.0,0.0
0,0,0,0,23,0.14,97.7,1.2,323,2026-10-13 02:40:00,PT5M,0.0,0.0,0.0,0.0,0.0
0,0,0,0,23,0.14,97.7,1.2,323,2026-10-13 02:45:00,PT5M,0.0,0.0,0.0,0.0,0.0
0,0,0,0,23,0.14,97.8,1.2,323,2026-10-13 02:50:00,PT5M,0.0,0.0,0.0,0.0,0.0
0,0,0,0,23,0.14,97.8,1.2,323,2026-10-13 02:55:00,PT5M,0.0,0.0,0.0,0.0,0.0
0,0,0,0,23,0.14,97.9,1.2,323,2026-10-13 03:00:00,PT5M,0.0,0.0,0.0,0.0,0.0
0,0,0,0,23,0.14,97.9,1.2,324,2026-10-13 03:05:00,PT5M,0.0,0.0,0.0,0.0,0.0
0,0,0,0,23,0.14,98.0,1.2,324,2026-10-13 03:10:00,PT5M,0.0,0.0,0.0,0.0,0.0
0,0,0,0,23,0.14,98.0,1.2,324,2026-10-13 03:15:00,PT5M,0.0,0.0,0.0,0.0,0.0
0,0,0,0,22,0.14,98.1,1.2,324,2026-10-13 03:20:00,PT5M,0.0,0.0,0.0,0.0,0.0
0,0,0,0,22,0.14,98.1,1.2,325,2026-10-13 03:25:00,PT5M,0.0,0.0,0.0,0.0,0.0
0,0,0,0,22,0.14,98.2,1.2,325,2026-10-13 03:30:00,PT5M,0.0,0.0,0.0,0.0,0.0
0,0,0,0,22,0.14,98.2,1.2,325,2026-10-13 03:35:00,PT5M,0.0,0.0,0.0,0.0,0.0
0,0,0,0,22,0.14,98.2,1.2,326,2026-10-13 03:40:00,PT5M,0.0,0.0,0.0,0.0,0.0
0,0,0,0,22,0.14,98.2,1.3,326,2026-10-13 03:45:00,PT5M,0.0,0.0,0.0,0.0,0.0
0,0,0,0,22,0.14,98.2,1.3,327,2026-10-13 03:50:00,PT5M,0.0,0.0,0.0,0.0,0.0
0,0,0,0,22,0.14,98.2,1.3,327,2026-10-13 03:55:00,PT5M,0.0,0.0,0.0,0.0,0.0
0,0,0,0,22,0.14,98.2,1.3,327,2026-10-13 04:00:00,PT5M,0.0,0.0,0.0,0.0,0.0
0,0,0,0,22,0.14,98.2,1.3,328,2026-10-13 04:05:00,PT5M,0.0,0.0,0.0,0.0,0.0
0,0,0,0,22,0.14,98.2,1.3,328,2026-10-13 04:10:00,PT5M,0.0,0.0,0.0,0.0,0.0
0,0,0,0,22,0.14,98.2,1.3,328,2026-10-13 04:15:00,PT5M,0.0,0.0,0.0,0.0,0.0
0,0,0,0,22,0.14,98.2,1.4,329,2026-10-13 04:20:00,PT5M,0.0,0.0,0.0,0.0,0.0
0,0,0,0,22,0.14,98.2,1.4,329,2026-10-13 04:25:00,PT5M,0.0,0.0,0.0,0.0,0.0
0,0,0,0,22,0.14,98.2,1.4,330,2026-10-13 04:30:00,PT5M,0.0,0.0,0.0,0.0,0.0
0,0,0,0,22,0.14,98.2,1.4,330,2026-10-13 04:35:00,PT5M,0.0,0.0,0.0,0.0,0.0
0,0,0,0,22,0.14,98.1,1.4,330,2026-10-13 04:40:00,PT5M,0.0,0.0,0.0,0.0,0.0
0,0,0,0,22,0.14,98.1,1.4,331,2026-10-13 04:45:00,PT5M,0.0,0.0,0.0,0.0,0.0
0,0,0,0,22,0.14,98.0,1.4,331,2026-10-13 04:50:00,PT5M,0.0,0.0,0.0,0.0,0.0
0,0,0,0,22,0.14,98.0,1.4,332,2026-10-13 04:55:00,PT5M,0.0,0.0,0.0,0.0,0.0
0,0,0,0,22,0.14,97.9,1.4,332,2026-10-13 05:00:00,PT5M,0.0,0.0,0.0,0.0,0.0
0,0,0,0,22,0.14,97.9,1.4,333,2026-10-13 05:05:00,PT5M,0.0,0.0,0.0,0.0,0.0
0,0,0,0,22,0.14,97.8,1.4,333,2026-10-13 05:10:00,PT5M,0.0,0.0,0.0,0.0,0.0
0,0,0,0,22,0.14,97.8,1.4,334,2026-10-13 05:15:00,PT5M,0.0,0.0,0.0,0.0,0.0
0,0,0,0,22,0.14,97.7,1.4,334,2026-10-13 05:20:00,PT5M,0.0,0.0,0.0,0.0,0.0
0,0,0,0,22,0.14,97.7,1.4,335,2026-10-13 05:25:00,PT5M,0.0,0.0,0.0,0.0,0.0
0,0,0,0,22,0.14,97.6,1.4,335,2026-10-13 05:30:00,PT5M,0.0,0.0,0.0,0.0,0.0
0,0,0,0,22,0.14,97.3,1.4,336,2026-10-13 05:35:00,PT5M,0.0,0.0,0.0,0.0,0.0
0,0,0,0,22,0.14,96.6,1.4,336,2026-10-13 05:40:00,PT5M,0.0,0.0,0.0,0.0,0.0
0,0,0,0,23,0.14,96.0,1.4,337,2026-10-13 05:45:00,PT5M,0.0,0.0,0.0,0.0,0.0
0,0,0,0,23,0.14,95.4,1.4,337,2026-10-13 05:50:00,PT5M,0.0,0.0,0.0,0.0,0.0
0,0,0,0,23,0.14,94.7,1.4,338,2026-10-13 05:55:00,PT5M,0.0,0.0,0.0,0.0,0.0
5,5,0,5,23,0.14,94.1,1.4,339,2026-10-13 06:00:00,PT5M,0.036,0.0735,0.0557,0.0163,0.0
14,14,1,14,23,0.14,93.5,1.4,339,2026-10-13 06:05:00,PT5M,1.271,1.949,1.6278,0.9142,0.593
24,24,25,22,23,0.14,92.9,1.4,340,2026-10-13 06:10:00,PT5M,2.671,4.067,3.4057,1.9363,1.275
37,36,65,30,23,0.14,92.3,1.4,341,2026-10-13 06:15:00,PT5M,4.627,7.1345,5.9467,3.3073,2.1195
50,48,100,38,23,0.14,91.7,1.4,341,2026-10-13 06:20:00,PT5M,7.015,10.812,9.0134,5.0166,3.218
64,61,129,45,23,0.14,91.1,1.4,342,2026-10-13 06:25:00,PT5M,9.717,14.923,12.457,6.977,4.511
79,76,160,53,24,0.14,90.5,1.4,343,2026-10-13 06:30:00,PT5M,12.926,19.69,16.4859,9.3661,6.162
95,91,191,60,24,0.14,89.9,1.4,343,2026-10-13 06:35:00,PT5M,16.37,24.758,20.7847,11.9553,7.982
112,108,221,66,24,0.14,89.3,1.3,344,2026-10-13 06:40:00,PT5M,19.954,29.963,25.2218,14.6862,9.945
130,125,249,73,24,0.14,88.6,1.3,345,2026-10-13 06:45:00,PT5M,23.723,35.324,29.8287,17.6173,12.122
148,142,276,79,24,0.14,88.0,1.3,346,2026-10-13 06:50:00,PT5M,27.661,40.862,34.6088,20.7132,14.46
166,160,302,85,24,0.14,87.4,1.3,348,2026-10-13 06:55:00,PT5M,31.731,46.5945,39.5538,23.9082,16.8675
185,178,322,91,24,0.14,86.8,1.3,349,2026-10-13 07:00:00,PT5M,35.739,52.3525,44.4828,26.9952,19.1255
203,196,340,97,24,0.14,86.2,1.3,350,2026-10-13 07:05:00,PT5M,39.894,58.4315,49.6504,30.1376,21.3565
222,215,361,102,25,0.14,85.6,1.3,351,2026-10-13 07:10:00,PT5M,44.371,64.987,55.2213,33.5207,23.755
242,234,380,108,25,0.14,85.0,1.3,352,2026-10-13 07:15:00,PT5M,48.896,71.62,60.8558,36.9362,26.172
261,253,399,113,25,0.14,84.4,1.3,353,2026-10-13 07:20:00,PT5M,53.428,78.276,66.5057,40.3503,28.58
281,272,416,117,25,0.14,83.8,1.3,354,2026-10-13 07:25:00,PT5M,57.969,85.001,72.1961,43.7419,30.937
300,291,432,122,25,0.14,83.2,1.3,355,2026-10-13 07:30:00,PT5M,62.518,91.6995,77.8764,47.1596,33.3365
320,310,446,127,25,0.14,82.6,1.3,356,2026-10-13 07:35:00,PT5M,67.019,98.4005,83.5353,50.5027,35.6375
339,329,459,131,25,0.14,82.0,1.3,357,2026-10-13 07:40:00,PT5M,70.993,100.0,88.5443,53.4417,37.645
358,348,471,136,25,0.14,81.3,1.3,358,2026-10-13 07:45:00,PT5M,73.09,100.0,91.0394,55.1406,38.9855
377,366,482,140,26,0.14,80.7,1.3,359,2026-10-13 07:50:00,PT5M,75.079,100.0,93.399,56.759,40.2705
395,384,493,144,26,0.14,80.0,1.3,1,2026-10-13 07:55:00,PT5M,76.952,100.0,95.6125,58.2915,41.4965
414,403,503,148,26,0.14,79.4,1.3,2,2026-10-13 08:00:00,PT5M,78.699,100.0,97.6679,59.7301,42.6575
432,421,512,152,26,0.14,78.8,1.4,3,2026-10-13 08:05:00,PT5M,80.308,100.0,99.5474,61.0686,43.7525
450,438,521,156,26,0.14,78.2,1.4,4,2026-10-13 08:10:00,PT5M,81.766,100.0,100.0,62.2987,44.7775
468,456,529,160,26,0.14,77.6,1.4,5,2026-10-13 08:15:00,PT5M,83.068,100.0,100.0,63.4183,45.733
485,473,537,164,26,0.14,76.9,1.4,6,2026-10-13 08:20:00,PT5M,84.204,100.0,100.0,64.427,46.627
502,490,543,168,26,0.14,76.3,1.4,7,2026-10-13 08:25:00,PT5M,85.202,100.0,100.0,65.3294,47.4435
519,507,549,172,27,0.14,75.7,1.4,8,2026-10-13 08:30:00,PT5M,86.12,100.0,100.0,66.173,48.22
536,523,555,175,27,0.14,75.2,1.4,9,2026-10-13 08:35:00,PT5M,87.037,100.0,100.0,67.0323,49.0275
552,539,560,179,27,0.14,74.7,1.4,10,2026-10-13 08:40:00,PT5M,87.822,100.0,100.0,67.7734,49.729
568,555,565,183,27,0.14,74.3,1.4,11,2026-10-13 08:45:00,PT5M,88.554,100.0,100.0,68.4709,50.3955
583,570,569,186,27,0.14,73.8,1.4,12,2026-10-13 08:50:00,PT5M,89.24,100.0,100.0,69.1324,51.035
598,585,573,190,27,0.14,73.3,1.4,13,2026-10-13 08:55:00,PT5M,89.884,100.0,100.0,69.7612,51.65
613,599,577,193,27,0.14,72.9,1.4,14,2026-10-13 09:00:00,PT5M,90.487,100.0,100.0,70.33,52.188
628,614,582,196,27,0.14,72.4,1.4,15,2026-10-13 09:05:00,PT5M,91.156,100.0,100.0,71.0629,52.9785
643,629,587,198,28,0.14,71.9,1.5,15,2026-10-13 09:10:00,PT5M,91.81,100.0,100.0,71.8827,53.9475
657,643,592,201,28,0.14,71.5,1.5,16,2026-10-13 09:15:00,PT5M,92.428,100.0,100.0,72.6633,54.8745
671,657,597,203,28,0.14,71.0,1.5,17,2026-10-13 09:20:00,PT5M,93.012,100.0,100.0,73.4065,55.761
685,670,601,206,28,0.14,70.6,1.5,18,2026-10-13 09:25:00,PT5M,93.564,100.0,100.0,74.1146,56.6095
698,683,605,208,28,0.14,70.1,1.5,19,2026-10-13 09:30:00,PT5M,94.086,100.0,100.0,74.7892,57.4215
712,697,612,209,28,0.14,69.7,1.5,20,2026-10-13 09:35:00,PT5M,94.783,100.0,100.0,75.6523,58.434
728,713,623,208,28,0.14,69.2,1.5,20,2026-10-13 09:40:00,PT5M,95.649,100.0,100.0,76.6988,59.643
743,727,634,206,28,0.14,68.7,1.5,21,2026-10-13 09:45:00,PT5M,96.467,100.0,100.0,77.6939,60.7975
757,741,643,206,28,0.14,68.2,1.5,21,2026-10-13 09:50:00,PT5M,97.21,100.0,100.0,78.6087,61.867
771,755,653,204,29,0.14,67.7,1.5,22,2026-10-13 09:55:00,PT5M,97.922,100.0,100.0,79.4881,62.897
785,768,662,203,29,0.14,67.2,1.6,22,2026-10-13 10:00:00,PT5M,98.604,100.0,100.0,80.333,63.8885
798,781,671,201,29,0.14,66.7,1.6,23,2026-10-13 10:05:00,PT5M,99.255,100.0,100.0,81.1429,64.8415
811,794,680,200,29,0.14,66.2,1.6,23,2026-10-13 10:10:00,PT5M,99.877,100.0,100.0,81.9205,65.759
823,806,689,198,29,0.14,65.7,1.6,24,2026-10-13 10:15:00,PT5M,100.0,100.0,100.0,82.1953,66.1705
835,818,698,196,29,0.14,65.3,1.6,24,2026-10-13 10:20:00,PT5M,100.0,100.0,100.0,82.3437,66.4525
847,830,707,194,29,0.14,64.8,1.6,24,2026-10-13 10:25:00,PT5M,100.0,100.0,100.0,82.489,66.7285
858,841,716,191,29,0.14,64.3,1.6,25,2026-10-13 10:30:00,PT5M,100.0,100.0,100.0,82.6311,66.9985
867,850,720,191,30,0.14,63.9,1.7,25,2026-10-13 10:35:00,PT5M,100.0,100.0,100.0,82.7492,67.223
874,857,721,192,30,0.14,63.5,1.7,26,2026-10-13 10:40:00,PT5M,100.0,100.0,100.0,82.8413,67.398
881,863,722,193,30,0.14,63.0,1.7,27,2026-10-13 10:45:00,PT5M,100.0,100.0,100.0,82.9266,67.56
887,869,722,194,30,0.14,62.6,1.7,28,2026-10-13 10:50:00,PT5M,100.0,100.0,100.0,83.0026,67.7045
892,874,722,196,30,0.14,62.2,1.7,28,2026-10-13 10:55:00,PT5M,100.0,100.0,100.0,83.059,67.8115
897,879,722,197,30,0.14,61.8,1.7,29,2026-10-13 11:00:00,PT5M,100.0,100.0,100.0,83.1253,67.9375
901,883,722,198,30,0.14,61.4,1.7,30,2026-10-13 11:05:00,PT5M,100.0,100.0,100.0,83.1934,68.067
905,887,721,200,30,0.14,61.0,1.7,31,2026-10-13 11:10:00,PT5M,100.0,100.0,100.0,83.2492,68.173
908,890,720,201,31,0.14,60.6,1.8,31,2026-10-13 11:15:00,PT5M,100.0,100.0,100.0,83.2945,68.259
911,893,718,203,31,0.14,60.2,1.8,32,2026-10-13 11:20:00,PT5M,100.0,100.0,100.0,83.3334,68.333
913,895,717,204,31,0.14,59.8,1.8,33,2026-10-13 11:25:00,PT5M,100.0,100.0,100.0,83.3663,68.3955
915,897,715,206,31,0.14,59.4,1.8,33,2026-10-13 11:30:00,PT5M,100.0,100.0,100.0,83.3942,68.4485
915,897,712,208,31,0.14,59.3,1.8,34,2026-10-13 11:35:00,PT5M,100.0,100.0,100.0,83.4066,68.472
914,896,707,211,31,0.14,59.6,1.8,35,2026-10-13 11:40:00,PT5M,100.0,100.0,100.0,83.404,68.467
913,895,703,214,31,0.14,59.8,1.7,36,2026-10-13 11:45:00,PT5M,100.0,100.0,100.0,83.3953,68.4505
911,893,698,216,31,0.14,60.1,1.7,37,2026-10-13 11:50:00,PT5M,100.0,100.0,100.0,83.38,68.4215
909,891,692,219,31,0.14,60.4,1.7,38,2026-10-13 11:55:00,PT5M,100.0,100.0,100.0,83.3584,68.3805
906,888,687,222,31,0.14,60.6,1.6,39,2026-10-13 12:00:00,PT5M,100.0,100.0,100.0,83.3303,68.327
902,885,681,224,31,0.14,60.9,1.6,41,2026-10-13 12:05:00,PT5M,100.0,100.0,100.0,83.2961,68.262
898,881,676,227,31,0.14,61.1,1.6,42,2026-10-13 12:10:00,PT5M,100.0,100.0,100.0,83.2561,68.186
893,876,670,229,31,0.14,61.4,1.6,43,2026-10-13 12:15:00,PT5M,100.0,100.0,100.0,83.2097,68.098
888,871,664,232,31,0.14,61.7,1.5,44,2026-10-13 12:20:00,PT5M,100.0,100.0,100.0,83.1576,67.999
883,866,658,234,31,0.14,62.0,1.5,46,2026-10-13 12:25:00,PT5M,99.738,100.0,100.0,82.8383,67.628
877,860,652,236,30,0.14,62.2,1.5,47,2026-10-13 12:30:00,PT5M,99.42,100.0,100.0,82.4576,67.191
870,854,645,238,30,0.14,62.5,1.5,48,2026-10-13 12:35:00,PT5M,99.079,100.0,100.0,82.0366,66.698
863,847,639,240,30,0.14,62.8,1.4,50,2026-10-13 12:40:00,PT5M,98.715,100.0,100.0,81.574,66.1465
855,839,632,242,30,0.14,63.1,1.4,51,2026-10-13 12:45:00,PT5M,98.322,100.0,100.0,81.0699,65.5425
847,831,625,244,30,0.14,63.3,1.4,52,2026-10-13 12:50:00,PT5M,97.911,100.0,100.0,80.55,64.9245
839,823,619,245,30,0.14,63.6,1.4,54,2026-10-13 12:55:00,PT5M,97.488,100.0,100.0,80.0283,64.314
830,815,612,247,30,0.14,63.9,1.3,55,2026-10-13 13:00:00,PT5M,97.034,100.0,100.0,79.4614,63.6455
821,805,605,248,30,0.14,64.2,1.3,56,2026-10-13 13:05:00,PT5M,96.549,100.0,100.0,78.8535,62.927
811,796,598,249,30,0.14,64.5,1.3,58,2026-10-13 13:10:00,PT5M,96.035,100.0,100.0,78.2108,62.1685
801,786,591,250,30,0.14,64.7,1.3,60,2026-10-13 13:15:00,PT5M,95.494,100.0,100.0,77.5375,61.376
791,776,584,251,30,0.14,65.0,1.3,61,2026-10-13 13:20:00,PT5M,94.931,100.0,100.0,76.8392,60.556
780,765,577,251,30,0.14,65.3,1.2,63,2026-10-13 13:25:00,PT5M,94.341,100.0,100.0,76.111,59.7035
769,754,569,252,30,0.14,65.6,1.2,65,2026-10-13 13:30:00,PT5M,93.724,100.0,100.0,75.3532,58.819
753,739,554,255,30,0.14,65.9,1.2,66,2026-10-13 13:35:00,PT5M,92.632,100.0,100.0,74.0594,57.3435
734,721,531,262,30,0.14,66.1,1.2,68,2026-10-13 13:40:00,PT5M,91.062,100.0,100.0,72.2299,55.2805
715,702,509,267,30,0.14,66.4,1.2,70,2026-10-13 13:45:00,PT5M,89.44,100.0,100.0,70.3493,53.167
696,684,487,272,30,0.14,66.6,1.2,71,2026-10-13 13:50:00,PT5M,87.774,100.0,100.0,68.4256,51.0115
677,665,466,277,30,0.14,66.9,1.2,73,2026-10-13 13:55:00,PT5M,86.061,100.0,100.0,66.4558,48.8105
657,646,445,280,30,0.14,67.2,1.2,75,2026-10-13 14:00:00,PT5M,84.301,100.0,100.0,64.4395,46.5635
638,627,424,284,30,0.14,67.4,1.2,76,2026-10-13 14:05:00,PT5M,82.456,100.0,100.0,62.3384,44.232
618,608,403,286,30,0.14,67.7,1.2,78,2026-10-13 14:10:00,PT5M,80.551,100.0,100.0,60.1795,41.8445
598,589,383,288,29,0.14,68.0,1.2,80,2026-10-13 14:15:00,PT5M,78.6,100.0,99.2226,57.9774,39.4165
579,570,363,289,29,0.14,68.2,1.2,81,2026-10-13 14:20:00,PT5M,76.562,100.0,97.4324,55.6916,36.9075
559,551,343,290,29,0.14,68.5,1.2,83,2026-10-13 14:25:00,PT5M,74.527,100.0,95.6417,53.4123,34.4085
540,532,324,290,29,0.14,68.8,1.2,84,2026-10-13 14:30:00,PT5M,72.446,100.0,93.8009,51.0911,31.871
522,515,310,288,29,0.14,69.1,1.2,86,2026-10-13 14:35:00,PT5M,70.656,100.0,92.2122,49.0998,29.6985
507,499,299,284,29,0.14,69.4,1.2,88,2026-10-13 14:40:00,PT5M,69.16,100.0,90.8815,47.4385,27.8885
491,484,289,281,29,0.14,69.7,1.2,90,2026-10-13 14:45:00,PT5M,67.641,100.0,89.4333,45.8487,26.235
476,469,280,276,29,0.14,70.0,1.2,92,2026-10-13 14:50:00,PT5M,66.164,100.0,87.9692,44.3588,24.7335
461,454,270,272,29,0.14,70.3,1.2,94,2026-10-13 14:55:00,PT5M,64.644,100.0,86.4521,42.8359,23.208
445,439,261,267,29,0.14,70.6,1.3,96,2026-10-13 15:00:00,PT5M,63.08,100.0,84.8799,41.2801,21.6595
430,424,251,262,29,0.14,70.9,1.3,98,2026-10-13 15:05:00,PT5M,61.431,100.0,83.2014,39.6606,20.0665
414,408,240,258,29,0.14,71.2,1.3,100,2026-10-13 15:10:00,PT5M,59.682,100.0,81.3677,37.9963,18.4785
398,393,229,253,29,0.14,71.5,1.3,101,2026-10-13 15:15:00,PT5M,57.87,98.942,79.4865,36.2535,16.798
382,377,218,247,29,0.14,71.8,1.3,103,2026-10-13 15:20:00,PT5M,56.042,96.9425,77.5682,34.5158,15.1415
366,361,208,242,29,0.14,72.2,1.3,105,2026-10-13 15:25:00,PT5M,54.105,94.788,75.5168,32.6932,13.422
350,346,196,236,29,0.14,72.5,1.4,106,2026-10-13 15:30:00,PT5M,52.083,92.4855,73.3471,30.8189,11.6805
334,330,185,230,29,0.14,72.8,1.4,108,2026-10-13 15:35:00,PT5M,50.005,90.01,71.0599,28.9501,10.0
318,314,174,223,29,0.14,73.1,1.4,109,2026-10-13 15:40:00,PT5M,47.845,87.36,68.642,27.048,8.33
302,299,162,217,29,0.14,73.4,1.4,111,2026-10-13 15:45:00,PT5M,45.607,84.539,66.0972,25.1168,6.675
286,283,151,210,29,0.14,73.8,1.4,112,2026-10-13 15:50:00,PT5M,43.298,81.559,63.435,23.161,5.037
270,268,139,202,29,0.14,74.1,1.5,114,2026-10-13 15:55:00,PT5M,40.923,78.443,60.67,21.176,3.403
255,252,127,195,28,0.14,74.4,1.5,115,2026-10-13 16:00:00,PT5M,38.491,75.207,57.8149,19.1671,1.775
239,237,115,187,28,0.14,74.8,1.5,116,2026-10-13 16:05:00,PT5M,36.037,71.906,54.9151,17.1589,0.168
224,222,104,179,28,0.14,75.1,1.5,118,2026-10-13 16:10:00,PT5M,33.627,67.59,51.502,15.752,0.0
209,207,93,171,28,0.14,75.4,1.6,119,2026-10-13 16:15:00,PT5M,30.866,62.5025,47.5165,14.2155,0.0
194,192,81,162,28,0.14,75.8,1.6,120,2026-10-13 16:20:00,PT5M,28.132,57.4905,43.5836,12.6804,0.0
179,178,69,153,28,0.14,76.1,1.6,121,2026-10-13 16:25:00,PT5M,25.452,52.559,39.7186,11.1854,0.0
164,164,57,144,28,0.14,76.4,1.6,122,2026-10-13 16:30:00,PT5M,22.838,47.6665,35.9054,9.7706,0.0
150,150,45,135,28,0.14,76.7,1.7,123,2026-10-13 16:35:00,PT5M,20.317,42.924,32.2152,8.4188,0.0
136,136,34,126,28,0.14,77.0,1.7,125,2026-10-13 16:40:00,PT5M,17.904,38.3135,28.6457,7.1623,0.0
123,123,22,117,28,0.14,77.4,1.7,126,2026-10-13 16:45:00,PT5M,15.679,33.9275,25.2833,6.0747,0.0
109,109,8,107,28,0.14,77.7,1.7,127,2026-10-13 16:50:00,PT5M,13.371,29.526,21.8735,4.8685,0.0
95,96,0,96,28,0.14,78.0,1.8,128,2026-10-13 16:55:00,PT5M,11.432,25.5975,18.8874,3.9766,0.0
83,83,0,83,28,0.14,78.3,1.8,129,2026-10-13 17:00:00,PT5M,9.85,22.112,16.3036,3.3964,0.0
70,71,0,71,28,0.14,78.6,1.8,130,2026-10-13 17:05:00,PT5M,8.276,18.685,13.7543,2.7977,0.0
59,59,0,59,28,0.14,78.9,1.9,131,2026-10-13 17:10:00,PT5M,6.887,15.485,11.4122,2.3618,0.0
48,48,0,48,28,0.14,79.2,1.9,132,2026-10-13 17:15:00,PT5M,5.584,12.423,9.1834,1.9846,0.0
38,39,0,39,28,0.14,79.5,1.9,133,2026-10-13 17:20:00,PT5M,4.284,9.471,7.014,1.554,0.0
30,30,0,30,28,0.14,79.8,1.9,134,2026-10-13 17:25:00,PT5M,3.146,6.8625,5.102,1.19,0.0
22,22,0,22,28,0.14,80.1,2.0,135,2026-10-13 17:30:00,PT5M,2.172,4.6575,3.4801,0.8639,0.0
15,15,0,15,28,0.14,80.4,2.0,135,2026-10-13 17:35:00,PT5M,1.282,2.6485,2.0012,0.5628,0.0
9,9,0,9,28,0.14,80.7,1.9,135,2026-10-13 17:40:00,PT5M,0.469,1.0825,0.7919,0.1461,0.0
3,3,0,3,28,0.14,80.9,1.9,135,2026-10-13 17:45:00,PT5M,0.0,0.0125,0.0066,0.0,0.0
0,0,0,0,28,0.14,81.1,1.9,135,2026-10-13 17:50:00,PT5M,0.0,0.0,0.0,0.0,0.0
0,0,0,0,27,0.14,81.4,1.8,135,2026-10-13 17:55:00,PT5M,0.0,0.0,0.0,0.0,0.0
0,0,0,0,27,0.14,81.6,1.8,135,2026-10-13 18:00:00,PT5M,0.0,0.0,0.0,0.0,0.0
0,0,0,0,27,0.14,81.9,1.8,135,2026-10-13 18:05:00,PT5M,0.0,0.0,0.0,0.0,0.0
0,0,0,0,27,0.14,82.1,1.7,135,2026-10-13 18:10:00,PT5M,0.0,0.0,0.0,0.0,0.0
0,0,0,0,27,0.14,82.3,1.7,135,2026-10-13 18:15:00,PT5M,0.0,0.0,0.0,0.0,0.0
0,0,0,0,27,0.14,82.6,1.6,135,2026-10-13 18:20:00,PT5M,0.0,0.0,0.0,0.0,0.0
0,0,0,0,27,0.14,82.8,1.6,135,2026-10-13 18:25:00,PT5M,0.0,0.0,0.0,0.0,0.0
0,0,0,0,27,0.14,83.1,1.6,135,2026-10-13 18:30:00,PT5M,0.0,0.0,0.0,0.0,0.0
0,0,0,0,27,0.14,83.2,1.5,135,2026-10-13 18:35:00,PT5M,0.0,0.0,0.0,0.0,0.0
0,0,0,0,27,0.14,83.4,1.5,135,2026-10-13 18:40:00,PT5M,0.0,0.0,0.0,0.0,0.0
0,0,0,0,27,0.14,83.5,1.5,134,2026-10-13 18:45:00,PT5M,0.0,0.0,0.0,0.0,0.0
0,0,0,0,27,0.14,83.6,1.4,134,2026-10-13 18:50:00,PT5M,0.0,0.0,0.0,0.0,0.0
0,0,0,0,27,0.14,83.7,1.4,134,2026-10-13 18:55:00,PT5M,0.0,0.0,0.0,0.0,0.0
0,0,0,0,27,0.14,83.9,1.3,134,2026-10-13 19:00:00,PT5M,0.0,0.0,0.0,0.0,0.0
0,0,0,0,27,0.14,84.0,1.3,133,2026-10-13 19:05:00,PT5M,0.0,0.0,0.0,0.0,0.0
0,0,0,0,27,0.14,84.1,1.2,133,2026-10-13 19:10:00,PT5M,0.0,0.0,0.0,0.0,0.0
0,0,0,0,27,0.14,84.2,1.2,133,2026-10-13 19:15:00,PT5M,0.0,0.0,0.0,0.0,0.0
0,0,0,0,27,0.14,84.3,1.2,132,2026-10-13 19:20:00,PT5M,0.0,0.0,0.0,0.0,0.0
0,0,0,0,27,0.14,84.5,1.1,132,2026-10-13 19:25:00,PT5M,0.0,0.0,0.0,0.0,0.0
0,0,0,0,27,0.14,84.6,1.1,131,2026-10-13 19:30:00,PT5M,0.0,0.0,0.0,0.0,0.0
0,0,0,0,27,0.14,84.8,1.0,131,2026-10-13 19:35:00,PT5M,0.0,0.0,0.0,0.0,0.0
0,0,0,0,27,0.14,85.0,1.0,131,2026-10-13 19:40:00,PT5M,0.0,0.0,0.0,0.0,0.0
0,0,0,0,27,0.14,85.2,1.0,132,2026-10-13 19:45:00,PT5M,0.0,0.0,0.0,0.0,0.0
0,0,0,0,27,0.14,85.4,0.9,132,2026-10-13 19:50:00,PT5M,0.0,0.0,0.0,0.0,0.0
0,0,0,0,27,0.14,85.6,0.9,132,2026-10-13 19:55:00,PT5M,0.0,0.0,0.0,0.0,0.0
0,0,0,0,27,0.14,85.8,0.8,132,2026-10-13 20:00:00,PT5M,0.0,0.0,0.0,0.0,0.0
0,0,0,0,26,0.14,86.0,0.8,133,2026-10-13 20:05:00,PT5M,0.0,0.0,0.0,0.0,0.0
0,0,0,0,26,0.14,86.2,0.8,133,2026-10-13 20:10:00,PT5M,0.0,0.0,0.0,0.0,0.0
0,0,0,0,26,0.14,86.4,0.7,133,2026-10-13 20:15:00,PT5M,0.0,0.0,0.0,0.0,0.0
0,0,0,0,26,0.14,86.7,0.7,134,2026-10-13 20:20:00,PT5M,0.0,0.0,0.0,0.0,0.0
0,0,0,0,26,0.14,86.9,0.6,134,2026-10-13 20:25:00,PT5M,0.0,0.0,0.0,0.0,0.0
0,0,0,0,26,0.14,87.1,0.6,135,2026-10-13 20:30:00,PT5M,0.0,0.0,0.0,0.0,0.0
0,0,0,0,26,0.14,87.3,0.5,135,2026-10-13 20:35:00,PT5M,0.0,0.0,0.0,0.0,0.0
0,0,0,0,26,0.14,87.5,0.5,135,2026-10-13 20:40:00,PT5M,0.0,0.0,0.0,0.0,0.0
0,0,0,0,26,0.14,87.7,0.5,135,2026-10-13 20:45:00,PT5M,0.0,0.0,0.0,0.0,0.0
0,0,0,0,26,0.14,87.9,0.4,135,2026-10-13 20:50:00,PT5M,0.0,0.0,0.0,0.0,0.0
0,0,0,0,26,0.14,88.2,0.4,135,2026-10-13 20:55:00,PT5M,0.0,0.0,0.0,0.0,0.0
0,0,0,0,26,0.14,88.4,0.4,135,2026-10-13 21:00:00,PT5M,0.0,0.0,0.0,0.0,0.0
0,0,0,0,26,0.14,88.6,0.3,135,2026-10-13 21:05:00,PT5M,0.0,0.0,0.0,0.0,0.0
0,0,0,0,26,0.14,88.8,0.3,135,2026-10-13 21:10:00,PT5M,0.0,0.0,0.0,0.0,0.0
0,0,0,0,26,0.14,89.0,0.3,135,2026-10-13 21:15:00,PT5M,0.0,0.0,0.0,0.0,0.0
0,0,0,0,26,0.14,89.3,0.2,135,2026-10-13 21:20:00,PT5M,0.0,0.0,0.0,0.0,0.0
0,0,0,0,26,0.14,89.5,0.2,135,2026-10-13 21:25:00,PT5M,0.0,0.0,0.0,0.0,0.0
0,0,0,0,26,0.14,89.7,0.2,135,2026-10-13 21:30:00,PT5M,0.0,0.0,0.0,0.0,0.0
0,0,0,0,26,0.14,89.9,0.1,136,2026-10-13 21:35:00,PT5M,0.0,0.0,0.0,0.0,0.0
0,0,0,0,26,0.14,90.2,0.1,141,2026-10-13 21:40:00,PT5M,0.0,0.0,0.0,0.0,0.0
0,0,0,0,26,0.14,90.5,0.0,156,2026-10-13 21:45:00,PT5M,0.0,0.0,0.0,0.0,0.0
0,0,0,0,26,0.14,90.7,0.0,233,2026-10-13 21:50:00,PT5M,0.0,0.0,0.0,0.0,0.0
0,0,0,0,26,0.14,91.0,0.1,284,2026-10-13 21:55:00,PT5M,0.0,0.0,0.0,0.0,0.0
0,0,0,0,26,0.14,91.3,0.1,294,2026-10-13 22:00:00,PT5M,0.0,0.0,0.0,0.0,0.0
0,0,0,0,25,0.14,91.6,0.1,298,2026-10-13 22:05:00,PT5M,0.0,0.0,0.0,0.0,0.0
0,0,0,0,25,0.14,91.8,0.2,300,2026-10-13 22:10:00,PT5M,0.0,0.0,0.0,0.0,0.0
0,0,0,0,25,0.14,92.1,0.2,302,2026-10-13 22:15:00,PT5M,0.0,0.0,0.0,0.0,0.0
0,0,0,0,25,0.14,92.4,0.3,302,2026-10-13 22:20:00,PT5M,0.0,0.0,0.0,0.0,0.0
0,0,0,0,25,0.14,92.7,0.3,303,2026-10-13 22:25:00,PT5M,0.0,0.0,0.0,0.0,0.0
0,0,0,0,25,0.14,92.9,0.3,303,2026-10-13 22:30:00,PT5M,0.0,0.0,0.0,0.0,0.0
0,0,0,0,25,0.14,93.2,0.4,305,2026-10-13 22:35:00,PT5M,0.0,0.0,0.0,0.0,0.0
0,0,0,0,25,0.14,93.4,0.4,306,2026-10-13 22:40:00,PT5M,0.0,0.0,0.0,0.0,0.0
0,0,0,0,25,0.14,93.5,0.4,308,2026-10-13 22:45:00,PT5M,0.0,0.0,0.0,0.0,0.0
0,0,0,0,25,0.14,93.7,0.5,309,2026-10-13 22:50:00,PT5M,0.0,0.0,0.0,0.0,0.0
0,0,0,0,25,0.14,93.9,0.5,310,2026-10-13 22:55:00,PT5M,0.0,0.0,0.0,0.0,0.0
0,0,0,0,25,0.14,94.1,0.5,311,2026-10-13 23:00:00,PT5M,0.0,0.0,0.0,0.0,0.0
0,0,0,0,25,0.14,94.3,0.5,312,2026-10-13 23:05:00,PT5M,0.0,0.0,0.0,0.0,0.0
0,0,0,0,25,0.14,94.5,0.6,312,2026-10-13 23:10:00,PT5M,0.0,0.0,0.0,0.0,0.0
0,0,0,0,25,0.14,94.7,0.6,313,2026-10-13 23:15:00,PT5M,0.0,0.0,0.0,0.0,0.0
0,0,0,0,25,0.14,94.8,0.6,314,2026-10-13 23:20:00,PT5M,0.0,0.0,0.0,0.0,0.0
0,0,0,0,25,0.14,95.0,0.7,314,2026-10-13 23:25:00,PT5M,0.0,0.0,0.0,0.0,0.0
0,0,0,0,25,0.14,95.2,0.7,315,2026-10-13 23:30:00,PT5M,0.0,0.0,0.0,0.0,0.0
0,0,0,0,25,0.14,95.3,0.7,314,2026-10-13 23:35:00,PT5M,0.0,0.0,0.0,0.0,0.0
0,0,0,0,25,0.14,95.4,0.7,312,2026-10-13 23:40:00,PT5M,0.0,0.0,0.0,0.0,0.0
0,0,0,0,25,0.14,95.4,0.7,310,2026-10-13 23:45:00,PT5M,0.0,0.0,0.0,0.0,0.0
0,0,0,0,25,0.14,95.5,0.8,309,2026-10-13 23:50:00,PT5M,0.0,0.0,0.0,0.0,0.0
0,0,0,0,25,0.14,95.5,0.8,307,2026-10-13 23:55:00,PT5M,0.0,0.0,0.0,0.0,0.0
0,0,0,0,25,0.14,95.6,0.8,305,2026-10-14 00:00:00,PT5M,0.0,0.0,0.0,0.0,0.0
0,0,0,0,25,0.14,95.6,0.8,304,2026-10-14 00:05:00,PT5M,0.0,0.0,0.0,0.0,0.0
0,0,0,0,25,0.14,95.7,0.8,302,2026-10-14 00:10:00,PT5M,0.0,0.0,0.0,0.0,0.0
0,0,0,0,25,0.14,95.7,0.8,301,2026-10-14 00:15:00,PT5M,0.0,0.0,0.0,0.0,0.0
0,0,0,0,25,0.14,95.8,0.8,300,2026-10-14 00:20:00,PT5M,0.0,0.0,0.0,0.0,0.0
0,0,0,0,25,0.14,95.8,0.9,298,2026-10-14 00:25:00,PT5M,0.0,0.0,0.0,0.0,0.0
0,0,0,0,24,0.14,95.9,0.9,297,2026-10-14 00:30:00,PT5M,0.0,0.0,0.0,0.0,0.0
0,0,0,0,24,0.14,95.9,0.9,296,2026-10-14 00:35:00,PT5M,0.0,0.0,0.0,0.0,0.0
0,0,0,0,24,0.14,96.0,0.9,294,2026-10-14 00:40:00,PT5M,0.0,0.0,0.0,0.0,0.0
0,0,0,0,24,0.14,96.1,0.9,293,2026-10-14 00:45:00,PT5M,0.0,0.0,0.0,0.0,0.0
0,0,0,0,24,0.14,96.2,0.9,292,2026-10-14 00:50:00,PT5M,0.0,0.0,0.0,0.0,0.0
0,0,0,0,24,0.14,96.3,0.9,290,2026-10-14 00:55:00,PT5M,0.0,0.0,0.0,0.0,0.0
0,0,0,0,24,0.14,96.4,0.9,289,2026-10-14 01:00:00,PT5M,0.0,0.0,0.0,0.0,0.0
0,0,0,0,24,0.14,96.5,1.0,288,2026-10-14 01:05:00,PT5M,0.0,0.0,0.0,0.0,0.0
0,0,0,0,24,0.14,96.6,1.0,287,2026-10-14 01:10:00,PT5M,0.0,0.0,0.0,0.0,0.0
0,0,0,0,24,0.14,96.7,1.0,285,2026-10-14 01:15:00,PT5M,0.0,0.0,0.0,0.0,0.0
0,0,0,0,24,0.14,96.8,1.0,284,2026-10-14 01:20:00,PT5M,0.0,0.0,0.0,0.0,0.0
0,0,0,0,24,0.14,96.9,1.0,283,2026-10-14 01:25:00,PT5M,0.0,0.0,0.0,0.0,0.0
0,0,0,0,24,0.14,97.0,1.0,282,2026-10-14 01:30:00,PT5M,0.0,0.0,0.0,0.0,0.0
0,0,0,0,24,0.14,97.0,1.0,281,2026-10-14 01:35:00,PT5M,0.0,0.0,0.0,0.0,0.0
0,0,0,0,24,0.14,97.0,1.0,280,2026-10-14 01:40:00,PT5M,0.0,0.0,0.0,0.0,0.0
0,0,0,0,24,0.14,97.0,1.1,280,2026-10-14 01:45:00,PT5M,0.0,0.0,0.0,0.0,0.0
0,0,0,0,24,0.14,97.0,1.1,279,2026-10-14 01:50:00,PT5M,0.0,0.0,0.0,0.0,0.0
0,0,0,0,24,0.14,97.0,1.1,279,2026-10-14 01:55:00,PT5M,0.0,0.0,0.0,0.0,0.0
0,0,0,0,24,0.14,97.0,1.1,278,2026-10-14 02:00:00,PT5M,0.0,0.0,0.0,0.0,0.0
0,0,0,0,24,0.14,97.0,1.1,277,2026-10-14 02:05:00,PT5M,0.0,0.0,0.0,0.0,0.0
0,0,0,0,24,0.14,97.0,1.1,277,2026-10-14 02:10:00,PT5M,0.0,0.0,0.0,0.0,0.0
0,0,0,0,24,0.14,97.0,1.1,276,2026-10-14 02:15:00,PT5M,0.0,0.0,0.0,0.0,0.0
0,0,0,0,24,0.14,97.0,1.2,276,2026-10-14 02:20:00,PT5M,0.0,0.0,0.0,0.0,0.0
0,0,0,0,24,0.14,97.0,1.2,275,2026-10-14 02:25:00,PT5M,0.0,0.0,0.0,0.0,0.0
0,0,0,0,24,0.14,97.0,1.2,275,2026-10-14 02:30:00,PT5M,0.0,0.0,0.0,0.0,0.0
0,0,0,0,24,0.14,97.1,1.2,275,2026-10-14 02:35:00,PT5M,0.0,0.0,0.0,0.0,0.0
0,0,0,0,24,0.14,97.2,1.2,274,2026-10-14 02:40:00,PT5M,0.0,0.0,0.0,0.0,0.0
0,0,0,0,24,0.14,97.3,1.2,274,2026-10-14 02:45:00,PT5M,0.0,0.0,0.0,0.0,0.0
0,0,0,0,24,0.14,97.4,1.3,273,2026-10-14 02:50:00,PT5M,0.0,0.0,0.0,0.0,0.0
0,0,0,0,24,0.14,97.5,1.3,273,2026-10-14 02:55:00,PT5M,0.0,0.0,0.0,0.0,0.0
0,0,0,0,24,0.14,97.6,1.3,272,2026-10-14 03:00:00,PT5M,0.0,0.0,0.0,0.0,0.0
0,0,0,0,24,0.14,97.7,1.3,272,2026-10-14 03:05:00,PT5M,0.0,0.0,0.0,0.0,0.0
0,0,0,0,24,0.14,97.8,1.3,272,2026-10-14 03:10:00,PT5M,0.0,0.0,0.0,0.0,0.0
0,0,0,0,23,0.14,97.9,1.3,271,2026-10-14 03:15:00,PT5M,0.0,0.0,0.0,0.0,0.0
0,0,0,0,23,0.14,98.0,1.4,271,2026-10-14 03:20:00,PT5M,0.0,0.0,0.0,0.0,0.0
0,0,0,0,23,0.14,98.1,1.4,271,2026-10-14 03:25:00,PT5M,0.0,0.0,0.0,0.0,0.0
0,0,0,0,23,0.14,98.2,1.4,270,2026-10-14 03:30:00,PT5M,0.0,0.0,0.0,0.0,0.0
0,0,0,0,23,0.14,98.3,1.4,270,2026-10-14 03:35:00,PT5M,0.0,0.0,0.0,0.0,0.0
0,0,0,0,23,0.14,98.4,1.4,269,2026-10-14 03:40:00,PT5M,0.0,0.0,0.0,0.0,0.0
0,0,0,0,23,0.14,98.4,1.4,269,2026-10-14 03:45:00,PT5M,0.0,0.0,0.0,0.0,0.0
0,0,0,0,23,0.14,98.5,1.5,269,2026-10-14 03:50:00,PT5M,0.0,0.0,0.0,0.0,0.0
0,0,0,0,23,0.14,98.6,1.5,269,2026-10-14 03:55:00,PT5M,0.0,0.0,0.0,0.0,0.0
0,0,0,0,23,0.14,98.7,1.5,268,2026-10-14 04:00:00,PT5M,0.0,0.0,0.0,0.0,0.0
0,0,0,0,23,0.14,98.8,1.5,268,2026-10-14 04:05:00,PT5M,0.0,0.0,0.0,0.0,0.0
0,0,0,0,23,0.14,98.9,1.5,268,2026-10-14 04:10:00,PT5M,0.0,0.0,0.0,0.0,0.0
0,0,0,0,23,0.14,99.0,1.5,267,2026-10-14 04:15:00,PT5M,0.0,0.0,0.0,0.0,0.0
0,0,0,0,23,0.14,99.1,1.6,267,2026-10-14 04:20:00,PT5M,0.0,0.0,0.0,0.0,0.0
0,0,0,0,23,0.14,99.2,1.6,267,2026-10-14 04:25:00,PT5M,0.0,0.0,0.0,0.0,0.0
0,0,0,0,23,0.14,99.3,1.6,267,2026-10-14 04:30:00,PT5M,0.0,0.0,0.0,0.0,0.0
0,0,0,0,23,0.14,99.4,1.6,266,2026-10-14 04:35:00,PT5M,0.0,0.0,0.0,0.0,0.0
0,0,0,0,23,0.14,99.4,1.6,266,2026-10-14 04:40:00,PT5M,0.0,0.0,0.0,0.0,0.0
0,0,0,0,23,0.14,99.4,1.6,266,2026-10-14 04:45:00,PT5M,0.0,0.0,0.0,0.0,0.0
0,0,0,0,23,0.14,99.4,1.7,266,2026-10-14 04:50:00,PT5M,0.0,0.0,0.0,0.0,0.0
0,0,0,0,23,0.14,99.4,1.7,265,2026-10-14 04:55:00,PT5M,0.0,0.0,0.0,0.0,0.0
0,0,0,0,23,0.14,99.4,1.7,265,2026-10-14 05:00:00,PT5M,0.0,0.0,0.0,0.0,0.0
0,0,0,0,23,0.14,99.4,1.7,265,2026-10-14 05:05:00,PT5M,0.0,0.0,0.0,0.0,0.0
0,0,0,0,23,0.14,99.4,1.7,265,2026-10-14 05:10:00,PT5M,0.0,0.0,0.0,0.0,0.0
0,0,0,0,23,0.14,99.4,1.8,264,2026-10-14 05:15:00,PT5M,0.0,0.0,0.0,0.0,0.0
0,0,0,0,23,0.14,99.4,1.8,264,2026-10-14 05:20:00,PT5M,0.0,0.0,0.0,0.0,0.0
0,0,0,0,23,0.14,99.4,1.8,264,2026-10-14 05:25:00,PT5M,0.0,0.0,0.0,0.0,0.0
0,0,0,0,23,0.14,99.4,1.8,264,2026-10-14 05:30:00,PT5M,0.0,0.0,0.0,0.0,0.0
0,0,0,0,23,0.14,99.0,1.8,263,2026-10-14 05:35:00,PT5M,0.0,0.0,0.0,0.0,0.0
0,0,0,0,23,0.14,98.2,1.8,263,2026-10-14 05:40:00,PT5M,0.0,0.0,0.0,0.0,0.0
0,0,0,0,23,0.14,97.4,1.8,262,2026-10-14 05:45:00,PT5M,0.0,0.0,0.0,0.0,0.0
0,0,0,0,23,0.14,96.6,1.7,261,2026-10-14 05:50:00,PT5M,0.0,0.0,0.0,0.0,0.0
0,0,0,0,23,0.14,95.8,1.7,261,2026-10-14 05:55:00,PT5M,0.0,0.0,0.0,0.0,0.0
5,5,0,5,23,0.14,95.1,1.7,260,2026-10-14 06:00:00,PT5M,0.025,0.06,0.0434,0.0066,0.0
14,14,0,14,23,0.14,94.3,1.7,259,2026-10-14 06:05:00,PT5M,1.234,1.898,1.5835,0.8845,0.57
24,24,21,22,24,0.14,93.6,1.6,259,2026-10-14 06:10:00,PT5M,2.624,3.95,3.3219,1.9261,1.298
37,36,66,30,24,0.14,92.8,1.6,258,2026-10-14 06:15:00,PT5M,4.633,7.0585,5.9096,3.3564,2.2075
51,49,109,37,24,0.14,92.1,1.6,257,2026-10-14 06:20:00,PT5M,7.199,10.9745,9.1861,5.2119,3.4235
66,63,147,45,24,0.14,91.3,1.6,256,2026-10-14 06:25:00,PT5M,10.195,15.504,12.9892,7.4008,4.886
82,78,188,51,24,0.14,90.6,1.6,255,2026-10-14 06:30:00,PT5M,13.8,20.843,17.5068,10.0932,6.757
100,95,229,57,24,0.14,89.9,1.6,255,2026-10-14 06:35:00,PT5M,17.829,26.715,22.5058,13.1522,8.943
118,113,270,62,24,0.14,89.1,1.5,254,2026-10-14 06:40:00,PT5M,22.002,32.7805,27.6748,16.3292,11.2235
138,131,309,67,24,0.14,88.3,1.5,253,2026-10-14 06:45:00,PT5M,26.374,38.9845,33.011,19.737,13.7635
158,150,347,71,25,0.14,87.6,1.5,253,2026-10-14 06:50:00,PT5M,30.904,45.363,38.5139,23.2941,16.445
178,170,383,74,25,0.14,86.9,1.5,252,2026-10-14 06:55:00,PT5M,35.673,52.0605,44.2979,27.0481,19.2855
198,190,412,78,25,0.14,86.1,1.5,251,2026-10-14 07:00:00,PT5M,40.403,58.8195,50.0957,30.7103,21.9865
218,208,434,82,25,0.14,85.4,1.5,251,2026-10-14 07:05:00,PT5M,44.985,65.468,55.7653,34.2047,24.502
237,227,453,86,25,0.14,84.7,1.5,250,2026-10-14 07:10:00,PT5M,49.558,72.106,61.4252,37.6908,27.01
256,246,470,90,25,0.14,84.0,1.5,249,2026-10-14 07:15:00,PT5M,54.151,78.7785,67.1126,41.1894,29.5235
276,265,486,94,25,0.14,83.3,1.5,249,2026-10-14 07:20:00,PT5M,58.823,85.5345,72.8815,44.7645,32.1115
295,284,500,98,25,0.14,82.6,1.5,248,2026-10-14 07:25:00,PT5M,63.386,92.1815,78.5413,48.2307,34.5905
314,303,514,102,26,0.14,81.9,1.5,247,2026-10-14 07:30:00,PT5M,67.943,98.8335,84.2009,51.6851,37.0525
334,322,527,106,26,0.14,81.2,1.5,246,2026-10-14 07:35:00,PT5M,72.525,100.0,89.9139,55.1361,39.4855
353,341,539,109,26,0.14,80.6,1.5,246,2026-10-14 07:40:00,PT5M,76.56,100.0,94.9313,58.1887,41.654
372,360,551,112,26,0.14,79.9,1.5,245,2026-10-14 07:45:00,PT5M,78.5,100.0,97.1542,59.8458,43.0565
391,379,562,116,26,0.14,79.3,1.5,244,2026-10-14 07:50:00,PT5M,80.351,100.0,99.2654,61.4366,44.413
410,398,573,119,26,0.14,78.7,1.4,244,2026-10-14 07:55:00,PT5M,82.103,100.0,100.0,62.9533,45.718
429,416,583,122,26,0.14,78.0,1.4,243,2026-10-14 08:00:00,PT5M,83.744,100.0,100.0,64.3885,46.968
448,434,592,125,26,0.14,77.4,1.4,242,2026-10-14 08:05:00,PT5M,85.254,100.0,100.0,65.693,48.0875
466,453,601,127,27,0.14,76.8,1.4,241,2026-10-14 08:10:00,PT5M,86.62,100.0,100.0,66.929,49.2065
485,471,610,130,27,0.14,76.2,1.4,241,2026-10-14 08:15:00,PT5M,87.832,100.0,100.0,68.0539,50.253
503,489,618,133,27,0.14,75.6,1.3,240,2026-10-14 08:20:00,PT5M,88.878,100.0,100.0,69.0696,51.2415
520,506,625,135,27,0.14,75.0,1.3,239,2026-10-14 08:25:00,PT5M,89.793,100.0,100.0,69.9841,52.1555
538,523,632,138,27,0.14,74.4,1.3,238,2026-10-14 08:30:00,PT5M,90.636,100.0,100.0,70.844,53.0305
555,540,638,141,27,0.14,73.9,1.3,237,2026-10-14 08:35:00,PT5M,91.417,100.0,100.0,71.6565,53.8715
572,557,644,143,27,0.14,73.3,1.3,236,2026-10-14 08:40:00,PT5M,92.143,100.0,100.0,72.4249,54.678
588,573,650,145,27,0.14,72.7,1.3,235,2026-10-14 08:45:00,PT5M,92.825,100.0,100.0,73.1558,55.453
604,589,655,148,28,0.14,72.1,1.3,234,2026-10-14 08:50:00,PT5M,93.469,100.0,100.0,73.8583,56.208
620,605,660,150,28,0.14,71.6,1.3,233,2026-10-14 08:55:00,PT5M,94.077,100.0,100.0,74.6726,57.208
636,620,665,152,28,0.14,71.0,1.3,232,2026-10-14 09:00:00,PT5M,94.652,100.0,100.0,75.4515,58.1705
652,636,670,154,28,0.14,70.5,1.3,231,2026-10-14 09:05:00,PT5M,95.275,100.0,100.0,76.2798,59.1835
667,651,676,156,28,0.14,69.9,1.3,230,2026-10-14 09:10:00,PT5M,95.881,100.0,100.0,77.0892,60.176
682,666,682,157,28,0.14,69.4,1.3,229,2026-10-14 09:15:00,PT5M,96.458,100.0,100.0,77.867,61.1345
697,681,687,159,28,0.14,68.8,1.3,228,2026-10-14 09:20:00,PT5M,97.01,100.0,100.0,78.6166,62.062
712,695,692,160,28,0.14,68.3,1.3,227,2026-10-14 09:25:00,PT5M,97.536,100.0,100.0,79.3368,62.957
726,709,697,162,29,0.14,67.8,1.3,226,2026-10-14 09:30:00,PT5M,98.038,100.0,100.0,80.0301,63.8225
740,722,701,163,29,0.14,67.2,1.3,224,2026-10-14 09:35:00,PT5M,98.517,100.0,100.0,80.6873,64.64
753,736,706,164,29,0.14,66.6,1.3,223,2026-10-14 09:40:00,PT5M,98.972,100.0,100.0,81.3068,65.4075
766,748,710,165,29,0.14,66.1,1.3,222,2026-10-14 09:45:00,PT5M,99.398,100.0,100.0,81.8922,66.1365
778,760,713,167,29,0.14,65.5,1.3,220,2026-10-14 09:50:00,PT5M,99.776,100.0,100.0,82.4213,66.8015
790,772,716,168,29,0.14,64.9,1.3,219,2026-10-14 09:55:00,PT5M,100.0,100.0,100.0,82.7895,67.2995
801,783,719,170,29,0.14,64.4,1.3,218,2026-10-14 10:00:00,PT5M,100.0,100.0,100.0,82.9274,67.5615
812,794,722,171,30,0.14,63.8,1.2,216,2026-10-14 10:05:00,PT5M,100.0,100.0,100.0,83.0605,67.8145
823,804,725,172,30,0.14,63.2,1.2,215,2026-10-14 10:10:00,PT5M,100.0,100.0,100.0,83.1892,68.059
833,814,728,173,30,0.14,62.7,1.2,213,2026-10-14 10:15:00,PT5M,100.0,100.0,100.0,83.3126,68.2935
842,824,731,173,30,0.14,62.2,1.2,212,2026-10-14 10:20:00,PT5M,100.0,100.0,100.0,83.4308,68.518
852,833,734,174,30,0.14,61.6,1.2,211,2026-10-14 10:25:00,PT5M,100.0,100.0,100.0,83.5442,68.7335
860,842,736,174,30,0.14,61.1,1.3,209,2026-10-14 10:30:00,PT5M,100.0,100.0,100.0,83.6529,68.94
868,849,738,176,30,0.14,60.6,1.3,208,2026-10-14 10:35:00,PT5M,100.0,100.0,100.0,83.7684,69.1595
875,856,738,177,30,0.14,60.1,1.3,208,2026-10-14 10:40:00,PT5M,100.0,100.0,100.0,83.8895,69.3895
881,862,737,179,31,0.14,59.7,1.3,207,2026-10-14 10:45:00,PT5M,100.0,100.0,100.0,84.0034,69.606
887,868,737,181,31,0.14,59.2,1.3,206,2026-10-14 10:50:00,PT5M,100.0,100.0,100.0,84.1066,69.802
892,873,736,182,31,0.14,58.8,1.3,206,2026-10-14 10:55:00,PT5M,100.0,100.0,100.0,84.19,69.9605
897,878,735,184,31,0.14,58.3,1.3,205,2026-10-14 11:00:00,PT5M,100.0,100.0,100.0,84.2845,70.14
901,882,734,186,31,0.14,57.9,1.3,204,2026-10-14 11:05:00,PT5M,100.0,100.0,100.0,84.3816,70.3245
904,885,733,187,31,0.14,57.4,1.3,204,2026-10-14 11:10:00,PT5M,100.0,100.0,100.0,84.4653,70.4835
907,889,732,189,31,0.14,57.0,1.3,203,2026-10-14 11:15:00,PT5M,100.0,100.0,100.0,84.5384,70.6225
910,891,730,190,31,0.14,56.6,1.4,202,2026-10-14 11:20:00,PT5M,100.0,100.0,100.0,84.6045,70.748
912,893,729,192,32,0.14,56.1,1.4,202,2026-10-14 11:25:00,PT5M,100.0,100.0,100.0,84.6642,70.8615
913,895,727,193,32,0.14,55.7,1.4,201,2026-10-14 11:30:00,PT5M,100.0,100.0,100.0,84.7179,70.9635
912,893,720,198,32,0.14,55.7,1.4,202,2026-10-14 11:35:00,PT5M,100.0,100.0,100.0,84.6858,70.9025
907,889,707,205,32,0.14,56.1,1.4,203,2026-10-14 11:40:00,PT5M,100.0,100.0,100.0,84.5679,70.6785
902,884,695,211,32,0.14,56.4,1.4,205,2026-10-14 11:45:00,PT5M,100.0,100.0,100.0,84.4432,70.4415
897,879,682,218,31,0.14,56.8,1.4,206,2026-10-14 11:50:00,PT5M,99.74,100.0,100.0,84.0518,69.932
891,873,669,225,31,0.14,57.2,1.4,207,2026-10-14 11:55:00,PT5M,99.176,100.0,100.0,83.3502,69.1065
884,867,657,231,31,0.14,57.6,1.4,209,2026-10-14 12:00:00,PT5M,98.651,100.0,100.0,82.681,68.3075
877,860,643,238,31,0.14,58.0,1.4,210,2026-10-14 12:05:00,PT5M,98.091,100.0,100.0,81.9694,67.4595
869,852,629,245,31,0.14,58.4,1.4,211,2026-10-14 12:10:00,PT5M,97.495,100.0,100.0,81.215,66.5625
861,844,615,251,31,0.14,58.8,1.5,213,2026-10-14 12:15:00,PT5M,96.875,100.0,100.0,80.4313,65.6315
852,836,601,258,31,0.14,59.2,1.5,214,2026-10-14 12:20:00,PT5M,96.23,100.0,100.0,79.6176,64.666
843,827,587,264,31,0.14,59.6,1.5,215,2026-10-14 12:25:00,PT5M,95.561,100.0,100.0,78.7765,63.67
833,818,573,270,31,0.14,60.0,1.5,216,2026-10-14 12:30:00,PT5M,94.865,100.0,100.0,77.9045,62.6395
824,809,562,274,31,0.14,60.4,1.5,218,2026-10-14 12:35:00,PT5M,94.259,100.0,100.0,77.1614,61.773
816,801,552,278,31,0.14,60.8,1.5,219,2026-10-14 12:40:00,PT5M,93.739,100.0,100.0,76.5401,61.0605
807,793,543,281,31,0.14,61.2,1.5,220,2026-10-14 12:45:00,PT5M,93.186,100.0,100.0,75.8739,60.2925
798,784,533,284,30,0.14,61.6,1.6,222,2026-10-14 12:50:00,PT5M,92.656,100.0,100.0,75.2339,59.5535
789,775,524,286,30,0.14,62.1,1.6,223,2026-10-14 12:55:00,PT5M,92.073,100.0,100.0,74.5507,58.78
779,765,514,289,30,0.14,62.5,1.6,224,2026-10-14 13:00:00,PT5M,91.447,100.0,100.0,73.8089,57.934
769,755,506,290,30,0.14,62.9,1.6,226,2026-10-14 13:05:00,PT5M,90.808,100.0,100.0,73.0472,57.062
759,746,498,291,30,0.14,63.3,1.7,227,2026-10-14 13:10:00,PT5M,90.163,100.0,100.0,72.2765,56.178
748,735,490,292,30,0.14,63.8,1.7,228,2026-10-14 13:15:00,PT5M,89.487,100.0,100.0,71.4707,55.2555
738,725,482,292,30,0.14,64.2,1.7,229,2026-10-14 13:20:00,PT5M,88.787,100.0,100.0,70.6384,54.304
727,714,475,292,30,0.14,64.7,1.7,230,2026-10-14 13:25:00,PT5M,88.058,100.0,100.0,69.7744,53.3185
715,703,467,292,30,0.14,65.1,1.8,231,2026-10-14 13:30:00,PT5M,87.299,100.0,100.0,68.8772,52.297
700,688,452,294,30,0.14,65.5,1.8,232,2026-10-14 13:35:00,PT5M,86.073,100.0,100.0,67.4336,50.6575
681,670,431,298,30,0.14,66.0,1.8,233,2026-10-14 13:40:00,PT5M,84.369,100.0,100.0,65.4364,48.3965
662,651,410,302,30,0.14,66.4,1.8,234,2026-10-14 13:45:00,PT5M,82.621,100.0,100.0,63.3979,46.0965
643,633,389,305,29,0.14,66.9,1.9,235,2026-10-14 13:50:00,PT5M,80.83,100.0,100.0,61.319,43.7585
624,615,369,308,29,0.14,67.4,1.9,236,2026-10-14 13:55:00,PT5M,78.994,100.0,98.7908,59.1972,41.3795
605,596,350,309,29,0.14,67.8,1.9,236,2026-10-14 14:00:00,PT5M,77.058,100.0,97.1382,56.9778,38.905
586,577,330,310,29,0.14,68.3,1.9,237,2026-10-14 14:05:00,PT5M,75.087,100.0,95.4496,54.7244,36.3975
567,559,311,311,29,0.14,68.8,1.9,238,2026-10-14 14:10:00,PT5M,73.058,100.0,93.6992,52.4168,33.839
547,540,292,311,29,0.14,69.2,2.0,239,2026-10-14 14:15:00,PT5M,70.988,100.0,91.9032,50.0728,31.2485
528,521,273,311,29,0.14,69.7,2.0,239,2026-10-14 14:20:00,PT5M,68.877,100.0,90.0611,47.6929,28.6265
509,503,255,309,29,0.14,70.2,2.0,240,2026-10-14 14:25:00,PT5M,66.726,100.0,88.1735,45.2785,25.975
490,485,238,307,29,0.14,70.7,2.0,241,2026-10-14 14:30:00,PT5M,64.537,100.0,86.2424,42.8316,23.296
474,469,225,304,29,0.14,71.2,2.1,241,2026-10-14 14:35:00,PT5M,62.76,100.0,84.6773,40.8427,21.1165
461,455,218,299,29,0.14,71.7,2.1,242,2026-10-14 14:40:00,PT5M,61.412,100.0,83.509,39.315,19.427
447,442,211,294,29,0.14,72.3,2.1,243,2026-10-14 14:45:00,PT5M,60.042,100.0,82.1864,37.8976,17.967
434,429,204,289,28,0.14,72.9,2.2,243,2026-10-14 14:50:00,PT5M,58.696,100.0,80.863,36.529,16.578
421,416,198,283,28,0.14,73.5,2.2,244,2026-10-14 14:55:00,PT5M,57.313,99.453,79.4916,35.1344,15.173
407,403,191,277,28,0.14,74.0,2.2,245,2026-10-14 15:00:00,PT5M,55.89,98.0305,78.0688,33.7112,13.7495
393,389,183,271,28,0.14,74.6,2.3,245,2026-10-14 15:05:00,PT5M,54.369,96.4585,76.521,32.217,12.2795
379,375,175,266,28,0.14,75.2,2.3,246,2026-10-14 15:10:00,PT5M,52.731,94.714,74.827,30.635,10.748
365,361,166,260,28,0.14,75.8,2.3,247,2026-10-14 15:15:00,PT5M,51.032,92.809,73.0195,29.0445,9.255
351,347,157,254,28,0.14,76.4,2.4,247,2026-10-14 15:20:00,PT5M,49.274,90.863,71.1626,27.3854,7.685
336,333,149,248,28,0.14,77.0,2.4,248,2026-10-14 15:25:00,PT5M,47.456,88.8055,69.2185,25.6935,6.1065
322,319,140,241,28,0.14,77.6,2.5,248,2026-10-14 15:30:00,PT5M,45.565,86.597,67.1604,23.9696,4.533
308,305,131,234,28,0.14,78.2,2.5,249,2026-10-14 15:35:00,PT5M,43.701,84.2755,65.0556,22.3464,3.1265
294,291,122,227,28,0.14,78.7,2.5,250,2026-10-14 15:40:00,PT5M,41.824,81.828,62.8784,20.7696,1.82
280,277,114,220,27,0.14,79.3,2.6,250,2026-10-14 15:45:00,PT5M,39.873,79.2175,60.5803,19.1657,0.5285
266,263,105,212,27,0.14,79.8,2.6,251,2026-10-14 15:50:00,PT5M,38.075,76.6785,58.3923,17.7577,0.0
251,250,96,205,27,0.14,80.4,2.6,252,2026-10-14 15:55:00,PT5M,35.989,73.7805,55.8789,16.0991,0.0
237,236,87,197,27,0.14,80.9,2.7,252,2026-10-14 16:00:00,PT5M,33.84,70.7545,53.2684,14.4116,0.0
223,222,79,188,27,0.14,81.5,2.7,253,2026-10-14 16:05:00,PT5M,31.719,67.7465,50.6805,12.7575,0.0
210,209,71,180,27,0.14,82.1,2.7,253,2026-10-14 16:10:00,PT5M,29.625,63.6405,47.5276,11.7224,0.0
196,195,63,171,27,0.14,82.6,2.8,254,2026-10-14 16:15:00,PT5M,27.416,59.124,44.1041,10.7279,0.0
183,182,54,162,27,0.14,83.2,2.8,255,2026-10-14 16:20:00,PT5M,25.185,54.6265,40.6803,9.6897,0.0
170,169,46,153,27,0.14,83.8,2.8,255,2026-10-14 16:25:00,PT5M,22.962,50.1615,37.2773,8.6467,0.0
156,156,37,144,27,0.14,84.4,2.9,256,2026-10-14 16:30:00,PT5M,20.764,45.736,33.9069,7.6211,0.0
143,143,28,134,27,0.14,84.9,2.9,256,2026-10-14 16:35:00,PT5M,18.581,41.29,30.5329,6.6291,0.0
130,130,18,125,27,0.14,85.5,2.9,256,2026-10-14 16:40:00,PT5M,16.553,37.068,27.3502,5.7558,0.0
117,117,8,115,26,0.14,86.1,3.0,257,2026-10-14 16:45:00,PT5M,14.466,32.8235,24.1277,4.8043,0.0
104,105,0,105,26,0.14,86.7,3.0,257,2026-10-14 16:50:00,PT5M,12.558,28.827,21.1205,3.9955,0.0
92,92,0,92,26,0.14,87.3,3.0,257,2026-10-14 16:55:00,PT5M,11.038,25.3195,18.5545,3.5215,0.0
80,80,0,80,26,0.14,87.9,3.1,258,2026-10-14 17:00:00,PT5M,9.513,21.886,16.025,3.001,0.0
68,68,0,68,26,0.14,88.5,3.1,258,2026-10-14 17:05:00,PT5M,8.009,18.5175,13.5397,2.4783,0.0
57,57,0,57,26,0.14,89.2,3.1,258,2026-10-14 17:10:00,PT5M,6.679,15.36,11.2479,2.1101,0.0
47,47,0,47,26,0.14,89.8,3.1,258,2026-10-14 17:15:00,PT5M,5.415,12.314,9.046,1.784,0.0
37,37,0,37,26,0.14,90.4,3.2,259,2026-10-14 17:20:00,PT5M,4.149,9.3735,6.8987,1.3993,0.0
29,29,0,29,26,0.14,91.0,3.2,259,2026-10-14 17:25:00,PT5M,3.048,6.81,5.028,1.068,0.0
21,21,0,21,26,0.14,91.7,3.2,259,2026-10-14 17:30:00,PT5M,2.093,4.538,3.3798,0.8062,0.0
14,14,0,14,26,0.14,92.0,3.2,259,2026-10-14 17:35:00,PT5M,1.208,2.5365,1.9072,0.5088,0.0
8,8,0,8,26,0.14,92.1,3.2,260,2026-10-14 17:40:00,PT5M,0.399,0.9765,0.7029,0.0951,0.0
3,3,0,3,26,0.14,92.2,3.2,260,2026-10-14 17:45:00,PT5M,0.0,0.0,0.0,0.0,0.0
0,0,0,0,26,0.14,92.3,3.1,260,2026-10-14 17:50:00,PT5M,0.0,0.0,0.0,0.0,0.0
0,0,0,0,26,0.14,92.4,3.1,260,2026-10-14 17:55:00,PT5M,0.0,0.0,0.0,0.0,0.0
0,0,0,0,26,0.14,92.5,3.1,260,2026-10-14 18:00:00,PT5M,0.0,0.0,0.0,0.0,0.0
0,0,0,0,25,0.14,92.6,3.0,261,2026-10-14 18:05:00,PT5M,0.0,0.0,0.0,0.0,0.0
0,0,0,0,25,0.14,92.7,3.0,261,2026-10-14 18:10:00,PT5M,0.0,0.0,0.0,0.0,0.0
0,0,0,0,25,0.14,92.8,3.0,261,2026-10-14 18:15:00,PT5M,0.0,0.0,0.0,0.0,0.0
0,0,0,0,25,0.14,92.9,2.9,261,2026-10-14 18:20:00,PT5M,0.0,0.0,0.0,0.0,0.0
0,0,0,0,25,0.14,92.9,2.9,262,2026-10-14 18:25:00,PT5M,0.0,0.0,0.0,0.0,0.0
0,0,0,0,25,0.14,93.0,2.8,262,2026-10-14 18:30:00,PT5M,0.0,0.0,0.0,0.0,0.0
0,0,0,0,25,0.14,93.1,2.8,262,2026-10-14 18:35:00,PT5M,0.0,0.0,0.0,0.0,0.0
0,0,0,0,25,0.14,93.1,2.8,262,2026-10-14 18:40:00,PT5M,0.0,0.0,0.0,0.0,0.0
0,0,0,0,25,0.14,93.2,2.7,263,2026-10-14 18:45:00,PT5M,0.0,0.0,0.0,0.0,0.0
0,0,0,0,25,0.14,93.2,2.7,263,2026-10-14 18:50:00,PT5M,0.0,0.0,0.0,0.0,0.0
0,0,0,0,25,0.14,93.3,2.7,264,2026-10-14 18:55:00,PT5M,0.0,0.0,0.0,0.0,0.0
0,0,0,0,25,0.14,93.3,2.6,264,2026-10-14 19:00:00,PT5M,0.0,0.0,0.0,0.0,0.0
0,0,0,0,25,0.14,93.4,2.6,265,2026-10-14 19:05:00,PT5M,0.0,0.0,0.0,0.0,0.0
0,0,0,0,25,0.14,93.4,2.6,265,2026-10-14 19:10:00,PT5M,0.0,0.0,0.0,0.0,0.0
0,0,0,0,25,0.14,93.5,2.5,266,2026-10-14 19:15:00,PT5M,0.0,0.0,0.0,0.0,0.0
0,0,0,0,25,0.14,93.5,2.5,266,2026-10-14 19:20:00,PT5M,0.0,0.0,0.0,0.0,0.0
0,0,0,0,25,0.14,93.6,2.5,267,2026-10-14 19:25:00,PT5M,0.0,0.0,0.0,0.0,0.0
0,0,0,0,25,0.14,93.6,2.4,267,2026-10-14 19:30:00,PT5M,0.0,0.0,0.0,0.0,0.0
0,0,0,0,25,0.14,93.7,2.4,268,2026-10-14 19:35:00,PT5M,0.0,0.0,0.0,0.0,0.0
0,0,0,0,25,0.14,93.7,2.4,268,2026-10-14 19:40:00,PT5M,0.0,0.0,0.0,0.0,0.0
0,0,0,0,25,0.14,93.7,2.3,269,2026-10-14 19:45:00,PT5M,0.0,0.0,0.0,0.0,0.0
0,0,0,0,25,0.14,93.8,2.3,269,2026-10-14 19:50:00,PT5M,0.0,0.0,0.0,0.0,0.0
0,0,0,0,25,0.14,93.8,2.3,269,2026-10-14 19:55:00,PT5M,0.0,0.0,0.0,0.0,0.0
0,0,0,0,25,0.14,93.9,2.2,270,2026-10-14 20:00:00,PT5M,0.0,0.0,0.0,0.0,0.0
0,0,0,0,25,0.14,93.9,2.2,270,2026-10-14 20:05:00,PT5M,0.0,0.0,0.0,0.0,0.0
0,0,0,0,25,0.14,94.0,2.2,271,2026-10-14 20:10:00,PT5M,0.0,0.0,0.0,0.0,0.0
0,0,0,0,25,0.14,94.0,2.1,271,2026-10-14 20:15:00,PT5M,0.0,0.0,0.0,0.0,0.0
0,0,0,0,25,0.14,94.1,2.1,272,2026-10-14 20:20:00,PT5M,0.0,0.0,0.0,0.0,0.0
0,0,0,0,25,0.14,94.1,2.1,272,2026-10-14 20:25:00,PT5M,0.0,0.0,0.0,0.0,0.0
0,0,0,0,25,0.14,94.2,2.0,273,2026-10-14 20:30:00,PT5M,0.0,0.0,0.0,0.0,0.0
0,0,0,0,25,0.14,94.2,2.0,273,2026-10-14 20:35:00,PT5M,0.0,0.0,0.0,0.0,0.0
0,0,0,0,25,0.14,94.3,2.0,274,2026-10-14 20:40:00,PT5M,0.0,0.0,0.0,0.0,0.0
0,0,0,0,25,0.14,94.4,1.9,275,2026-10-14 20:45:00,PT5M,0.0,0.0,0.0,0.0,0.0
0,0,0,0,25,0.14,94.5,1.9,276,2026-10-14 20:50:00,PT5M,0.0,0.0,0.0,0.0,0.0
0,0,0,0,25,0.14,94.6,1.9,277,2026-10-14 20:55:00,PT5M,0.0,0.0,0.0,0.0,0.0
0,0,0,0,25,0.14,94.7,1.8,277,2026-10-14 21:00:00,PT5M,0.0,0.0,0.0,0.0,0.0
0,0,0,0,25,0.14,94.8,1.8,278,2026-10-14 21:05:00,PT5M,0.0,0.0,0.0,0.0,0.0
0,0,0,0,25,0.14,94.9,1.8,279,2026-10-14 21:10:00,PT5M,0.0,0.0,0.0,0.0,0.0
0,0,0,0,25,0.14,95.0,1.7,280,2026-10-14 21:15:00,PT5M,0.0,0.0,0.0,0.0,0.0
0,0,0,0,25,0.14,95.1,1.7,281,2026-10-14 21:20:00,PT5M,0.0,0.0,0.0,0.0,0.0
0,0,0,0,25,0.14,95.2,1.7,282,2026-10-14 21:25:00,PT5M,0.0,0.0,0.0,0.0,0.0
0,0,0,0,25,0.14,95.3,1.7,283,2026-10-14 21:30:00,PT5M,0.0,0.0,0.0,0.0,0.0
0,0,0,0,25,0.14,95.4,1.6,284,2026-10-14 21:35:00,PT5M,0.0,0.0,0.0,0.0,0.0
0,0,0,0,25,0.14,95.5,1.6,285,2026-10-14 21:40:00,PT5M,0.0,0.0,0.0,0.0,0.0
0,0,0,0,25,0.14,95.6,1.6,286,2026-10-14 21:45:00,PT5M,0.0,0.0,0.0,0.0,0.0
0,0,0,0,25,0.14,95.6,1.5,287,2026-10-14 21:50:00,PT5M,0.0,0.0,0.0,0.0,0.0
0,0,0,0,25,0.14,95.7,1.5,289,2026-10-14 21:55:00,PT5M,0.0,0.0,0.0,0.0,0.0
0,0,0,0,25,0.14,95.8,1.5,290,2026-10-14 22:00:00,PT5M,0.0,0.0,0.0,0.0,0.0
0,0,0,0,24,0.14,95.9,1.4,291,2026-10-14 22:05:00,PT5M,0.0,0.0,0.0,0.0,0.0
0,0,0,0,24,0.14,96.0,1.4,292,2026-10-14 22:10:00,PT5M,0.0,0.0,0.0,0.0,0.0
0,0,0,0,24,0.14,96.1,1.4,293,2026-10-14 22:15:00,PT5M,0.0,0.0,0.0,0.0,0.0
0,0,0,0,24,0.14,96.2,1.3,295,2026-10-14 22:20:00,PT5M,0.0,0.0,0.0,0.0,0.0
0,0,0,0,24,0.14,96.3,1.3,296,2026-10-14 22:25:00,PT5M,0.0,0.0,0.0,0.0,0.0
0,0,0,0,24,0.14,96.4,1.3,298,2026-10-14 22:30:00,PT5M,0.0,0.0,0.0,0.0,0.0
0,0,0,0,24,0.14,96.5,1.2,299,2026-10-14 22:35:00,PT5M,0.0,0.0,0.0,0.0,0.0
0,0,0,0,24,0.14,96.6,1.2,301,2026-10-14 22:40:00,PT5M,0.0,0.0,0.0,0.0,0.0
0,0,0,0,24,0.14,96.7,1.2,303,2026-10-14 22:45:00,PT5M,0.0,0.0,0.0,0.0,0.0
0,0,0,0,24,0.14,96.8,1.2,305,2026-10-14 22:50:00,PT5M,0.0,0.0,0.0,0.0,0.0
0,0,0,0,24,0.14,96.9,1.2,307,2026-10-14 22:55:00,PT5M,0.0,0.0,0.0,0.0,0.0
0,0,0,0,24,0.14,97.0,1.2,309,2026-10-14 23:00:00,PT5M,0.0,0.0,0.0,0.0,0.0
0,0,0,0,24,0.14,97.1,1.2,311,2026-10-14 23:05:00,PT5M,0.0,0.0,0.0,0.0,0.0
0,0,0,0,24,0.14,97.2,1.2,313,2026-10-14 23:10:00,PT5M,0.0,0.0,0.0,0.0,0.0
0,0,0,0,24,0.14,97.3,1.2,315,2026-10-14 23:15:00,PT5M,0.0,0.0,0.0,0.0,0.0
0,0,0,0,24,0.14,97.4,1.1,317,2026-10-14 23:20:00,PT5M,0.0,0.0,0.0,0.0,0.0
0,0,0,0,24,0.14,97.5,1.1,319,2026-10-14 23:25:00,PT5M,0.0,0.0,0.0,0.0,0.0
0,0,0,0,24,0.14,97.6,1.1,321,2026-10-14 23:30:00,PT5M,0.0,0.0,0.0,0.0,0.0
0,0,0,0,24,0.14,97.6,1.1,322,2026-10-14 23:35:00,PT5M,0.0,0.0,0.0,0.0,0.0
0,0,0,0,24,0.14,97.5,1.1,321,2026-10-14 23:40:00,PT5M,0.0,0.0,0.0,0.0,0.0
0,0,0,0,24,0.14,97.5,1.1,321,2026-10-14 23:45:00,PT5M,0.0,0.0,0.0,0.0,0.0
0,0,0,0,24,0.14,97.5,1.1,320,2026-10-14 23:50:00,PT5M,0.0,0.0,0.0,0.0,0.0
0,0,0,0,24,0.14,97.4,1.1,320,2026-10-14 23:55:00,PT5M,0.0,0.0,0.0,0.0,0.0
0,0,0,0,24,0.14,97.4,1.1,319,2026-10-15 00:00:00,PT5M,0.0,0.0,0.0,0.0,0.0
0,0,0,0,24,0.14,97.3,1.1,319,2026-10-15 00:05:00,PT5M,0.0,0.0,0.0,0.0,0.0
0,0,0,0,24,0.14,97.3,1.0,318,2026-10-15 00:10:00,PT5M,0.0,0.0,0.0,0.0,0.0
0,0,0,0,24,0.14,97.2,1.0,317,2026-10-15 00:15:00,PT5M,0.0,0.0,0.0,0.0,0.0
0,0,0,0,24,0.14,97.2,1.0,317,2026-10-15 00:20:00,PT5M,0.0,0.0,0.0,0.0,0.0
0,0,0,0,24,0.14,97.1,1.0,316,2026-10-15 00:25:00,PT5M,0.0,0.0,0.0,0.0,0.0
0,0,0,0,24,0.14,97.1,1.0,315,2026-10-15 00:30:00,PT5M,0.0,0.0,0.0,0.0,0.0
0,0,0,0,24,0.14,97.0,1.0,315,2026-10-15 00:35:00,PT5M,0.0,0.0,0.0,0.0,0.0
0,0,0,0,24,0.14,97.0,1.0,314,2026-10-15 00:40:00,PT5M,0.0,0.0,0.0,0.0,0.0
0,0,0,0,24,0.14,97.0,0.9,314,2026-10-15 00:45:00,PT5M,0.0,0.0,0.0,0.0,0.0
0,0,0,0,24,0.14,97.0,0.9,314,2026-10-15 00:50:00,PT5M,0.0,0.0,0.0,0.0,0.0
0,0,0,0,24,0.14,97.0,0.9,313,2026-10-15 00:55:00,PT5M,0.0,0.0,0.0,0.0,0.0
0,0,0,0,24,0.14,97.0,0.9,313,2026-10-15 01:00:00,PT5M,0.0,0.0,0.0,0.0,0.0
0,0,0,0,24,0.14,97.0,0.9,312,2026-10-15 01:05:00,PT5M,0.0,0.0,0.0,0.0,0.0
0,0,0,0,24,0.14,97.0,0.9,312,2026-10-15 01:10:00,PT5M,0.0,0.0,0.0,0.0,0.0
0,0,0,0,24,0.14,97.0,0.8,312,2026-10-15 01:15:00,PT5M,0.0,0.0,0.0,0.0,0.0
0,0,0,0,24,0.14,97.0,0.8,311,2026-10-15 01:20:00,PT5M,0.0,0.0,0.0,0.0,0.0
0,0,0,0,24,0.14,97.0,0.8,311,2026-10-15 01:25:00,PT5M,0.0,0.0,0.0,0.0,0.0
0,0,0,0,24,0.14,97.0,0.8,310,2026-10-15 01:30:00,PT5M,0.0,0.0,0.0,0.0,0.0
0,0,0,0,24,0.14,97.0,0.8,309,2026-10-15 01:35:00,PT5M,0.0,0.0,0.0,0.0,0.0
0,0,0,0,24,0.14,97.0,0.8,308,2026-10-15 01:40:00,PT5M,0.0,0.0,0.0,0.0,0.0
0,0,0,0,24,0.14,97.0,0.8,307,2026-10-15 01:45:00,PT5M,0.0,0.0,0.0,0.0,0.0
0,0,0,0,24,0.14,97.0,0.7,306,2026-10-15 01:50:00,PT5M,0.0,0.0,0.0,0.0,0.0
0,0,0,0,24,0.14,97.0,0.7,305,2026-10-15 01:55:00,PT5M,0.0,0.0,0.0,0.0,0.0
0,0,0,0,24,0.14,97.0,0.7,304,2026-10-15 02:00:00,PT5M,0.0,0.0,0.0,0.0,0.0
0,0,0,0,24,0.14,97.0,0.7,303,2026-10-15 02:05:00,PT5M,0.0,0.0,0.0,0.0,0.0
0,0,0,0,24,0.14,97.0,0.7,302,2026-10-15 02:10:00,PT5M,0.0,0.0,0.0,0.0,0.0
0,0,0,0,24,0.14,97.0,0.7,301,2026-10-15 02:15:00,PT5M,0.0,0.0,0.0,0.0,0.0
0,0,0,0,24,0.14,97.0,0.7,300,2026-10-15 02:20:00,PT5M,0.0,0.0,0.0,0.0,0.0
0,0,0,0,24,0.14,97.0,0.7,298,2026-10-15 02:25:00,PT5M,0.0,0.0,0.0,0.0,0.0
0,0,0,0,24,0.14,97.0,0.7,297,2026-10-15 02:30:00,PT5M,0.0,0.0,0.0,0.0,0.0
0,0,0,0,24,0.14,97.0,0.7,296,2026-10-15 02:35:00,PT5M,0.0,0.0,0.0,0.0,0.0
0,0,0,0,24,0.14,97.0,0.7,295,2026-10-15 02:40:00,PT5M,0.0,0.0,0.0,0.0,0.0
0,0,0,0,24,0.14,96.9,0.7,293,2026-10-15 02:45:00,PT5M,0.0,0.0,0.0,0.0,0.0
0,0,0,0,24,0.14,96.9,0.6,292,2026-10-15 02:50:00,PT5M,0.0,0.0,0.0,0.0,0.0
0,0,0,0,24,0.14,96.8,0.6,291,2026-10-15 02:55:00,PT5M,0.0,0.0,0.0,0.0,0.0
0,0,0,0,24,0.14,96.8,0.6,289,2026-10-15 03:00:00,PT5M,0.0,0.0,0.0,0.0,0.0
0,0,0,0,24,0.14,96.7,0.6,288,2026-10-15 03:05:00,PT5M,0.0,0.0,0.0,0.0,0.0
0,0,0,0,24,0.14,96.7,0.6,286,2026-10-15 03:10:00,PT5M,0.0,0.0,0.0,0.0,0.0
0,0,0,0,24,0.14,96.6,0.6,285,2026-10-15 03:15:00,PT5M,0.0,0.0,0.0,0.0,0.0
0,0,0,0,24,0.14,96.6,0.6,283,2026-10-15 03:20:00,PT5M,0.0,0.0,0.0,0.0,0.0
0,0,0,0,24,0.14,96.5,0.6,282,2026-10-15 03:25:00,PT5M,0.0,0.0,0.0,0.0,0.0
0,0,0,0,24,0.14,96.5,0.6,280,2026-10-15 03:30:00,PT5M,0.0,0.0,0.0,0.0,0.0
0,0,0,0,24,0.14,96.4,0.6,279,2026-10-15 03:35:00,PT5M,0.0,0.0,0.0,0.0,0.0
0,0,0,0,24,0.14,96.4,0.6,277,2026-10-15 03:40:00,PT5M,0.0,0.0,0.0,0.0,0.0
0,0,0,0,24,0.14,96.4,0.6,276,2026-10-15 03:45:00,PT5M,0.0,0.0,0.0,0.0,0.0
0,0,0,0,24,0.14,96.4,0.6,274,2026-10-15 03:50:00,PT5M,0.0,0.0,0.0,0.0,0.0
0,0,0,0,24,0.14,96.4,0.6,273,2026-10-15 03:55:00,PT5M,0.0,0.0,0.0,0.0,0.0
0,0,0,0,24,0.14,96.4,0.6,271,2026-10-15 04:00:00,PT5M,0.0,0.0,0.0,0.0,0.0
0,0,0,0,24,0.14,96.4,0.5,269,2026-10-15 04:05:00,PT5M,0.0,0.0,0.0,0.0,0.0
0,0,0,0,24,0.14,96.4,0.5,267,2026-10-15 04:10:00,PT5M,0.0,0.0,0.0,0.0,0.0
0,0,0,0,24,0.14,96.4,0.5,265,2026-10-15 04:15:00,PT5M,0.0,0.0,0.0,0.0,0.0
0,0,0,0,24,0.14,96.4,0.5,264,2026-10-15 04:20:00,PT5M,0.0,0.0,0.0,0.0,0.0
0,0,0,0,24,0.14,96.4,0.5,262,2026-10-15 04:25:00,PT5M,0.0,0.0,0.0,0.0,0.0
0,0,0,0,24,0.14,96.4,0.5,260,2026-10-15 04:30:00,PT5M,0.0,0.0,0.0,0.0,0.0
0,0,0,0,24,0.14,96.5,0.5,258,2026-10-15 04:35:00,PT5M,0.0,0.0,0.0,0.0,0.0
0,0,0,0,24,0.14,96.5,0.5,256,2026-10-15 04:40:00,PT5M,0.0,0.0,0.0,0.0,0.0
0,0,0,0,24,0.14,96.6,0.5,254,2026-10-15 04:45:00,PT5M,0.0,0.0,0.0,0.0,0.0
0,0,0,0,23,0.14,96.6,0.5,251,2026-10-15 04:50:00,PT5M,0.0,0.0,0.0,0.0,0.0
0,0,0,0,23,0.14,96.7,0.5,249,2026-10-15 04:55:00,PT5M,0.0,0.0,0.0,0.0,0.0
0,0,0,0,23,0.14,96.7,0.5,247,2026-10-15 05:00:00,PT5M,0.0,0.0,0.0,0.0,0.0
0,0,0,0,23,0.14,96.8,0.5,245,2026-10-15 05:05:00,PT5M,0.0,0.0,0.0,0.0,0.0
0,0,0,0,23,0.14,96.8,0.5,243,2026-10-15 05:10:00,PT5M,0.0,0.0,0.0,0.0,0.0
0,0,0,0,23,0.14,96.9,0.5,241,2026-10-15 05:15:00,PT5M,0.0,0.0,0.0,0.0,0.0
0,0,0,0,23,0.14,96.9,0.5,238,2026-10-15 05:20:00,PT5M,0.0,0.0,0.0,0.0,0.0
0,0,0,0,23,0.14,96.9,0.5,236,2026-10-15 05:25:00,PT5M,0.0,0.0,0.0,0.0,0.0
0,0,0,0,23,0.14,97.0,0.5,234,2026-10-15 05:30:00,PT5M,0.0,0.0,0.0,0.0,0.0
0,0,0,0,23,0.14,96.7,0.5,232,2026-10-15 05:35:00,PT5M,0.0,0.0,0.0,0.0,0.0
0,0,0,0,24,0.14,96.1,0.6,231,2026-10-15 05:40:00,PT5M,0.0,0.0,0.0,0.0,0.0
0,0,0,0,24,0.14,95.5,0.6,230,2026-10-15 05:45:00,PT5M,0.0,0.0,0.0,0.0,0.0
0,0,0,0,24,0.14,94.9,0.6,229,2026-10-15 05:50:00,PT5M,0.0,0.0,0.0,0.0,0.0
0,0,0,0,24,0.14,94.4,0.7,228,2026-10-15 05:55:00,PT5M,0.0,0.0,0.0,0.0,0.0
4,4,0,4,24,0.14,93.8,0.7,227,2026-10-15 06:00:00,PT5M,0.0,0.045,0.0237,0.0,0.0
10,10,0,10,24,0.14,93.2,0.7,227,2026-10-15 06:05:00,PT5M,0.698,1.379,1.0564,0.3396,0.017
17,17,0,17,24,0.14,92.6,0.8,226,2026-10-15 06:10:00,PT5M,1.661,3.191,2.4662,0.8558,0.131
25,25,0,25,24,0.14,92.1,0.8,225,2026-10-15 06:15:00,PT5M,2.702,5.4365,4.1412,1.2628,0.0
34,34,0,34,24,0.14,91.5,0.8,225,2026-10-15 06:20:00,PT5M,3.8,7.9705,5.995,1.605,0.0
44,44,0,44,24,0.14,90.9,0.9,224,2026-10-15 06:25:00,PT5M,5.038,10.824,8.0832,1.9928,0.0
54,54,0,54,25,0.14,90.4,0.9,224,2026-10-15 06:30:00,PT5M,6.432,14.035,10.4335,2.4305,0.0
66,66,0,66,25,0.14,89.8,0.9,223,2026-10-15 06:35:00,PT5M,7.85,17.3455,12.8475,2.8525,0.0
79,79,7,77,25,0.14,89.3,1.0,223,2026-10-15 06:40:00,PT5M,9.631,21.008,15.6188,3.6432,0.0
93,92,28,87,25,0.14,88.7,1.0,223,2026-10-15 06:45:00,PT5M,12.121,25.3565,19.0869,5.1551,0.0
108,107,48,96,25,0.14,88.2,1.0,222,2026-10-15 06:50:00,PT5M,14.8,29.936,22.7662,6.8338,0.0
123,122,70,104,25,0.14,87.6,1.1,222,2026-10-15 06:55:00,PT5M,17.682,34.7485,26.6642,8.6998,0.6155
139,137,89,113,25,0.14,87.1,1.1,222,2026-10-15 07:00:00,PT5M,20.58,39.664,30.624,10.536,1.496
155,152,106,121,25,0.14,86.6,1.2,221,2026-10-15 07:05:00,PT5M,23.635,44.8055,34.7772,12.4928,2.4645
171,168,124,130,25,0.14,86.0,1.2,221,2026-10-15 07:10:00,PT5M,26.877,50.1695,39.136,14.618,3.5845
187,184,141,137,26,0.14,85.5,1.2,221,2026-10-15 07:15:00,PT5M,30.258,55.679,43.6373,16.8787,4.837
204,201,158,145,26,0.14,85.0,1.3,221,2026-10-15 07:20:00,PT5M,33.746,61.2905,48.2429,19.2491,6.2015
221,217,176,152,26,0.14,84.5,1.3,220,2026-10-15 07:25:00,PT5M,37.358,67.0185,52.9685,21.7475,7.6975
239,235,193,159,26,0.14,84.0,1.3,220,2026-10-15 07:30:00,PT5M,41.086,72.882,57.8205,24.3515,9.29
257,252,211,166,26,0.14,83.5,1.4,220,2026-10-15 07:35:00,PT5M,45.064,79.0215,62.9361,27.1919,11.1065
276,271,231,171,26,0.14,83.0,1.4,220,2026-10-15 07:40:00,PT5M,48.985,84.77,67.8189,30.1511,13.2
296,290,252,177,26,0.14,82.5,1.4,220,2026-10-15 07:45:00,PT5M,52.217,88.517,71.3219,33.1121,15.917
315,309,272,181,26,0.14,82.0,1.5,219,2026-10-15 07:50:00,PT5M,55.409,92.1635,74.7532,36.0648,18.6545
335,328,294,186,26,0.14,81.5,1.5,219,2026-10-15 07:55:00,PT5M,58.547,95.691,78.0962,38.9978,21.403
356,348,315,189,27,0.14,81.0,1.5,219,2026-10-15 08:00:00,PT5M,61.619,99.1035,81.3474,41.8906,24.1345
377,368,337,192,27,0.14,80.5,1.6,219,2026-10-15 08:05:00,PT5M,64.606,100.0,84.4701,44.7419,26.8635
397,389,359,195,27,0.14,80.0,1.6,219,2026-10-15 08:10:00,PT5M,67.494,100.0,87.445,47.543,29.5865
419,409,381,196,27,0.14,79.5,1.7,219,2026-10-15 08:15:00,PT5M,70.242,100.0,90.228,50.256,32.268
440,430,404,198,27,0.14,79.0,1.7,218,2026-10-15 08:20:00,PT5M,72.898,100.0,92.8558,52.9402,34.9775
462,451,427,198,27,0.14,78.6,1.7,218,2026-10-15 08:25:00,PT5M,75.431,100.0,95.3233,55.5387,37.635
483,472,450,198,27,0.14,78.1,1.8,218,2026-10-15 08:30:00,PT5M,77.875,100.0,97.7081,58.0419,40.1915
502,490,463,201,27,0.14,77.5,1.8,218,2026-10-15 08:35:00,PT5M,79.457,100.0,99.2385,59.6755,41.8715
517,505,466,206,27,0.14,76.8,1.8,218,2026-10-15 08:40:00,PT5M,80.2,100.0,99.9828,60.4172,42.612
531,519,469,210,28,0.14,76.0,1.8,218,2026-10-15 08:45:00,PT5M,80.898,100.0,100.0,61.1199,43.319
545,533,472,215,28,0.14,75.3,1.8,218,2026-10-15 08:50:00,PT5M,81.558,100.0,100.0,61.7912,44.0005
559,546,474,220,28,0.14,74.6,1.8,218,2026-10-15 08:55:00,PT5M,82.182,100.0,100.0,62.4452,44.6815
572,560,476,225,28,0.14,73.9,1.9,218,2026-10-15 09:00:00,PT5M,82.774,100.0,100.0,63.202,45.5865
585,573,480,229,28,0.14,73.2,1.9,218,2026-10-15 09:05:00,PT5M,83.434,100.0,100.0,64.0277,46.5615
599,586,484,233,28,0.14,72.5,1.9,218,2026-10-15 09:10:00,PT5M,84.11,100.0,100.0,64.8679,47.5495
612,599,488,236,28,0.14,71.8,1.9,218,2026-10-15 09:15:00,PT5M,84.752,100.0,100.0,65.6699,48.4955
625,612,491,240,29,0.14,71.2,1.9,218,2026-10-15 09:20:00,PT5M,85.362,100.0,100.0,66.4355,49.401
637,624,494,243,29,0.14,70.5,1.9,218,2026-10-15 09:25:00,PT5M,85.941,100.0,100.0,67.1658,50.2675
649,636,498,246,29,0.14,69.8,1.9,218,2026-10-15 09:30:00,PT5M,86.491,100.0,100.0,67.8624,51.096
662,648,502,249,29,0.14,69.2,2.0,218,2026-10-15 09:35:00,PT5M,87.081,100.0,100.0,68.6031,51.9725
674,660,506,251,29,0.14,68.5,2.0,218,2026-10-15 09:40:00,PT5M,87.708,100.0,100.0,69.3854,52.8945
686,672,511,253,29,0.14,67.9,2.0,218,2026-10-15 09:45:00,PT5M,88.304,100.0,100.0,70.1322,53.777
697,683,515,255,29,0.14,67.3,2.0,218,2026-10-15 09:50:00,PT5M,88.822,100.0,100.0,70.7931,54.5665
708,694,518,258,30,0.14,66.6,2.0,218,2026-10-15 09:55:00,PT5M,89.312,100.0,100.0,71.4197,55.316
718,704,522,260,30,0.14,66.0,2.0,218,2026-10-15 10:00:00,PT5M,89.775,100.0,100.0,72.0132,56.027
728,714,525,262,30,0.14,65.4,2.0,218,2026-10-15 10:05:00,PT5M,90.201,100.0,100.0,72.5637,56.6895
738,723,527,264,30,0.14,64.8,2.1,218,2026-10-15 10:10:00,PT5M,90.591,100.0,100.0,73.0723,57.305
747,732,530,266,30,0.14,64.2,2.1,218,2026-10-15 10:15:00,PT5M,90.957,100.0,100.0,73.5523,57.8875
755,741,532,268,30,0.14,63.6,2.1,218,2026-10-15 10:20:00,PT5M,91.298,100.0,100.0,74.0022,58.4355
764,749,534,270,30,0.14,63.0,2.1,218,2026-10-15 10:25:00,PT5M,91.616,100.0,100.0,74.425,58.9525
772,757,536,271,31,0.14,62.4,2.1,218,2026-10-15 10:30:00,PT5M,91.884,100.0,100.0,74.7932,59.411
779,764,539,273,31,0.14,61.9,2.1,218,2026-10-15 10:35:00,PT5M,92.154,100.0,100.0,75.1595,59.864
786,771,540,274,31,0.14,61.3,2.1,218,2026-10-15 10:40:00,PT5M,92.401,100.0,100.0,75.4973,60.2835
793,778,542,276,31,0.14,60.7,2.1,218,2026-10-15 10:45:00,PT5M,92.621,100.0,100.0,75.8013,60.663
799,784,544,277,31,0.14,60.2,2.2,218,2026-10-15 10:50:00,PT5M,92.811,100.0,100.0,76.0639,60.991
804,789,546,278,31,0.14,59.6,2.2,218,2026-10-15 10:55:00,PT5M,92.967,100.0,100.0,76.2754,61.2525
810,795,547,279,31,0.14,59.1,2.2,218,2026-10-15 11:00:00,PT5M,93.116,100.0,100.0,76.49,61.526
814,799,548,280,31,0.14,58.5,2.2,218,2026-10-15 11:05:00,PT5M,93.25,100.0,100.0,76.6913,61.788
819,804,550,281,32,0.14,58.0,2.2,218,2026-10-15 11:10:00,PT5M,93.355,100.0,100.0,76.8505,61.996
823,807,551,282,32,0.14,57.4,2.2,218,2026-10-15 11:15:00,PT5M,93.435,100.0,100.0,76.9753,62.161
826,811,552,282,32,0.14,56.9,2.2,218,2026-10-15 11:20:00,PT5M,93.492,100.0,100.0,77.0704,62.2905
829,813,553,283,32,0.14,56.4,2.3,218,2026-10-15 11:25:00,PT5M,93.526,100.0,100.0,77.1365,62.3855
831,816,553,283,32,0.14,55.9,2.3,218,2026-10-15 11:30:00,PT5M,93.538,100.0,100.0,77.1751,62.448
831,816,550,285,32,0.14,55.7,2.3,217,2026-10-15 11:35:00,PT5M,93.385,100.0,100.0,76.989,62.232
829,814,544,288,32,0.14,56.0,2.3,216,2026-10-15 11:40:00,PT5M,93.07,100.0,100.0,76.5808,61.74
827,812,538,292,32,0.14,56.2,2.3,215,2026-10-15 11:45:00,PT5M,92.731,100.0,100.0,76.1423,61.212
824,809,531,295,32,0.14,56.4,2.3,213,2026-10-15 11:50:00,PT5M,92.412,100.0,100.0,75.7178,60.6925
820,806,525,298,32,0.14,56.7,2.4,212,2026-10-15 11:55:00,PT5M,92.087,100.0,100.0,75.2812,60.1555
816,802,518,301,32,0.14,56.9,2.4,211,2026-10-15 12:00:00,PT5M,91.794,100.0,100.0,74.8709,59.6395
812,797,511,304,32,0.14,57.1,2.4,210,2026-10-15 12:05:00,PT5M,91.475,100.0,100.0,74.4292,59.0875
807,793,505,306,32,0.14,57.4,2.4,208,2026-10-15 12:10:00,PT5M,91.131,100.0,100.0,73.9576,58.501
801,787,498,308,32,0.14,57.6,2.4,207,2026-10-15 12:15:00,PT5M,90.76,100.0,100.0,73.4537,57.8775
795,782,491,311,32,0.14,57.8,2.5,206,2026-10-15 12:20:00,PT5M,90.364,100.0,100.0,72.9203,57.2205
789,776,484,313,32,0.14,58.1,2.5,205,2026-10-15 12:25:00,PT5M,89.941,100.0,100.0,72.3566,56.53
782,769,476,315,32,0.14,58.3,2.5,204,2026-10-15 12:30:00,PT5M,89.492,100.0,100.0,71.7626,55.8055
775,762,468,317,31,0.14,58.6,2.6,203,2026-10-15 12:35:00,PT5M,88.958,100.0,100.0,71.0901,55.0085
766,753,459,319,31,0.14,58.8,2.6,202,2026-10-15 12:40:00,PT5M,88.332,100.0,100.0,70.3283,54.1245
757,745,450,321,31,0.14,59.1,2.6,201,2026-10-15 12:45:00,PT5M,87.669,100.0,100.0,69.5204,53.186
748,735,441,323,31,0.14,59.3,2.6,200,2026-10-15 12:50:00,PT5M,86.987,100.0,100.0,68.6976,52.2365
738,726,431,325,31,0.14,59.5,2.7,199,2026-10-15 12:55:00,PT5M,86.299,100.0,100.0,67.879,51.3005
728,716,422,326,31,0.14,59.8,2.7,198,2026-10-15 13:00:00,PT5M,85.56,100.0,100.0,66.9943,50.2845
718,706,413,327,31,0.14,60.0,2.7,197,2026-10-15 13:05:00,PT5M,84.781,100.0,100.0,66.0631,49.2165
707,696,404,328,31,0.14,60.3,2.8,196,2026-10-15 13:10:00,PT5M,83.967,100.0,100.0,65.0931,48.106
696,685,395,328,31,0.14,60.5,2.8,195,2026-10-15 13:15:00,PT5M,83.121,100.0,100.0,64.0889,46.9595
685,674,386,328,31,0.14,60.8,2.8,194,2026-10-15 13:20:00,PT5M,82.245,100.0,100.0,63.0535,45.7805
673,663,377,328,31,0.14,61.1,2.9,193,2026-10-15 13:25:00,PT5M,81.337,100.0,100.0,61.9849,44.5675
661,651,368,328,31,0.14,61.3,2.9,192,2026-10-15 13:30:00,PT5M,80.395,100.0,99.9089,60.8811,43.318
650,640,360,327,31,0.14,61.6,2.9,191,2026-10-15 13:35:00,PT5M,79.481,100.0,99.1583,59.8037,42.0935
638,629,352,326,31,0.14,61.8,3.0,191,2026-10-15 13:40:00,PT5M,78.524,100.0,98.366,58.682,40.8235
627,617,345,324,31,0.14,62.1,3.0,190,2026-10-15 13:45:00,PT5M,77.61,100.0,97.6184,57.6016,39.5935
615,606,338,322,31,0.14,62.3,3.1,189,2026-10-15 13:50:00,PT5M,76.662,100.0,96.8382,56.4858,38.3265
603,594,331,320,31,0.14,62.6,3.1,188,2026-10-15 13:55:00,PT5M,75.679,100.0,96.025,55.333,37.021
590,581,323,317,30,0.14,62.9,3.1,188,2026-10-15 14:00:00,PT5M,74.655,100.0,95.1728,54.1372,35.6705
577,569,315,315,30,0.14,63.1,3.2,187,2026-10-15 14:05:00,PT5M,73.557,100.0,94.2496,52.8644,34.2405
564,556,307,312,30,0.14,63.4,3.2,186,2026-10-15 14:10:00,PT5M,72.425,100.0,93.2928,51.5572,32.7755
551,543,299,309,30,0.14,63.7,3.3,186,2026-10-15 14:15:00,PT5M,71.258,100.0,92.3008,50.2152,31.276
537,530,291,305,30,0.14,63.9,3.3,185,2026-10-15 14:20:00,PT5M,70.058,100.0,91.2761,48.8399,29.743
524,516,283,302,30,0.14,64.2,3.3,184,2026-10-15 14:25:00,PT5M,68.821,100.0,90.2138,47.4282,28.174
510,503,276,298,30,0.14,64.5,3.4,184,2026-10-15 14:30:00,PT5M,67.549,100.0,89.1163,45.9817,26.5705
495,489,267,294,30,0.14,64.8,3.4,184,2026-10-15 14:35:00,PT5M,66.174,100.0,87.915,44.433,24.8655
481,474,257,290,30,0.14,65.1,3.4,185,2026-10-15 14:40:00,PT5M,64.694,100.0,86.6147,42.7733,23.044
466,460,248,286,30,0.14,65.5,3.4,185,2026-10-15 14:45:00,PT5M,63.219,100.0,85.2976,41.1404,21.269
451,445,240,281,30,0.14,65.8,3.4,186,2026-10-15 14:50:00,PT5M,61.757,100.0,83.8653,39.6487,19.7505
437,431,231,276,30,0.14,66.2,3.4,187,2026-10-15 14:55:00,PT5M,60.256,100.0,82.3838,38.1282,18.2125
422,416,223,271,30,0.14,66.5,3.4,188,2026-10-15 15:00:00,PT5M,58.75,100.0,80.886,36.614,16.691
407,402,213,265,30,0.14,66.9,3.4,189,2026-10-15 15:05:00,PT5M,57.11,99.134,79.2275,34.9925,15.086
392,387,203,260,29,0.14,67.2,3.4,189,2026-10-15 15:10:00,PT5M,55.349,97.2845,77.42,33.278,13.4135
377,372,193,255,29,0.14,67.6,3.4,190,2026-10-15 15:15:00,PT5M,53.526,95.337,75.5314,31.5206,11.715
361,357,182,249,29,0.14,68.0,3.4,191,2026-10-15 15:20:00,PT5M,51.643,93.2225,73.5266,29.7594,10.0635
346,342,172,244,29,0.14,68.3,3.4,192,2026-10-15 15:25:00,PT5M,49.696,91.055,71.4635,27.9285,8.337
331,327,161,237,29,0.14,68.7,3.4,193,2026-10-15 15:30:00,PT5M,47.675,88.7375,69.2865,26.0635,6.6125
316,312,151,231,29,0.14,69.0,3.4,194,2026-10-15 15:35:00,PT5M,45.673,86.3255,67.0687,24.2773,5.0205
301,297,141,224,29,0.14,69.4,3.4,194,2026-10-15 15:40:00,PT5M,43.659,83.803,64.7871,22.5309,3.515
286,283,131,217,29,0.14,69.8,3.4,195,2026-10-15 15:45:00,PT5M,41.571,81.1135,62.3825,20.7595,2.0285
271,268,121,210,29,0.14,70.2,3.4,196,2026-10-15 15:50:00,PT5M,39.413,78.2705,59.864,18.962,0.5555
256,254,111,202,29,0.14,70.5,3.4,197,2026-10-15 15:55:00,PT5M,37.19,75.288,57.2412,17.1388,0.0
241,239,100,195,29,0.14,70.9,3.4,198,2026-10-15 16:00:00,PT5M,35.134,72.404,54.7495,15.5185,0.0
227,225,90,187,29,0.14,71.3,3.4,199,2026-10-15 16:05:00,PT5M,32.888,69.3175,52.0611,13.7149,0.0
213,211,82,178,29,0.14,71.7,3.4,199,2026-10-15 16:10:00,PT5M,30.606,64.9365,48.6744,12.5376,0.0
199,197,73,169,29,0.14,72.1,3.4,200,2026-10-15 16:15:00,PT5M,28.226,60.276,45.0941,11.3579,0.0
185,184,63,160,28,0.14,72.5,3.4,201,2026-10-15 16:20:00,PT5M,25.845,55.648,41.5305,10.1595,0.0
171,170,54,151,28,0.14,72.9,3.4,202,2026-10-15 16:25:00,PT5M,23.491,51.0665,38.0042,8.9778,0.0
157,157,44,142,28,0.14,73.2,3.4,203,2026-10-15 16:30:00,PT5M,21.179,46.5335,34.5233,7.8347,0.0
144,143,33,133,28,0.14,73.6,3.4,203,2026-10-15 16:35:00,PT5M,18.858,41.987,31.031,6.685,0.0
130,130,22,124,28,0.14,74.0,3.4,204,2026-10-15 16:40:00,PT5M,16.684,37.558,27.6701,5.6979,0.0
117,117,10,114,28,0.14,74.4,3.4,205,2026-10-15 16:45:00,PT5M,14.481,33.1775,24.3211,4.6409,0.0
104,104,0,104,28,0.14,74.8,3.4,206,2026-10-15 16:50:00,PT5M,12.411,28.999,21.1414,3.6806,0.0
91,91,0,91,28,0.14,75.2,3.4,207,2026-10-15 16:55:00,PT5M,10.873,25.451,18.5455,3.2005,0.0
78,79,0,79,28,0.14,75.6,3.5,207,2026-10-15 17:00:00,PT5M,9.322,21.9605,15.9737,2.6703,0.0
67,67,0,67,28,0.14,76.1,3.5,208,2026-10-15 17:05:00,PT5M,7.822,18.5615,13.4743,2.1697,0.0
56,56,0,56,28,0.14,76.5,3.5,209,2026-10-15 17:10:00,PT5M,6.496,15.366,11.1643,1.8277,0.0
45,46,0,46,28,0.14,76.9,3.5,210,2026-10-15 17:15:00,PT5M,5.232,12.276,8.9393,1.5247,0.0
36,36,0,36,28,0.14,77.3,3.5,210,2026-10-15 17:20:00,PT5M,3.977,9.3025,6.7798,1.1742,0.0
28,28,0,28,27,0.14,77.7,3.5,211,2026-10-15 17:25:00,PT5M,2.898,6.725,4.9122,0.8838,0.0
20,20,0,20,27,0.14,78.1,3.5,212,2026-10-15 17:30:00,PT5M,1.958,4.361,3.2227,0.6933,0.0
13,13,0,13,27,0.14,78.4,3.5,212,2026-10-15 17:35:00,PT5M,1.092,2.3725,1.7659,0.4181,0.0
7,7,0,7,27,0.14,78.7,3.5,213,2026-10-15 17:40:00,PT5M,0.307,0.8395,0.5873,0.0267,0.0
2,2,0,2,27,0.14,78.9,3.5,213,2026-10-15 17:45:00,PT5M,0.0,0.0,0.0,0.0,0.0
0,0,0,0,27,0.14,79.1,3.4,213,2026-10-15 17:50:00,PT5M,0.0,0.0,0.0,0.0,0.0
0,0,0,0,27,0.14,79.3,3.4,214,2026-10-15 17:55:00,PT5M,0.0,0.0,0.0,0.0,0.0
0,0,0,0,27,0.14,79.5,3.4,214,2026-10-15 18:00:00,PT5M,0.0,0.0,0.0,0.0,0.0
0,0,0,0,27,0.14,79.7,3.3,214,2026-10-15 18:05:00,PT5M,0.0,0.0,0.0,0.0,0.0
0,0,0,0,27,0.14,79.9,3.3,215,2026-10-15 18:10:00,PT5M,0.0,0.0,0.0,0.0,0.0
0,0,0,0,27,0.14,80.1,3.3,215,2026-10-15 18:15:00,PT5M,0.0,0.0,0.0,0.0,0.0
0,0,0,0,27,0.14,80.3,3.2,215,2026-10-15 18:20:00,PT5M,0.0,0.0,0.0,0.0,0.0
0,0,0,0,27,0.14,80.5,3.2,216,2026-10-15 18:25:00,PT5M,0.0,0.0,0.0,0.0,0.0
0,0,0,0,27,0.14,80.7,3.2,216,2026-10-15 18:30:00,PT5M,0.0,0.0,0.0,0.0,0.0
0,0,0,0,27,0.14,80.9,3.1,217,2026-10-15 18:35:00,PT5M,0.0,0.0,0.0,0.0,0.0
0,0,0,0,27,0.14,81.1,3.1,217,2026-10-15 18:40:00,PT5M,0.0,0.0,0.0,0.0,0.0
0,0,0,0,27,0.14,81.4,3.1,217,2026-10-15 18:45:00,PT5M,0.0,0.0,0.0,0.0,0.0
0,0,0,0,27,0.14,81.6,3.0,218,2026-10-15 18:50:00,PT5M,0.0,0.0,0.0,0.0,0.0
0,0,0,0,27,0.14,81.8,3.0,218,2026-10-15 18:55:00,PT5M,0.0,0.0,0.0,0.0,0.0
0,0,0,0,26,0.14,82.0,3.0,219,2026-10-15 19:00:00,PT5M,0.0,0.0,0.0,0.0,0.0
0,0,0,0,26,0.14,82.2,2.9,219,2026-10-15 19:05:00,PT5M,0.0,0.0,0.0,0.0,0.0
0,0,0,0,26,0.14,82.4,2.9,219,2026-10-15 19:10:00,PT5M,0.0,0.0,0.0,0.0,0.0
0,0,0,0,26,0.14,82.6,2.9,220,2026-10-15 19:15:00,PT5M,0.0,0.0,0.0,0.0,0.0
0,0,0,0,26,0.14,82.9,2.8,220,2026-10-15 19:20:00,PT5M,0.0,0.0,0.0,0.0,0.0
0,0,0,0,26,0.14,83.1,2.8,221,2026-10-15 19:25:00,PT5M,0.0,0.0,0.0,0.0,0.0
0,0,0,0,26,0.14,83.3,2.8,221,2026-10-15 19:30:00,PT5M,0.0,0.0,0.0,0.0,0.0
0,0,0,0,26,0.14,83.5,2.7,222,2026-10-15 19:35:00,PT5M,0.0,0.0,0.0,0.0,0.0
0,0,0,0,26,0.14,83.7,2.7,222,2026-10-15 19:40:00,PT5M,0.0,0.0,0.0,0.0,0.0
0,0,0,0,26,0.14,84.0,2.7,223,2026-10-15 19:45:00,PT5M,0.0,0.0,0.0,0.0,0.0
0,0,0,0,26,0.14,84.2,2.7,223,2026-10-15 19:50:00,PT5M,0.0,0.0,0.0,0.0,0.0
0,0,0,0,26,0.14,84.4,2.6,224,2026-10-15 19:55:00,PT5M,0.0,0.0,0.0,0.0,0.0
0,0,0,0,26,0.14,84.6,2.6,224,2026-10-15 20:00:00,PT5M,0.0,0.0,0.0,0.0,0.0
0,0,0,0,26,0.14,84.8,2.6,225,2026-10-15 20:05:00,PT5M,0.0,0.0,0.0,0.0,0.0
0,0,0,0,26,0.14,85.1,2.5,226,2026-10-15 20:10:00,PT5M,0.0,0.0,0.0,0.0,0.0
0,0,0,0,26,0.14,85.3,2.5,226,2026-10-15 20:15:00,PT5M,0.0,0.0,0.0,0.0,0.0
0,0,0,0,26,0.14,85.5,2.5,227,2026-10-15 20:20:00,PT5M,0.0,0.0,0.0,0.0,0.0
0,0,0,0,26,0.14,85.7,2.5,227,2026-10-15 20:25:00,PT5M,0.0,0.0,0.0,0.0,0.0
0,0,0,0,26,0.14,86.0,2.4,228,2026-10-15 20:30:00,PT5M,0.0,0.0,0.0,0.0,0.0
0,0,0,0,26,0.14,86.1,2.4,228,2026-10-15 20:35:00,PT5M,0.0,0.0,0.0,0.0,0.0
0,0,0,0,26,0.14,86.3,2.4,228,2026-10-15 20:40:00,PT5M,0.0,0.0,0.0,0.0,0.0
0,0,0,0,25,0.14,86.4,2.3,228,2026-10-15 20:45:00,PT5M,0.0,0.0,0.0,0.0,0.0
0,0,0,0,25,0.14,86.5,2.3,228,2026-10-15 20:50:00,PT5M,0.0,0.0,0.0,0.0,0.0
0,0,0,0,25,0.14,86.7,2.3,228,2026-10-15 20:55:00,PT5M,0.0,0.0,0.0,0.0,0.0
0,0,0,0,25,0.14,86.8,2.2,228,2026-10-15 21:00:00,PT5M,0.0,0.0,0.0,0.0,0.0
0,0,0,0,25,0.14,86.9,2.2,228,2026-10-15 21:05:00,PT5M,0.0,0.0,0.0,0.0,0.0
0,0,0,0,25,0.14,87.0,2.2,228,2026-10-15 21:10:00,PT5M,0.0,0.0,0.0,0.0,0.0
0,0,0,0,25,0.14,87.2,2.1,227,2026-10-15 21:15:00,PT5M,0.0,0.0,0.0,0.0,0.0
0,0,0,0,25,0.14,87.3,2.1,227,2026-10-15 21:20:00,PT5M,0.0,0.0,0.0,0.0,0.0
0,0,0,0,25,0.14,87.4,2.1,227,2026-10-15 21:25:00,PT5M,0.0,0.0,0.0,0.0,0.0
0,0,0,0,25,0.14,87.6,2.0,227,2026-10-15 21:30:00,PT5M,0.0,0.0,0.0,0.0,0.0
0,0,0,0,25,0.14,87.7,2.0,227,2026-10-15 21:35:00,PT5M,0.0,0.0,0.0,0.0,0.0
0,0,0,0,25,0.14,87.8,2.0,227,2026-10-15 21:40:00,PT5M,0.0,0.0,0.0,0.0,0.0
0,0,0,0,25,0.14,88.0,1.9,227,2026-10-15 21:45:00,PT5M,0.0,0.0,0.0,0.0,0.0
0,0,0,0,25,0.14,88.1,1.9,227,2026-10-15 21:50:00,PT5M,0.0,0.0,0.0,0.0,0.0
0,0,0,0,25,0.14,88.2,1.9,226,2026-10-15 21:55:00,PT5M,0.0,0.0,0.0,0.0,0.0
0,0,0,0,25,0.14,88.4,1.8,226,2026-10-15 22:00:00,PT5M,0.0,0.0,0.0,0.0,0.0
0,0,0,0,25,0.14,88.5,1.8,226,2026-10-15 22:05:00,PT5M,0.0,0.0,0.0,0.0,0.0
0,0,0,0,25,0.14,88.6,1.8,226,2026-10-15 22:10:00,PT5M,0.0,0.0,0.0,0.0,0.0
0,0,0,0,25,0.14,88.8,1.7,226,2026-10-15 22:15:00,PT5M,0.0,0.0,0.0,0.0,0.0
0,0,0,0,25,0.14,88.9,1.7,226,2026-10-15 22:20:00,PT5M,0.0,0.0,0.0,0.0,0.0
0,0,0,0,25,0.14,89.0,1.7,225,2026-10-15 22:25:00,PT5M,0.0,0.0,0.0,0.0,0.0
0,0,0,0,25,0.14,89.1,1.6,225,2026-10-15 22:30:00,PT5M,0.0,0.0,0.0,0.0,0.0
0,0,0,0,25,0.14,89.3,1.6,225,2026-10-15 22:35:00,PT5M,0.0,0.0,0.0,0.0,0.0
0,0,0,0,25,0.14,89.4,1.6,225,2026-10-15 22:40:00,PT5M,0.0,0.0,0.0,0.0,0.0
0,0,0,0,25,0.14,89.5,1.5,224,2026-10-15 22:45:00,PT5M,0.0,0.0,0.0,0.0,0.0
0,0,0,0,25,0.14,89.7,1.5,224,2026-10-15 22:50:00,PT5M,0.0,0.0,0.0,0.0,0.0
0,0,0,0,25,0.14,89.8,1.5,224,2026-10-15 22:55:00,PT5M,0.0,0.0,0.0,0.0,0.0
0,0,0,0,25,0.14,90.0,1.4,224,2026-10-15 23:00:00,PT5M,0.0,0.0,0.0,0.0,0.0
0,0,0,0,25,0.14,90.1,1.4,223,2026-10-15 23:05:00,PT5M,0.0,0.0,0.0,0.0,0.0
0,0,0,0,25,0.14,90.2,1.4,223,2026-10-15 23:10:00,PT5M,0.0,0.0,0.0,0.0,0.0
0,0,0,0,25,0.14,90.4,1.3,223,2026-10-15 23:15:00,PT5M,0.0,0.0,0.0,0.0,0.0
0,0,0,0,25,0.14,90.5,1.3,223,2026-10-15 23:20:00,PT5M,0.0,0.0,0.0,0.0,0.0
0,0,0,0,25,0.14,90.6,1.3,222,2026-10-15 23:25:00,PT5M,0.0,0.0,0.0,0.0,0.0
0,0,0,0,25,0.14,90.8,1.2,222,2026-10-15 23:30:00,PT5M,0.0,0.0,0.0,0.0,0.0
0,0,0,0,25,0.14,90.9,1.2,222,2026-10-15 23:35:00,PT5M,0.0,0.0,0.0,0.0,0.0
0,0,0,0,25,0.14,90.9,1.2,222,2026-10-15 23:40:00,PT5M,0.0,0.0,0.0,0.0,0.0
0,0,0,0,25,0.14,91.0,1.2,222,2026-10-15 23:45:00,PT5M,0.0,0.0,0.0,0.0,0.0
0,0,0,0,25,0.14,91.0,1.2,223,2026-10-15 23:50:00,PT5M,0.0,0.0,0.0,0.0,0.0
0,0,0,0,25,0.14,91.1,1.2,223,2026-10-15 23:55:00,PT5M,0.0,0.0,0.0,0.0,0.0
0,0,0,0,25,0.14,91.2,1.3,223,2026-10-16 00:00:00,PT5M,0.0,0.0,0.0,0.0,0.0
0,0,0,0,25,0.14,91.2,1.3,224,2026-10-16 00:05:00,PT5M,0.0,0.0,0.0,0.0,0.0
0,0,0,0,25,0.14,91.3,1.3,224,2026-10-16 00:10:00,PT5M,0.0,0.0,0.0,0.0,0.0
0,0,0,0,25,0.14,91.3,1.3,224,2026-10-16 00:15:00,PT5M,0.0,0.0,0.0,0.0,0.0
0,0,0,0,25,0.14,91.4,1.3,224,2026-10-16 00:20:00,PT5M,0.0,0.0,0.0,0.0,0.0
0,0,0,0,25,0.14,91.5,1.3,225,2026-10-16 00:25:00,PT5M,0.0,0.0,0.0,0.0,0.0
0,0,0,0,25,0.14,91.5,1.3,225,2026-10-16 00:30:00,PT5M,0.0,0.0,0.0,0.0,0.0
0,0,0,0,25,0.14,91.6,1.3,225,2026-10-16 00:35:00,PT5M,0.0,0.0,0.0,0.0,0.0
0,0,0,0,24,0.14,91.6,1.3,225,2026-10-16 00:40:00,PT5M,0.0,0.0,0.0,0.0,0.0
0,0,0,0,24,0.14,91.7,1.3,226,2026-10-16 00:45:00,PT5M,0.0,0.0,0.0,0.0,0.0
0,0,0,0,24,0.14,91.8,1.4,226,2026-10-16 00:50:00,PT5M,0.0,0.0,0.0,0.0,0.0
0,0,0,0,24,0.14,91.8,1.4,226,2026-10-16 00:55:00,PT5M,0.0,0.0,0.0,0.0,0.0
0,0,0,0,24,0.14,91.9,1.4,226,2026-10-16 01:00:00,PT5M,0.0,0.0,0.0,0.0,0.0
0,0,0,0,24,0.14,91.9,1.4,227,2026-10-16 01:05:00,PT5M,0.0,0.0,0.0,0.0,0.0
0,0,0,0,24,0.14,92.0,1.4,227,2026-10-16 01:10:00,PT5M,0.0,0.0,0.0,0.0,0.0
0,0,0,0,24,0.14,92.1,1.4,227,2026-10-16 01:15:00,PT5M,0.0,0.0,0.0,0.0,0.0
0,0,0,0,24,0.14,92.1,1.4,227,2026-10-16 01:20:00,PT5M,0.0,0.0,0.0,0.0,0.0
0,0,0,0,24,0.14,92.2,1.4,227,2026-10-16 01:25:00,PT5M,0.0,0.0,0.0,0.0,0.0
0,0,0,0,24,0.14,92.2,1.4,228,2026-10-16 01:30:00,PT5M,0.0,0.0,0.0,0.0,0.0
0,0,0,0,24,0.14,92.3,1.4,228,2026-10-16 01:35:00,PT5M,0.0,0.0,0.0,0.0,0.0
0,0,0,0,24,0.14,92.4,1.5,228,2026-10-16 01:40:00,PT5M,0.0,0.0,0.0,0.0,0.0
0,0,0,0,24,0.14,92.4,1.5,228,2026-10-16 01:45:00,PT5M,0.0,0.0,0.0,0.0,0.0
0,0,0,0,24,0.14,92.5,1.5,229,2026-10-16 01:50:00,PT5M,0.0,0.0,0.0,0.0,0.0
0,0,0,0,24,0.14,92.6,1.5,229,2026-10-16 01:55:00,PT5M,0.0,0.0,0.0,0.0,0.0
0,0,0,0,24,0.14,92.6,1.5,229,2026-10-16 02:00:00,PT5M,0.0,0.0,0.0,0.0,0.0
0,0,0,0,24,0.14,92.7,1.5,229,2026-10-16 02:05:00,PT5M,0.0,0.0,0.0,0.0,0.0
0,0,0,0,24,0.14,92.7,1.5,229,2026-10-16 02:10:00,PT5M,0.0,0.0,0.0,0.0,0.0
0,0,0,0,24,0.14,92.8,1.5,230,2026-10-16 02:15:00,PT5M,0.0,0.0,0.0,0.0,0.0
0,0,0,0,24,0.14,92.9,1.5,230,2026-10-16 02:20:00,PT5M,0.0,0.0,0.0,0.0,0.0
0,0,0,0,24,0.14,92.9,1.5,230,2026-10-16 02:25:00,PT5M,0.0,0.0,0.0,0.0,0.0
0,0,0,0,24,0.14,93.0,1.6,230,2026-10-16 02:30:00,PT5M,0.0,0.0,0.0,0.0,0.0
0,0,0,0,24,0.14,93.0,1.6,230,2026-10-16 02:35:00,PT5M,0.0,0.0,0.0,0.0,0.0
0,0,0,0,24,0.14,93.0,1.6,230,2026-10-16 02:40:00,PT5M,0.0,0.0,0.0,0.0,0.0
0,0,0,0,24,0.14,93.0,1.5,231,2026-10-16 02:45:00,PT5M,0.0,0.0,0.0,0.0,0.0
0,0,0,0,24,0.14,93.0,1.5,231,2026-10-16 02:50:00,PT5M,0.0,0.0,0.0,0.0,0.0
0,0,0,0,24,0.14,93.0,1.5,231,2026-10-16 02:55:00,PT5M,0.0,0.0,0.0,0.0,0.0
0,0,0,0,24,0.14,93.0,1.5,231,2026-10-16 03:00:00,PT5M,0.0,0.0,0.0,0.0,0.0
0,0,0,0,24,0.14,93.0,1.5,231,2026-10-16 03:05:00,PT5M,0.0,0.0,0.0,0.0,0.0
0,0,0,0,24,0.14,93.0,1.5,232,2026-10-16 03:10:00,PT5M,0.0,0.0,0.0,0.0,0.0
0,0,0,0,24,0.14,93.0,1.5,232,2026-10-16 03:15:00,PT5M,0.0,0.0,0.0,0.0,0.0
0,0,0,0,24,0.14,93.0,1.5,232,2026-10-16 03:20:00,PT5M,0.0,0.0,0.0,0.0,0.0
0,0,0,0,24,0.14,93.0,1.5,232,2026-10-16 03:25:00,PT5M,0.0,0.0,0.0,0.0,0.0
0,0,0,0,24,0.14,93.0,1.5,232,2026-10-16 03:30:00,PT5M,0.0,0.0,0.0,0.0,0.0
0,0,0,0,24,0.14,93.0,1.5,232,2026-10-16 03:35:00,PT5M,0.0,0.0,0.0,0.0,0.0
0,0,0,0,24,0.14,93.0,1.5,233,2026-10-16 03:40:00,PT5M,0.0,0.0,0.0,0.0,0.0
0,0,0,0,24,0.14,93.0,1.5,233,2026-10-16 03:45:00,PT5M,0.0,0.0,0.0,0.0,0.0
0,0,0,0,24,0.14,93.0,1.4,233,2026-10-16 03:50:00,PT5M,0.0,0.0,0.0,0.0,0.0
0,0,0,0,24,0.14,93.0,1.4,233,2026-10-16 03:55:00,PT5M,0.0,0.0,0.0,0.0,0.0
0,0,0,0,24,0.14,93.0,1.4,233,2026-10-16 04:00:00,PT5M,0.0,0.0,0.0,0.0,0.0
0,0,0,0,24,0.14,93.0,1.4,234,2026-10-16 04:05:00,PT5M,0.0,0.0,0.0,0.0,0.0
0,0,0,0,24,0.14,93.0,1.4,234,2026-10-16 04:10:00,PT5M,0.0,0.0,0.0,0.0,0.0
0,0,0,0,24,0.14,93.0,1.4,234,2026-10-16 04:15:00,PT5M,0.0,0.0,0.0,0.0,0.0
0,0,0,0,24,0.14,93.0,1.4,234,2026-10-16 04:20:00,PT5M,0.0,0.0,0.0,0.0,0.0
0,0,0,0,24,0.14,93.0,1.4,234,2026-10-16 04:25:00,PT5M,0.0,0.0,0.0,0.0,0.0
0,0,0,0,24,0.14,93.0,1.4,235,2026-10-16 04:30:00,PT5M,0.0,0.0,0.0,0.0,0.0
0,0,0,0,24,0.14,93.0,1.4,235,2026-10-16 04:35:00,PT5M,0.0,0.0,0.0,0.0,0.0
0,0,0,0,24,0.14,93.0,1.4,235,2026-10-16 04:40:00,PT5M,0.0,0.0,0.0,0.0,0.0
0,0,0,0,24,0.14,93.0,1.4,235,2026-10-16 04:45:00,PT5M,0.0,0.0,0.0,0.0,0.0
0,0,0,0,24,0.14,93.0,1.4,236,2026-10-16 04:50:00,PT5M,0.0,0.0,0.0,0.0,0.0
0,0,0,0,24,0.14,93.0,1.4,236,2026-10-16 04:55:00,PT5M,0.0,0.0,0.0,0.0,0.0
0,0,0,0,24,0.14,93.0,1.3,236,2026-10-16 05:00:00,PT5M,0.0,0.0,0.0,0.0,0.0
0,0,0,0,24,0.14,93.0,1.3,236,2026-10-16 05:05:00,PT5M,0.0,0.0,0.0,0.0,0.0
0,0,0,0,24,0.14,93.0,1.3,236,2026-10-16 05:10:00,PT5M,0.0,0.0,0.0,0.0,0.0
0,0,0,0,24,0.14,93.0,1.3,237,2026-10-16 05:15:00,PT5M,0.0,0.0,0.0,0.0,0.0
0,0,0,0,24,0.14,93.0,1.3,237,2026-10-16 05:20:00,PT5M,0.0,0.0,0.0,0.0,0.0
0,0,0,0,24,0.14,93.0,1.3,237,2026-10-16 05:25:00,PT5M,0.0,0.0,0.0,0.0,0.0
0,0,0,0,24,0.14,93.0,1.3,237,2026-10-16 05:30:00,PT5M,0.0,0.0,0.0,0.0,0.0
0,0,0,0,24,0.14,92.6,1.3,237,2026-10-16 05:35:00,PT5M,0.0,0.0,0.0,0.0,0.0
0,0,0,0,24,0.14,91.8,1.3,236,2026-10-16 05:40:00,PT5M,0.0,0.0,0.0,0.0,0.0
0,0,0,0,24,0.14,91.1,1.4,236,2026-10-16 05:45:00,PT5M,0.0,0.0,0.0,0.0,0.0
0,0,0,0,24,0.14,90.3,1.4,235,2026-10-16 05:50:00,PT5M,0.0,0.0,0.0,0.0,0.0
0,0,0,0,24,0.14,89.6,1.4,235,2026-10-16 05:55:00,PT5M,0.0,0.0,0.0,0.0,0.0
5,5,0,5,24,0.14,88.8,1.5,234,2026-10-16 06:00:00,PT5M,0.039,0.0815,0.0614,0.0166,0.0
14,14,0,14,25,0.14,88.1,1.5,233,2026-10-16 06:05:00,PT5M,1.245,1.8845,1.5816,0.9084,0.6055
24,24,20,23,25,0.14,87.4,1.5,233,2026-10-16 06:10:00,PT5M,2.627,3.847,3.2691,1.9849,1.407
37,36,63,30,25,0.14,86.6,1.6,232,2026-10-16 06:15:00,PT5M,4.606,6.8675,5.7962,3.4158,2.3445
51,49,105,38,25,0.14,85.9,1.6,232,2026-10-16 06:20:00,PT5M,7.116,10.6535,8.9778,5.2542,3.5785
66,63,141,45,25,0.14,85.2,1.6,231,2026-10-16 06:25:00,PT5M,10.044,15.031,12.6687,7.4193,5.057
82,78,180,52,25,0.14,84.5,1.7,231,2026-10-16 06:30:00,PT5M,13.561,20.1845,17.047,10.075,6.9375
99,95,220,58,25,0.14,83.8,1.7,230,2026-10-16 06:35:00,PT5M,17.484,25.8525,21.8884,13.0796,9.1155
118,112,259,63,25,0.14,83.1,1.7,230,2026-10-16 06:40:00,PT5M,21.548,31.6755,26.8782,16.2178,11.4205
137,130,297,68,26,0.14,82.4,1.8,230,2026-10-16 06:45:00,PT5M,25.812,37.7025,32.0701,19.5539,13.9215
157,149,333,73,26,0.14,81.8,1.8,229,2026-10-16 06:50:00,PT5M,30.231,43.876,37.4125,23.0495,16.586
177,169,369,76,26,0.14,81.1,1.8,229,2026-10-16 06:55:00,PT5M,34.888,50.3715,43.0371,26.7389,19.4045
197,188,396,81,26,0.14,80.4,1.9,228,2026-10-16 07:00:00,PT5M,39.511,56.9355,48.6816,30.3404,22.0865
216,207,418,85,26,0.14,79.8,1.9,228,2026-10-16 07:05:00,PT5M,44.016,63.439,54.2385,33.7935,24.593
236,226,437,90,26,0.14,79.1,1.9,228,2026-10-16 07:10:00,PT5M,48.549,69.9895,59.8333,37.2647,27.1085
255,245,454,94,26,0.14,78.5,2.0,227,2026-10-16 07:15:00,PT5M,53.104,76.582,65.4606,40.7474,29.626
274,264,470,98,27,0.14,77.8,2.0,227,2026-10-16 07:20:00,PT5M,57.646,83.173,71.081,44.211,32.119
294,282,485,102,27,0.14,77.2,2.0,227,2026-10-16 07:25:00,PT5M,62.177,89.759,76.6936,47.6604,34.595
313,301,499,106,27,0.14,76.6,2.1,226,2026-10-16 07:30:00,PT5M,66.707,96.3605,82.3138,51.1002,37.0535
332,320,512,110,27,0.14,75.9,2.1,226,2026-10-16 07:35:00,PT5M,71.352,100.0,88.0817,54.6223,39.565
352,339,525,114,27,0.14,75.3,2.1,226,2026-10-16 07:40:00,PT5M,75.296,100.0,92.9836,57.6084,41.689
371,358,537,117,27,0.14,74.7,2.2,226,2026-10-16 07:45:00,PT5M,77.269,100.0,95.2461,59.2919,43.112
390,377,549,120,27,0.14,74.1,2.2,225,2026-10-16 07:50:00,PT5M,79.149,100.0,97.3942,60.9038,44.4825
409,396,560,124,27,0.14,73.5,2.2,225,2026-10-16 07:55:00,PT5M,80.927,100.0,99.4164,62.4376,45.7965
428,414,570,127,28,0.14,72.9,2.3,225,2026-10-16 08:00:00,PT5M,82.592,100.0,100.0,63.8857,47.0495
447,433,580,130,28,0.14,72.3,2.3,225,2026-10-16 08:05:00,PT5M,84.125,100.0,100.0,65.2356,48.2345
465,451,589,133,28,0.14,71.7,2.3,224,2026-10-16 08:10:00,PT5M,85.513,100.0,100.0,66.4788,49.3475
484,469,598,135,28,0.14,71.1,2.4,224,2026-10-16 08:15:00,PT5M,86.747,100.0,100.0,67.6099,50.386
502,487,606,138,28,0.14,70.6,2.4,224,2026-10-16 08:20:00,PT5M,87.818,100.0,100.0,68.5996,51.3025
519,504,614,141,28,0.14,70.0,2.4,224,2026-10-16 08:25:00,PT5M,88.756,100.0,100.0,69.5179,52.203
537,521,620,144,28,0.14,69.4,2.5,223,2026-10-16 08:30:00,PT5M,89.623,100.0,100.0,70.3809,53.0625
554,539,628,146,29,0.14,68.9,2.5,224,2026-10-16 08:35:00,PT5M,90.504,100.0,100.0,71.2841,53.9855
572,556,637,148,29,0.14,68.3,2.5,224,2026-10-16 08:40:00,PT5M,91.405,100.0,100.0,72.2308,54.9735
589,573,645,149,29,0.14,67.7,2.5,224,2026-10-16 08:45:00,PT5M,92.257,100.0,100.0,73.1352,55.925
606,590,653,151,29,0.14,67.1,2.4,225,2026-10-16 08:50:00,PT5M,93.066,100.0,100.0,74.0045,56.8485
623,606,661,152,29,0.14,66.5,2.4,225,2026-10-16 08:55:00,PT5M,93.835,100.0,100.0,74.8408,57.7455
640,623,668,154,29,0.14,66.0,2.4,226,2026-10-16 09:00:00,PT5M,94.566,100.0,100.0,75.6942,58.709
657,639,677,154,29,0.14,65.4,2.4,226,2026-10-16 09:05:00,PT5M,95.343,100.0,100.0,76.6859,59.894
673,656,686,154,29,0.14,64.8,2.4,227,2026-10-16 09:10:00,PT5M,96.125,100.0,100.0,77.6824,61.0835
690,672,695,154,30,0.14,64.3,2.4,227,2026-10-16 09:15:00,PT5M,96.874,100.0,100.0,78.643,62.2345
706,688,704,154,30,0.14,63.7,2.4,228,2026-10-16 09:20:00,PT5M,97.589,100.0,100.0,79.5661,63.345
722,703,713,154,30,0.14,63.2,2.4,228,2026-10-16 09:25:00,PT5M,98.275,100.0,100.0,80.4571,64.4205
737,718,721,153,30,0.14,62.7,2.4,229,2026-10-16 09:30:00,PT5M,98.987,100.0,100.0,81.3704,65.515
779,758,802,120,30,0.14,62.1,2.4,229,2026-10-16 09:35:00,PT5M,100.0,100.0,100.0,82.5719,66.886
792,771,806,121,30,0.14,61.6,2.4,230,2026-10-16 09:40:00,PT5M,100.0,100.0,100.0,82.7463,67.2175
805,784,809,122,30,0.14,61.1,2.4,230,2026-10-16 09:45:00,PT5M,100.0,100.0,100.0,82.9158,67.5395
818,797,813,122,30,0.14,60.6,2.4,231,2026-10-16 09:50:00,PT5M,100.0,100.0,100.0,83.0763,67.8445
830,809,816,123,31,0.14,60.0,2.4,231,2026-10-16 09:55:00,PT5M,100.0,100.0,100.0,83.2295,68.1355
842,820,819,123,31,0.14,59.5,2.4,232,2026-10-16 10:00:00,PT5M,100.0,100.0,100.0,83.3761,68.414
853,831,821,124,31,0.14,59.0,2.3,232,2026-10-16 10:05:00,PT5M,100.0,100.0,100.0,83.5158,68.6795
863,842,823,125,31,0.14,58.5,2.3,233,2026-10-16 10:10:00,PT5M,100.0,100.0,100.0,83.649,68.9325
873,852,825,126,31,0.14,58.0,2.3,233,2026-10-16 10:15:00,PT5M,100.0,100.0,100.0,83.7766,69.175
883,861,827,127,31,0.14,57.6,2.3,234,2026-10-16 10:20:00,PT5M,100.0,100.0,100.0,83.8989,69.4075
892,870,828,128,31,0.14,57.1,2.3,234,2026-10-16 10:25:00,PT5M,100.0,100.0,100.0,84.0163,69.6305
901,879,830,129,31,0.14,56.6,2.3,235,2026-10-16 10:30:00,PT5M,100.0,100.0,100.0,84.1287,69.844
909,887,831,130,32,0.14,56.1,2.3,235,2026-10-16 10:35:00,PT5M,100.0,100.0,100.0,84.2363,70.0485
917,895,832,131,32,0.14,55.6,2.3,236,2026-10-16 10:40:00,PT5M,100.0,100.0,100.0,84.3382,70.242
924,902,833,132,32,0.14,55.2,2.3,236,2026-10-16 10:45:00,PT5M,100.0,100.0,100.0,84.4318,70.42
930,908,834,133,32,0.14,54.7,2.3,237,2026-10-16 10:50:00,PT5M,100.0,100.0,100.0,84.5124,70.573
937,914,834,134,32,0.14,54.2,2.3,237,2026-10-16 10:55:00,PT5M,100.0,100.0,100.0,84.575,70.692
942,920,835,135,32,0.14,53.8,2.3,238,2026-10-16 11:00:00,PT5M,100.0,100.0,100.0,84.6484,70.8315
947,925,836,135,32,0.14,53.3,2.3,238,2026-10-16 11:05:00,PT5M,100.0,100.0,100.0,84.7242,70.9755
952,930,837,135,32,0.14,52.9,2.3,239,2026-10-16 11:10:00,PT5M,100.0,100.0,100.0,84.7858,71.0925
956,934,838,136,33,0.14,52.5,2.3,239,2026-10-16 11:15:00,PT5M,100.0,100.0,100.0,84.8374,71.1905
960,938,839,136,33,0.14,52.0,2.3,240,2026-10-16 11:20:00,PT5M,100.0,100.0,100.0,84.881,71.2735
963,941,839,136,33,0.14,51.6,2.3,240,2026-10-16 11:25:00,PT5M,100.0,100.0,100.0,84.9181,71.344
966,943,840,136,33,0.14,51.2,2.3,241,2026-10-16 11:30:00,PT5M,100.0,100.0,100.0,84.9492,71.403
941,920,778,170,33,0.14,51.0,2.3,240,2026-10-16 11:35:00,PT5M,100.0,100.0,100.0,84.9163,71.3405
938,917,768,176,33,0.14,51.1,2.3,239,2026-10-16 11:40:00,PT5M,100.0,100.0,100.0,84.82,71.1575
934,913,757,182,33,0.14,51.2,2.3,237,2026-10-16 11:45:00,PT5M,100.0,100.0,100.0,84.7166,70.961
930,909,747,188,33,0.14,51.2,2.2,235,2026-10-16 11:50:00,PT5M,100.0,100.0,100.0,84.606,70.751
925,904,736,194,33,0.14,51.3,2.2,233,2026-10-16 11:55:00,PT5M,100.0,100.0,100.0,84.4887,70.528
919,899,725,199,33,0.14,51.4,2.2,232,2026-10-16 12:00:00,PT5M,100.0,100.0,100.0,84.3647,70.2925
913,893,714,205,33,0.14,51.5,2.2,230,2026-10-16 12:05:00,PT5M,100.0,100.0,100.0,84.2339,70.044
906,887,702,211,33,0.14,51.6,2.2,228,2026-10-16 12:10:00,PT5M,100.0,100.0,100.0,84.0961,69.782
899,880,690,217,33,0.14,51.7,2.2,226,2026-10-16 12:15:00,PT5M,99.971,100.0,100.0,83.9236,69.4805
891,872,678,222,33,0.14,51.8,2.2,225,2026-10-16 12:20:00,PT5M,99.447,100.0,100.0,83.2507,68.6735
883,864,666,228,33,0.14,51.9,2.3,223,2026-10-16 12:25:00,PT5M,98.902,100.0,100.0,82.5528,67.838
874,856,655,233,33,0.14,52.0,2.3,221,2026-10-16 12:30:00,PT5M,98.333,100.0,100.0,81.8262,66.9695
864,846,640,239,33,0.14,52.1,2.3,219,2026-10-16 12:35:00,PT5M,97.624,100.0,100.0,80.9435,65.9305
852,835,623,246,33,0.14,52.2,2.3,218,2026-10-16 12:40:00,PT5M,96.77,100.0,100.0,79.8958,64.7085
840,823,607,253,33,0.14,52.2,2.3,216,2026-10-16 12:45:00,PT5M,95.884,100.0,100.0,78.8074,63.438
828,811,590,259,33,0.14,52.3,2.3,214,2026-10-16 12:50:00,PT5M,94.976,100.0,100.0,77.7031,62.157
815,798,574,265,33,0.14,52.4,2.3,213,2026-10-16 12:55:00,PT5M,94.052,100.0,100.0,76.5947,60.8825
801,785,558,271,33,0.14,52.5,2.4,211,2026-10-16 13:00:00,PT5M,93.084,100.0,100.0,75.4243,59.53
788,772,542,276,33,0.14,52.6,2.4,210,2026-10-16 13:05:00,PT5M,92.088,100.0,100.0,74.222,58.142
774,759,526,280,33,0.14,52.7,2.4,208,2026-10-16 13:10:00,PT5M,91.099,100.0,100.0,73.024,56.756
760,745,511,284,33,0.14,52.8,2.4,207,2026-10-16 13:15:00,PT5M,90.045,100.0,100.0,71.76,55.303
746,732,496,288,33,0.14,52.9,2.5,205,2026-10-16 13:20:00,PT5M,88.958,100.0,100.0,70.4628,53.8165
731,718,482,291,32,0.14,53.0,2.5,204,2026-10-16 13:25:00,PT5M,87.836,100.0,100.0,69.1303,52.2945
717,703,467,294,32,0.14,53.1,2.5,202,2026-10-16 13:30:00,PT5M,86.678,100.0,100.0,67.7612,50.7355
702,689,453,296,32,0.14,53.2,2.6,201,2026-10-16 13:35:00,PT5M,85.545,100.0,100.0,66.4353,49.236
688,675,441,297,32,0.14,53.3,2.6,200,2026-10-16 13:40:00,PT5M,84.437,100.0,100.0,65.1518,47.7945
673,661,429,298,32,0.14,53.4,2.6,198,2026-10-16 13:45:00,PT5M,83.292,100.0,100.0,63.8294,46.3125
659,647,416,298,32,0.14,53.4,2.7,197,2026-10-16 13:50:00,PT5M,82.11,100.0,100.0,62.4685,44.7905
644,633,404,298,32,0.14,53.5,2.7,196,2026-10-16 13:55:00,PT5M,80.888,100.0,100.0,61.0649,43.2235
629,618,392,298,32,0.14,53.6,2.7,195,2026-10-16 14:00:00,PT5M,79.613,100.0,99.6206,59.6054,41.598
613,603,379,298,32,0.14,53.7,2.8,193,2026-10-16 14:05:00,PT5M,78.265,100.0,98.4597,58.0703,39.8945
598,587,367,297,32,0.14,53.8,2.8,192,2026-10-16 14:10:00,PT5M,76.878,100.0,97.26,56.496,38.1515
582,572,354,296,32,0.14,53.9,2.9,191,2026-10-16 14:15:00,PT5M,75.408,100.0,95.9779,54.8381,36.3245
566,556,342,294,32,0.14,54.0,2.9,190,2026-10-16 14:20:00,PT5M,73.949,100.0,94.7068,53.1912,34.5085
550,541,329,292,32,0.14,54.1,3.0,189,2026-10-16 14:25:00,PT5M,72.448,100.0,93.3934,51.5026,32.651
534,525,317,290,32,0.14,54.2,3.0,188,2026-10-16 14:30:00,PT5M,70.907,100.0,91.9614,49.8526,30.903
518,509,306,287,32,0.14,54.6,3.0,188,2026-10-16 14:35:00,PT5M,69.402,100.0,90.5106,48.2934,29.295
502,494,295,284,32,0.14,55.2,3.0,188,2026-10-16 14:40:00,PT5M,67.932,100.0,89.0901,46.7739,27.731
487,479,285,280,32,0.14,55.9,3.0,188,2026-10-16 14:45:00,PT5M,66.479,100.0,87.675,45.283,26.206
471,464,276,276,32,0.14,56.5,3.0,189,2026-10-16 14:50:00,PT5M,65.023,100.0,86.2574,43.7886,24.677
456,449,266,271,31,0.14,57.2,3.0,189,2026-10-16 14:55:00,PT5M,63.523,100.0,84.7848,42.2612,23.125
441,434,257,266,31,0.14,57.9,3.0,189,2026-10-16 15:00:00,PT5M,61.978,100.0,83.2553,40.7007,21.5505
425,419,246,262,31,0.14,58.5,3.0,190,2026-10-16 15:05:00,PT5M,60.28,100.0,81.5033,39.0567,19.955
409,403,233,258,31,0.14,59.2,3.0,190,2026-10-16 15:10:00,PT5M,58.405,98.607,79.5636,37.2464,18.203
392,387,220,253,31,0.14,59.9,3.0,190,2026-10-16 15:15:00,PT5M,56.498,96.5355,77.57,35.426,16.4605
376,371,208,249,31,0.14,60.6,3.0,191,2026-10-16 15:20:00,PT5M,54.475,94.297,75.4336,33.5164,14.653
360,355,195,244,31,0.14,61.4,3.0,191,2026-10-16 15:25:00,PT5M,52.369,91.9175,73.1837,31.5543,12.8205
343,339,182,238,30,0.14,62.1,3.0,191,2026-10-16 15:30:00,PT5M,50.175,89.362,70.7994,29.5506,10.988
327,323,169,232,30,0.14,62.8,3.0,192,2026-10-16 15:35:00,PT5M,47.913,86.6175,68.2835,27.5425,9.2085
310,307,155,226,30,0.14,63.6,3.0,192,2026-10-16 15:40:00,PT5M,45.561,83.6805,65.6236,25.4984,7.4415
294,291,142,220,30,0.14,64.3,3.0,192,2026-10-16 15:45:00,PT5M,43.125,80.5585,62.8265,23.4235,5.6915
278,275,129,213,30,0.14,65.1,3.0,193,2026-10-16 15:50:00,PT5M,40.611,77.2585,59.8988,21.3232,3.9635
261,259,115,206,30,0.14,65.9,3.0,193,2026-10-16 15:55:00,PT5M,38.028,73.808,56.8593,19.1967,2.248
245,243,101,198,29,0.14,66.7,3.0,193,2026-10-16 16:00:00,PT5M,35.609,70.447,53.9445,17.2735,0.771
230,228,89,190,29,0.14,67.4,3.0,194,2026-10-16 16:05:00,PT5M,33.081,67.007,50.9365,15.2255,0.0
215,213,79,181,29,0.14,68.3,3.0,194,2026-10-16 16:10:00,PT5M,30.614,62.3645,47.3245,13.9035,0.0
200,199,69,172,29,0.14,69.1,3.0,194,2026-10-16 16:15:00,PT5M,28.076,57.633,43.6321,12.5199,0.0
186,184,58,163,29,0.14,69.9,3.0,195,2026-10-16 16:20:00,PT5M,25.558,52.957,39.9783,11.1377,0.0
171,170,47,154,29,0.14,70.7,3.0,195,2026-10-16 16:25:00,PT5M,23.086,48.354,36.3847,9.7873,0.0
157,156,36,144,28,0.14,71.6,3.0,195,2026-10-16 16:30:00,PT5M,20.676,43.825,32.8595,8.4925,0.0
143,143,25,135,28,0.14,72.4,3.0,196,2026-10-16 16:35:00,PT5M,18.438,39.479,29.512,7.364,0.0
129,129,14,125,28,0.14,73.3,3.0,196,2026-10-16 16:40:00,PT5M,16.137,35.0955,26.115,6.159,0.0
116,116,2,116,28,0.14,74.2,3.0,196,2026-10-16 16:45:00,PT5M,13.942,30.8565,22.8442,5.0398,0.0
102,103,0,103,28,0.14,75.1,3.0,197,2026-10-16 16:50:00,PT5M,12.256,27.2025,20.1224,4.3896,0.0
89,90,0,90,28,0.14,76.0,3.0,197,2026-10-16 16:55:00,PT5M,10.709,23.786,17.5915,3.8265,0.0
77,77,0,77,28,0.14,76.9,3.0,197,2026-10-16 17:00:00,PT5M,9.141,20.415,15.0746,3.2074,0.0
65,65,0,65,27,0.14,77.8,3.0,198,2026-10-16 17:05:00,PT5M,7.638,17.1365,12.6371,2.6389,0.0
54,54,0,54,27,0.14,78.7,3.0,198,2026-10-16 17:10:00,PT5M,6.305,14.061,10.387,2.223,0.0
44,44,0,44,27,0.14,79.7,3.0,198,2026-10-16 17:15:00,PT5M,5.034,11.086,8.2192,1.8488,0.0
35,35,0,35,27,0.14,80.7,3.0,199,2026-10-16 17:20:00,PT5M,3.792,8.309,6.1693,1.4147,0.0
26,26,0,26,27,0.14,81.6,3.0,199,2026-10-16 17:25:00,PT5M,2.744,5.9665,4.44,1.048,0.0
19,19,0,19,27,0.14,82.6,3.0,199,2026-10-16 17:30:00,PT5M,1.831,3.885,2.912,0.75,0.0
13,13,0,13,27,0.14,83.2,3.0,200,2026-10-16 17:35:00,PT5M,0.994,2.1165,1.5848,0.4032,0.0
7,7,0,7,26,0.14,83.4,2.9,199,2026-10-16 17:40:00,PT5M,0.194,0.6275,0.4222,0.0,0.0
2,2,0,2,26,0.14,83.7,2.9,199,2026-10-16 17:45:00,PT5M,0.0,0.0,0.0,0.0,0.0
0,0,0,0,26,0.14,83.9,2.9,199,2026-10-16 17:50:00,PT5M,0.0,0.0,0.0,0.0,0.0
0,0,0,0,26,0.14,84.1,2.9,199,2026-10-16 17:55:00,PT5M,0.0,0.0,0.0,0.0,0.0
0,0,0,0,26,0.14,84.3,2.9,199,2026-10-16 18:00:00,PT5M,0.0,0.0,0.0,0.0,0.0
0,0,0,0,26,0.14,84.5,2.9,199,2026-10-16 18:05:00,PT5M,0.0,0.0,0.0,0.0,0.0
0,0,0,0,26,0.14,84.8,2.8,198,2026-10-16 18:10:00,PT5M,0.0,0.0,0.0,0.0,0.0
0,0,0,0,26,0.14,85.0,2.8,198,2026-10-16 18:15:00,PT5M,0.0,0.0,0.0,0.0,0.0
0,0,0,0,26,0.14,85.2,2.8,198,2026-10-16 18:20:00,PT5M,0.0,0.0,0.0,0.0,0.0
0,0,0,0,26,0.14,85.4,2.8,198,2026-10-16 18:25:00,PT5M,0.0,0.0,0.0,0.0,0.0
0,0,0,0,26,0.14,85.7,2.8,198,2026-10-16 18:30:00,PT5M,0.0,0.0,0.0,0.0,0.0
0,0,0,0,26,0.14,85.9,2.8,197,2026-10-16 18:35:00,PT5M,0.0,0.0,0.0,0.0,0.0
0,0,0,0,26,0.14,86.1,2.7,197,2026-10-16 18:40:00,PT5M,0.0,0.0,0.0,0.0,0.0
0,0,0,0,26,0.14,86.3,2.7,197,2026-10-16 18:45:00,PT5M,0.0,0.0,0.0,0.0,0.0
0,0,0,0,26,0.14,86.6,2.7,197,2026-10-16 18:50:00,PT5M,0.0,0.0,0.0,0.0,0.0
0,0,0,0,26,0.14,86.8,2.7,197,2026-10-16 18:55:00,PT5M,0.0,0.0,0.0,0.0,0.0
0,0,0,0,26,0.14,87.0,2.7,196,2026-10-16 19:00:00,PT5M,0.0,0.0,0.0,0.0,0.0
0,0,0,0,26,0.14,87.3,2.6,196,2026-10-16 19:05:00,PT5M,0.0,0.0,0.0,0.0,0.0
0,0,0,0,26,0.14,87.5,2.6,196,2026-10-16 19:10:00,PT5M,0.0,0.0,0.0,0.0,0.0
0,0,0,0,26,0.14,87.7,2.6,196,2026-10-16 19:15:00,PT5M,0.0,0.0,0.0,0.0,0.0
0,0,0,0,26,0.14,88.0,2.6,196,2026-10-16 19:20:00,PT5M,0.0,0.0,0.0,0.0,0.0
0,0,0,0,26,0.14,88.2,2.6,195,2026-10-16 19:25:00,PT5M,0.0,0.0,0.0,0.0,0.0
0,0,0,0,26,0.14,88.4,2.6,195,2026-10-16 19:30:00,PT5M,0.0,0.0,0.0,0.0,0.0
0,0,0,0,26,0.14,88.7,2.5,195,2026-10-16 19:35:00,PT5M,0.0,0.0,0.0,0.0,0.0
0,0,0,0,25,0.14,88.9,2.5,195,2026-10-16 19:40:00,PT5M,0.0,0.0,0.0,0.0,0.0
0,0,0,0,25,0.14,89.1,2.5,195,2026-10-16 19:45:00,PT5M,0.0,0.0,0.0,0.0,0.0
0,0,0,0,25,0.14,89.4,2.5,194,2026-10-16 19:50:00,PT5M,0.0,0.0,0.0,0.0,0.0
0,0,0,0,25,0.14,89.6,2.5,194,2026-10-16 19:55:00,PT5M,0.0,0.0,0.0,0.0,0.0
0,0,0,0,25,0.14,89.8,2.5,194,2026-10-16 20:00:00,PT5M,0.0,0.0,0.0,0.0,0.0
0,0,0,0,25,0.14,90.1,2.4,194,2026-10-16 20:05:00,PT5M,0.0,0.0,0.0,0.0,0.0
0,0,0,0,25,0.14,90.3,2.4,193,2026-10-16 20:10:00,PT5M,0.0,0.0,0.0,0.0,0.0
0,0,0,0,25,0.14,90.6,2.4,193,2026-10-16 20:15:00,PT5M,0.0,0.0,0.0,0.0,0.0
0,0,0,0,25,0.14,90.8,2.4,193,2026-10-16 20:20:00,PT5M,0.0,0.0,0.0,0.0,0.0
0,0,0,0,25,0.14,91.0,2.4,193,2026-10-16 20:25:00,PT5M,0.0,0.0,0.0,0.0,0.0
0,0,0,0,25,0.14,91.3,2.4,192,2026-10-16 20:30:00,PT5M,0.0,0.0,0.0,0.0,0.0
0,0,0,0,25,0.14,91.4,2.4,193,2026-10-16 20:35:00,PT5M,0.0,0.0,0.0,0.0,0.0
0,0,0,0,25,0.14,91.4,2.3,194,2026-10-16 20:40:00,PT5M,0.0,0.0,0.0,0.0,0.0
0,0,0,0,25,0.14,91.4,2.3,194,2026-10-16 20:45:00,PT5M,0.0,0.0,0.0,0.0,0.0
0,0,0,0,25,0.14,91.5,2.3,195,2026-10-16 20:50:00,PT5M,0.0,0.0,0.0,0.0,0.0
0,0,0,0,25,0.14,91.5,2.3,196,2026-10-16 20:55:00,PT5M,0.0,0.0,0.0,0.0,0.0
0,0,0,0,25,0.14,91.5,2.3,197,2026-10-16 21:00:00,PT5M,0.0,0.0,0.0,0.0,0.0
0,0,0,0,25,0.14,91.5,2.3,198,2026-10-16 21:05:00,PT5M,0.0,0.0,0.0,0.0,0.0
0,0,0,0,25,0.14,91.5,2.3,199,2026-10-16 21:10:00,PT5M,0.0,0.0,0.0,0.0,0.0
0,0,0,0,25,0.14,91.5,2.3,200,2026-10-16 21:15:00,PT5M,0.0,0.0,0.0,0.0,0.0
0,0,0,0,25,0.14,91.5,2.3,201,2026-10-16 21:20:00,PT5M,0.0,0.0,0.0,0.0,0.0
0,0,0,0,25,0.14,91.6,2.3,202,2026-10-16 21:25:00,PT5M,0.0,0.0,0.0,0.0,0.0
0,0,0,0,25,0.14,91.6,2.3,202,2026-10-16 21:30:00,PT5M,0.0,0.0,0.0,0.0,0.0
0,0,0,0,25,0.14,91.6,2.3,203,2026-10-16 21:35:00,PT5M,0.0,0.0,0.0,0.0,0.0
0,0,0,0,25,0.14,91.6,2.3,204,2026-10-16 21:40:00,PT5M,0.0,0.0,0.0,0.0,0.0
0,0,0,0,25,0.14,91.6,2.3,205,2026-10-16 21:45:00,PT5M,0.0,0.0,0.0,0.0,0.0
0,0,0,0,25,0.14,91.6,2.3,206,2026-10-16 21:50:00,PT5M,0.0,0.0,0.0,0.0,0.0
0,0,0,0,25,0.14,91.6,2.3,207,2026-10-16 21:55:00,PT5M,0.0,0.0,0.0,0.0,0.0
0,0,0,0,25,0.14,91.7,2.3,208,2026-10-16 22:00:00,PT5M,0.0,0.0,0.0,0.0,0.0
0,0,0,0,25,0.14,91.7,2.3,209,2026-10-16 22:05:00,PT5M,0.0,0.0,0.0,0.0,0.0
0,0,0,0,25,0.14,91.7,2.3,210,2026-10-16 22:10:00,PT5M,0.0,0.0,0.0,0.0,0.0
0,0,0,0,25,0.14,91.7,2.3,210,2026-10-16 22:15:00,PT5M,0.0,0.0,0.0,0.0,0.0
0,0,0,0,25,0.14,91.7,2.3,211,2026-10-16 22:20:00,PT5M,0.0,0.0,0.0,0.0,0.0
0,0,0,0,25,0.14,91.7,2.3,212,2026-10-16 22:25:00,PT5M,0.0,0.0,0.0,0.0,0.0
0,0,0,0,25,0.14,91.8,2.4,213,2026-10-16 22:30:00,PT5M,0.0,0.0,0.0,0.0,0.0
0,0,0,0,25,0.14,91.8,2.4,214,2026-10-16 22:35:00,PT5M,0.0,0.0,0.0,0.0,0.0
0,0,0,0,25,0.14,91.8,2.4,215,2026-10-16 22:40:00,PT5M,0.0,0.0,0.0,0.0,0.0
0,0,0,0,25,0.14,91.8,2.4,216,2026-10-16 22:45:00,PT5M,0.0,0.0,0.0,0.0,0.0
0,0,0,0,25,0.14,91.8,2.4,216,2026-10-16 22:50:00,PT5M,0.0,0.0,0.0,0.0,0.0
0,0,0,0,25,0.14,91.8,2.4,217,2026-10-16 22:55:00,PT5M,0.0,0.0,0.0,0.0,0.0
0,0,0,0,25,0.14,91.8,2.4,218,2026-10-16 23:00:00,PT5M,0.0,0.0,0.0,0.0,0.0
0,0,0,0,25,0.14,91.9,2.4,219,2026-10-16 23:05:00,PT5M,0.0,0.0,0.0,0.0,0.0
0,0,0,0,25,0.14,91.9,2.4,220,2026-10-16 23:10:00,PT5M,0.0,0.0,0.0,0.0,0.0
0,0,0,0,25,0.14,91.9,2.4,221,2026-10-16 23:15:00,PT5M,0.0,0.0,0.0,0.0,0.0
0,0,0,0,25,0.14,91.9,2.4,221,2026-10-16 23:20:00,PT5M,0.0,0.0,0.0,0.0,0.0
0,0,0,0,25,0.14,91.9,2.5,222,2026-10-16 23:25:00,PT5M,0.0,0.0,0.0,0.0,0.0
0,0,0,0,25,0.14,91.9,2.5,223,2026-10-16 23:30:00,PT5M,0.0,0.0,0.0,0.0,0.0
0,0,0,0,25,0.14,92.0,2.5,223,2026-10-16 23:35:00,PT5M,0.0,0.0,0.0,0.0,0.0
0,0,0,0,25,0.14,92.0,2.4,223,2026-10-16 23:40:00,PT5M,0.0,0.0,0.0,0.0,0.0
0,0,0,0,25,0.14,92.1,2.4,224,2026-10-16 23:45:00,PT5M,0.0,0.0,0.0,0.0,0.0
0,0,0,0,25,0.14,92.2,2.4,224,2026-10-16 23:50:00,PT5M,0.0,0.0,0.0,0.0,0.0
0,0,0,0,25,0.14,92.2,2.4,224,2026-10-16 23:55:00,PT5M,0.0,0.0,0.0,0.0,0.0
0,0,0,0,25,0.14,92.3,2.4,224,2026-10-17 00:00:00,PT5M,0.0,0.0,0.0,0.0,0.0
0,0,0,0,25,0.14,92.3,2.3,224,2026-10-17 00:05:00,PT5M,0.0,0.0,0.0,0.0,0.0
0,0,0,0,25,0.14,92.4,2.3,224,2026-10-17 00:10:00,PT5M,0.0,0.0,0.0,0.0,0.0
0,0,0,0,25,0.14,92.5,2.3,224,2026-10-17 00:15:00,PT5M,0.0,0.0,0.0,0.0,0.0
0,0,0,0,25,0.14,92.5,2.3,224,2026-10-17 00:20:00,PT5M,0.0,0.0,0.0,0.0,0.0
0,0,0,0,25,0.14,92.6,2.3,224,2026-10-17 00:25:00,PT5M,0.0,0.0,0.0,0.0,0.0
0,0,0,0,25,0.14,92.6,2.2,224,2026-10-17 00:30:00,PT5M,0.0,0.0,0.0,0.0,0.0
0,0,0,0,25,0.14,92.7,2.2,224,2026-10-17 00:35:00,PT5M,0.0,0.0,0.0,0.0,0.0
0,0,0,0,25,0.14,92.8,2.2,225,2026-10-17 00:40:00,PT5M,0.0,0.0,0.0,0.0,0.0
0,0,0,0,25,0.14,92.8,2.2,225,2026-10-17 00:45:00,PT5M,0.0,0.0,0.0,0.0,0.0
0,0,0,0,25,0.14,92.9,2.2,225,2026-10-17 00:50:00,PT5M,0.0,0.0,0.0,0.0,0.0
0,0,0,0,25,0.14,92.9,2.2,225,2026-10-17 00:55:00,PT5M,0.0,0.0,0.0,0.0,0.0
0,0,0,0,25,0.14,93.0,2.1,225,2026-10-17 01:00:00,PT5M,0.0,0.0,0.0,0.0,0.0
0,0,0,0,24,0.14,93.1,2.1,225,2026-10-17 01:05:00,PT5M,0.0,0.0,0.0,0.0,0.0
0,0,0,0,24,0.14,93.1,2.1,225,2026-10-17 01:10:00,PT5M,0.0,0.0,0.0,0.0,0.0
0,0,0,0,24,0.14,93.2,2.1,225,2026-10-17 01:15:00,PT5M,0.0,0.0,0.0,0.0,0.0
0,0,0,0,24,0.14,93.3,2.1,225,2026-10-17 01:20:00,PT5M,0.0,0.0,0.0,0.0,0.0
0,0,0,0,24,0.14,93.3,2.0,225,2026-10-17 01:25:00,PT5M,0.0,0.0,0.0,0.0,0.0
0,0,0,0,24,0.14,93.4,2.0,226,2026-10-17 01:30:00,PT5M,0.0,0.0,0.0,0.0,0.0
0,0,0,0,24,0.14,93.4,2.0,226,2026-10-17 01:35:00,PT5M,0.0,0.0,0.0,0.0,0.0
0,0,0,0,24,0.14,93.5,2.0,226,2026-10-17 01:40:00,PT5M,0.0,0.0,0.0,0.0,0.0
0,0,0,0,24,0.14,93.6,2.0,226,2026-10-17 01:45:00,PT5M,0.0,0.0,0.0,0.0,0.0
0,0,0,0,24,0.14,93.6,1.9,226,2026-10-17 01:50:00,PT5M,0.0,0.0,0.0,0.0,0.0
0,0,0,0,24,0.14,93.7,1.9,226,2026-10-17 01:55:00,PT5M,0.0,0.0,0.0,0.0,0.0
0,0,0,0,24,0.14,93.7,1.9,226,2026-10-17 02:00:00,PT5M,0.0,0.0,0.0,0.0,0.0
0,0,0,0,24,0.14,93.8,1.9,226,2026-10-17 02:05:00,PT5M,0.0,0.0,0.0,0.0,0.0
0,0,0,0,24,0.14,93.9,1.9,227,2026-10-17 02:10:00,PT5M,0.0,0.0,0.0,0.0,0.0
0,0,0,0,24,0.14,93.9,1.8,227,2026-10-17 02:15:00,PT5M,0.0,0.0,0.0,0.0,0.0
0,0,0,0,24,0.14,94.0,1.8,227,2026-10-17 02:20:00,PT5M,0.0,0.0,0.0,0.0,0.0
0,0,0,0,24,0.14,94.1,1.8,227,2026-10-17 02:25:00,PT5M,0.0,0.0,0.0,0.0,0.0
0,0,0,0,24,0.14,94.1,1.8,227,2026-10-17 02:30:00,PT5M,0.0,0.0,0.0,0.0,0.0
0,0,0,0,24,0.14,94.1,1.8,227,2026-10-17 02:35:00,PT5M,0.0,0.0,0.0,0.0,0.0
0,0,0,0,24,0.14,94.1,1.8,227,2026-10-17 02:40:00,PT5M,0.0,0.0,0.0,0.0,0.0
0,0,0,0,24,0.14,94.1,1.8,227,2026-10-17 02:45:00,PT5M,0.0,0.0,0.0,0.0,0.0
0,0,0,0,24,0.14,94.1,1.8,228,2026-10-17 02:50:00,PT5M,0.0,0.0,0.0,0.0,0.0
0,0,0,0,24,0.14,94.1,1.8,228,2026-10-17 02:55:00,PT5M,0.0,0.0,0.0,0.0,0.0
0,0,0,0,24,0.14,94.1,1.8,228,2026-10-17 03:00:00,PT5M,0.0,0.0,0.0,0.0,0.0
0,0,0,0,24,0.14,94.0,1.8,228,2026-10-17 03:05:00,PT5M,0.0,0.0,0.0,0.0,0.0
0,0,0,0,24,0.14,94.0,1.8,228,2026-10-17 03:10:00,PT5M,0.0,0.0,0.0,0.0,0.0
0,0,0,0,24,0.14,94.0,1.8,228,2026-10-17 03:15:00,PT5M,0.0,0.0,0.0,0.0,0.0
0,0,0,0,24,0.14,94.0,1.8,228,2026-10-17 03:20:00,PT5M,0.0,0.0,0.0,0.0,0.0
0,0,0,0,24,0.14,94.0,1.8,228,2026-10-17 03:25:00,PT5M,0.0,0.0,0.0,0.0,0.0
0,0,0,0,24,0.14,94.0,1.8,228,2026-10-17 03:30:00,PT5M,0.0,0.0,0.0,0.0,0.0
0,0,0,0,24,0.14,93.9,1.8,228,2026-10-17 03:35:00,PT5M,0.0,0.0,0.0,0.0,0.0
0,0,0,0,24,0.14,93.9,1.8,228,2026-10-17 03:40:00,PT5M,0.0,0.0,0.0,0.0,0.0
0,0,0,0,24,0.14,93.9,1.8,228,2026-10-17 03:45:00,PT5M,0.0,0.0,0.0,0.0,0.0
0,0,0,0,24,0.14,93.9,1.8,228,2026-10-17 03:50:00,PT5M,0.0,0.0,0.0,0.0,0.0
0,0,0,0,24,0.14,93.9,1.8,228,2026-10-17 03:55:00,PT5M,0.0,0.0,0.0,0.0,0.0
0,0,0,0,24,0.14,93.9,1.8,228,2026-10-17 04:00:00,PT5M,0.0,0.0,0.0,0.0,0.0
0,0,0,0,24,0.14,93.9,1.8,228,2026-10-17 04:05:00,PT5M,0.0,0.0,0.0,0.0,0.0
0,0,0,0,24,0.14,93.8,1.8,228,2026-10-17 04:10:00,PT5M,0.0,0.0,0.0,0.0,0.0
0,0,0,0,24,0.14,93.8,1.8,229,2026-10-17 04:15:00,PT5M,0.0,0.0,0.0,0.0,0.0
0,0,0,0,24,0.14,93.8,1.8,229,2026-10-17 04:20:00,PT5M,0.0,0.0,0.0,0.0,0.0
0,0,0,0,24,0.14,93.8,1.8,229,2026-10-17 04:25:00,PT5M,0.0,0.0,0.0,0.0,0.0
0,0,0,0,24,0.14,93.8,1.8,229,2026-10-17 04:30:00,PT5M,0.0,0.0,0.0,0.0,0.0
0,0,0,0,24,0.14,93.8,1.8,229,2026-10-17 04:35:00,PT5M,0.0,0.0,0.0,0.0,0.0
0,0,0,0,24,0.14,93.7,1.8,229,2026-10-17 04:40:00,PT5M,0.0,0.0,0.0,0.0,0.0
0,0,0,0,24,0.14,93.7,1.8,229,2026-10-17 04:45:00,PT5M,0.0,0.0,0.0,0.0,0.0
0,0,0,0,24,0.14,93.7,1.8,229,2026-10-17 04:50:00,PT5M,0.0,0.0,0.0,0.0,0.0
0,0,0,0,24,0.14,93.7,1.8,229,2026-10-17 04:55:00,PT5M,0.0,0.0,0.0,0.0,0.0
0,0,0,0,24,0.14,93.7,1.8,229,2026-10-17 05:00:00,PT5M,0.0,0.0,0.0,0.0,0.0
0,0,0,0,24,0.14,93.7,1.8,229,2026-10-17 05:05:00,PT5M,0.0,0.0,0.0,0.0,0.0
0,0,0,0,24,0.14,93.6,1.8,229,2026-10-17 05:10:00,PT5M,0.0,0.0,0.0,0.0,0.0
0,0,0,0,24,0.14,93.6,1.8,229,2026-10-17 05:15:00,PT5M,0.0,0.0,0.0,0.0,0.0
0,0,0,0,24,0.14,93.6,1.8,229,2026-10-17 05:20:00,PT5M,0.0,0.0,0.0,0.0,0.0
0,0,0,0,24,0.14,93.6,1.8,229,2026-10-17 05:25:00,PT5M,0.0,0.0,0.0,0.0,0.0
0,0,0,0,24,0.14,93.6,1.8,229,2026-10-17 05:30:00,PT5M,0.0,0.0,0.0,0.0,0.0
0,0,0,0,24,0.14,93.3,1.9,229,2026-10-17 05:35:00,PT5M,0.0,0.0,0.0,0.0,0.0
0,0,0,0,24,0.14,92.7,1.9,229,2026-10-17 05:40:00,PT5M,0.0,0.0,0.0,0.0,0.0
0,0,0,0,24,0.14,92.2,1.9,229,2026-10-17 05:45:00,PT5M,0.0,0.0,0.0,0.0,0.0
0,0,0,0,24,0.14,91.6,2.0,229,2026-10-17 05:50:00,PT5M,0.0,0.0,0.0,0.0,0.0
0,0,0,0,24,0.14,91.1,2.0,229,2026-10-17 05:55:00,PT5M,0.0,0.0,0.0,0.0,0.0
4,4,0,4,24,0.14,90.5,2.0,229,2026-10-17 06:00:00,PT5M,0.0,0.0425,0.0224,0.0,0.0
10,10,0,10,24,0.14,90.0,2.1,229,2026-10-17 06:05:00,PT5M,0.632,1.3045,0.9859,0.2781,0.0
17,17,0,17,25,0.14,89.4,2.1,229,2026-10-17 06:10:00,PT5M,1.585,3.1145,2.39,0.78,0.0555
25,25,0,25,25,0.14,88.9,2.2,229,2026-10-17 06:15:00,PT5M,2.647,5.482,4.1391,1.1549,0.0
34,34,0,34,25,0.14,88.4,2.2,229,2026-10-17 06:20:00,PT5M,3.804,8.067,6.0476,1.5604,0.0
45,45,0,45,25,0.14,87.9,2.2,229,2026-10-17 06:25:00,PT5M,5.146,11.0135,8.2341,2.0579,0.0
56,56,0,56,25,0.14,87.3,2.3,229,2026-10-17 06:30:00,PT5M,6.694,14.3595,10.7284,2.6596,0.0
69,69,6,68,25,0.14,86.8,2.3,229,2026-10-17 06:35:00,PT5M,8.414,17.965,13.4408,3.3872,0.0
83,83,29,77,25,0.14,86.3,2.3,229,2026-10-17 06:40:00,PT5M,10.811,22.2645,16.8391,4.7829,0.0
98,97,53,86,25,0.14,85.8,2.4,229,2026-10-17 06:45:00,PT5M,13.564,26.907,20.5865,6.5415,0.221
114,112,77,94,25,0.14,85.3,2.4,229,2026-10-17 06:50:00,PT5M,16.485,31.7635,24.5262,8.4438,1.2065
130,128,101,103,25,0.14,84.8,2.5,229,2026-10-17 06:55:00,PT5M,19.667,36.9135,28.744,10.59,2.4205
147,144,123,111,26,0.14,84.3,2.5,229,2026-10-17 07:00:00,PT5M,22.964,42.2655,33.1225,12.8055,3.6625
163,160,143,118,26,0.14,83.8,2.5,229,2026-10-17 07:05:00,PT5M,26.334,47.748,37.6043,15.0637,4.92
180,176,162,126,26,0.14,83.3,2.6,229,2026-10-17 07:10:00,PT5M,29.883,53.433,42.2775,17.4885,6.333
198,193,182,133,26,0.14,82.8,2.6,229,2026-10-17 07:15:00,PT5M,33.577,59.2685,47.0986,20.0554,7.8855
215,210,201,140,26,0.14,82.3,2.6,229,2026-10-17 07:20:00,PT5M,37.403,65.228,52.0475,22.7585,9.578
233,228,220,146,26,0.14,81.8,2.7,229,2026-10-17 07:25:00,PT5M,41.333,71.299,57.1043,25.5617,11.367
252,246,239,152,26,0.14,81.3,2.7,229,2026-10-17 07:30:00,PT5M,45.382,77.5115,62.292,28.472,13.2525
271,264,258,158,26,0.14,80.9,2.8,229,2026-10-17 07:35:00,PT5M,49.622,83.9345,67.6809,31.5631,15.3095
290,283,279,163,26,0.14,80.4,2.8,229,2026-10-17 07:40:00,PT5M,53.704,89.8285,72.7166,34.6914,17.5795
310,302,300,168,26,0.14,79.9,2.8,229,2026-10-17 07:45:00,PT5M,56.856,93.531,76.1583,37.5537,20.181
330,321,321,172,27,0.14,79.4,2.9,229,2026-10-17 07:50:00,PT5M,59.952,97.1175,79.5125,40.3915,22.7865
350,341,342,175,27,0.14,79.0,2.9,229,2026-10-17 07:55:00,PT5M,62.979,100.0,82.7634,43.1946,25.388
371,361,364,178,27,0.14,78.5,2.9,229,2026-10-17 08:00:00,PT5M,65.925,100.0,85.8952,45.9548,27.981
392,381,386,180,27,0.14,78.0,3.0,229,2026-10-17 08:05:00,PT5M,68.746,100.0,88.8588,48.6332,30.531
413,402,408,182,27,0.14,77.6,3.0,229,2026-10-17 08:10:00,PT5M,71.481,100.0,91.6872,51.2748,33.0885
434,423,430,183,27,0.14,77.1,3.1,229,2026-10-17 08:15:00,PT5M,74.085,100.0,94.3339,53.8361,35.6115
455,443,452,184,27,0.14,76.7,3.1,229,2026-10-17 08:20:00,PT5M,76.559,100.0,96.7974,56.3206,38.1055
477,464,474,184,27,0.14,76.2,3.1,229,2026-10-17 08:25:00,PT5M,78.896,100.0,99.088,58.704,40.5305
498,485,497,183,27,0.14,75.8,3.2,229,2026-10-17 08:30:00,PT5M,81.141,100.0,100.0,60.989,42.8515
518,504,512,184,28,0.14,75.2,3.2,229,2026-10-17 08:35:00,PT5M,82.757,100.0,100.0,62.6515,44.556
534,520,520,188,28,0.14,74.4,3.2,229,2026-10-17 08:40:00,PT5M,83.764,100.0,100.0,63.668,45.581
551,536,527,191,28,0.14,73.6,3.2,229,2026-10-17 08:45:00,PT5M,84.718,100.0,100.0,64.6396,46.5685
567,552,534,193,28,0.14,72.8,3.2,229,2026-10-17 08:50:00,PT5M,85.629,100.0,100.0,65.577,47.5295
583,568,541,196,28,0.14,72.0,3.2,230,2026-10-17 08:55:00,PT5M,86.497,100.0,100.0,66.4789,48.462
598,583,548,199,28,0.14,71.2,3.2,230,2026-10-17 09:00:00,PT5M,87.384,100.0,100.0,67.4067,49.4265
614,599,556,201,28,0.14,70.5,3.2,230,2026-10-17 09:05:00,PT5M,88.261,100.0,100.0,68.4582,50.635
630,614,565,202,29,0.14,69.7,3.2,230,2026-10-17 09:10:00,PT5M,89.163,100.0,100.0,69.5465,51.891
645,630,574,203,29,0.14,69.0,3.2,230,2026-10-17 09:15:00,PT5M,90.026,100.0,100.0,70.5932,53.103
661,645,583,204,29,0.14,68.2,3.2,231,2026-10-17 09:20:00,PT5M,90.852,100.0,100.0,71.6005,54.2735
676,659,591,204,29,0.14,67.5,3.2,231,2026-10-17 09:25:00,PT5M,91.642,100.0,100.0,72.5686,55.402
690,674,599,205,29,0.14,66.8,3.2,231,2026-10-17 09:30:00,PT5M,92.397,100.0,100.0,73.4989,56.49
705,688,608,205,29,0.14,66.1,3.2,231,2026-10-17 09:35:00,PT5M,93.121,100.0,100.0,74.4039,57.558
719,702,616,205,29,0.14,65.4,3.2,231,2026-10-17 09:40:00,PT5M,93.814,100.0,100.0,75.284,58.6065
733,715,623,205,30,0.14,64.7,3.2,231,2026-10-17 09:45:00,PT5M,94.477,100.0,100.0,76.1312,59.6195
746,728,630,206,30,0.14,64.0,3.2,232,2026-10-17 09:50:00,PT5M,95.063,100.0,100.0,76.8951,60.5435
758,740,637,206,30,0.14,63.3,3.2,232,2026-10-17 09:55:00,PT5M,95.616,100.0,100.0,77.6208,61.4245
770,752,643,206,30,0.14,62.6,3.2,232,2026-10-17 10:00:00,PT5M,96.142,100.0,100.0,78.3147,62.2695
782,764,649,206,30,0.14,62.0,3.2,232,2026-10-17 10:05:00,PT5M,96.63,100.0,100.0,78.9658,63.0675
793,775,655,206,30,0.14,61.3,3.2,232,2026-10-17 10:10:00,PT5M,97.082,100.0,100.0,79.5765,63.821
804,786,660,206,30,0.14,60.7,3.2,232,2026-10-17 10:15:00,PT5M,97.51,100.0,100.0,80.159,64.5425
815,796,665,206,31,0.14,60.0,3.2,233,2026-10-17 10:20:00,PT5M,97.913,100.0,100.0,80.713,65.2325
825,806,670,206,31,0.14,59.4,3.2,233,2026-10-17 10:25:00,PT5M,98.293,100.0,100.0,81.2404,65.8925
834,815,675,206,31,0.14,58.8,3.2,233,2026-10-17 10:30:00,PT5M,98.649,100.0,100.0,81.7406,66.5225
843,824,680,205,31,0.14,58.1,3.2,233,2026-10-17 10:35:00,PT5M,98.985,100.0,100.0,82.2171,67.1255
852,833,685,205,31,0.14,57.5,3.2,233,2026-10-17 10:40:00,PT5M,99.3,100.0,100.0,82.6684,67.6995
860,841,690,204,31,0.14,56.9,3.2,234,2026-10-17 10:45:00,PT5M,99.59,100.0,100.0,83.0879,68.2355
868,849,695,203,31,0.14,56.3,3.2,234,2026-10-17 10:50:00,PT5M,99.853,100.0,100.0,83.4685,68.722
876,856,699,203,32,0.14,55.7,3.2,234,2026-10-17 10:55:00,PT5M,100.0,100.0,100.0,83.7184,69.0645
882,862,703,202,32,0.14,55.1,3.2,234,2026-10-17 11:00:00,PT5M,100.0,100.0,100.0,83.8324,69.281
889,869,708,201,32,0.14,54.6,3.2,234,2026-10-17 11:05:00,PT5M,100.0,100.0,100.0,83.9479,69.5005
895,874,712,200,32,0.14,54.0,3.2,234,2026-10-17 11:10:00,PT5M,100.0,100.0,100.0,84.0492,69.693
900,880,716,199,32,0.14,53.4,3.2,235,2026-10-17 11:15:00,PT5M,100.0,100.0,100.0,84.1421,69.8695
905,884,720,197,32,0.14,52.9,3.2,235,2026-10-17 11:20:00,PT5M,100.0,100.0,100.0,84.2282,70.033
909,889,723,196,33,0.14,52.3,3.2,235,2026-10-17 11:25:00,PT5M,100.0,100.0,100.0,84.3087,70.186
913,892,727,195,33,0.14,51.8,3.2,235,2026-10-17 11:30:00,PT5M,100.0,100.0,100.0,84.3832,70.3275
915,895,728,195,33,0.14,51.4,3.1,235,2026-10-17 11:35:00,PT5M,100.0,100.0,100.0,84.4184,70.3945
916,895,725,196,33,0.14,51.3,3.1,236,2026-10-17 11:40:00,PT5M,100.0,100.0,100.0,84.4134,70.385
915,895,723,198,33,0.14,51.2,3.1,236,2026-10-17 11:45:00,PT5M,100.0,100.0,100.0,84.4018,70.363
915,894,721,199,33,0.14,51.1,3.1,236,2026-10-17 11:50:00,PT5M,100.0,100.0,100.0,84.3832,70.3275
913,893,718,201,33,0.14,51.0,3.0,236,2026-10-17 11:55:00,PT5M,100.0,100.0,100.0,84.3574,70.2785
911,891,715,202,33,0.14,50.9,3.0,236,2026-10-17 12:00:00,PT5M,100.0,100.0,100.0,84.3247,70.2165
909,888,712,204,33,0.14,50.8,3.0,236,2026-10-17 12:05:00,PT5M,100.0,100.0,100.0,84.2845,70.14
906,885,708,205,33,0.14,50.7,2.9,236,2026-10-17 12:10:00,PT5M,100.0,100.0,100.0,84.2368,70.0495
902,882,704,207,33,0.14,50.6,2.9,237,2026-10-17 12:15:00,PT5M,100.0,100.0,100.0,84.1826,69.9465
898,878,700,209,33,0.14,50.5,2.9,237,2026-10-17 12:20:00,PT5M,99.956,100.0,100.0,84.0778,69.787
893,873,695,210,33,0.14,50.4,2.9,237,2026-10-17 12:25:00,PT5M,99.747,100.0,100.0,83.8028,69.4525
888,868,691,212,33,0.14,50.3,2.8,237,2026-10-17 12:30:00,PT5M,99.518,100.0,100.0,83.5017,69.0865
882,863,686,213,33,0.14,50.2,2.8,237,2026-10-17 12:35:00,PT5M,99.268,100.0,100.0,83.173,68.687
876,857,681,215,33,0.14,50.1,2.8,237,2026-10-17 12:40:00,PT5M,98.995,100.0,100.0,82.8095,68.242
870,850,676,216,33,0.14,50.0,2.7,237,2026-10-17 12:45:00,PT5M,98.699,100.0,100.0,82.4122,67.7535
862,843,671,217,33,0.14,49.9,2.7,238,2026-10-17 12:50:00,PT5M,98.388,100.0,100.0,82.0043,67.2585
855,836,666,218,33,0.14,49.8,2.7,238,2026-10-17 12:55:00,PT5M,98.064,100.0,100.0,81.5935,66.7695
847,828,661,219,33,0.14,49.7,2.7,238,2026-10-17 13:00:00,PT5M,97.709,100.0,100.0,81.1293,66.207
838,819,656,220,33,0.14,49.6,2.6,238,2026-10-17 13:05:00,PT5M,97.336,100.0,100.0,80.64,65.613
829,811,651,220,33,0.14,49.4,2.6,238,2026-10-17 13:10:00,PT5M,96.947,100.0,100.0,80.1291,64.9925
820,802,646,220,33,0.14,49.3,2.6,239,2026-10-17 13:15:00,PT5M,96.538,100.0,100.0,79.5941,64.344
811,792,641,220,33,0.14,49.2,2.6,239,2026-10-17 13:20:00,PT5M,96.107,100.0,100.0,79.0331,63.666
801,782,636,220,33,0.14,49.1,2.5,239,2026-10-17 13:25:00,PT5M,95.653,100.0,100.0,78.4454,62.958
790,772,631,220,33,0.14,49.0,2.5,239,2026-10-17 13:30:00,PT5M,95.175,100.0,100.0,77.8298,62.2185
779,761,626,220,33,0.14,48.9,2.5,239,2026-10-17 13:35:00,PT5M,94.673,100.0,100.0,77.1959,61.466
768,750,620,219,33,0.14,48.8,2.4,240,2026-10-17 13:40:00,PT5M,94.146,100.0,100.0,76.5423,60.6985
756,739,615,219,33,0.14,48.7,2.4,240,2026-10-17 13:45:00,PT5M,93.594,100.0,100.0,75.8585,59.896
744,727,609,218,34,0.14,48.6,2.4,240,2026-10-17 13:50:00,PT5M,93.017,100.0,100.0,75.1449,59.0595
732,715,603,217,34,0.14,48.5,2.4,240,2026-10-17 13:55:00,PT5M,92.414,100.0,100.0,74.3988,58.1845
719,702,597,216,34,0.14,48.4,2.3,241,2026-10-17 14:00:00,PT5M,91.762,100.0,100.0,73.5965,57.247
705,689,590,215,34,0.14,48.3,2.3,241,2026-10-17 14:05:00,PT5M,91.053,100.0,100.0,72.7307,56.24
691,675,582,215,34,0.14,48.2,2.3,241,2026-10-17 14:10:00,PT5M,90.317,100.0,100.0,71.8339,55.1985
677,661,575,214,34,0.14,48.1,2.2,241,2026-10-17 14:15:00,PT5M,89.553,100.0,100.0,70.9049,54.121
663,647,568,212,34,0.14,48.0,2.2,242,2026-10-17 14:20:00,PT5M,88.759,100.0,100.0,69.9422,53.0065
648,632,560,211,34,0.14,47.9,2.2,242,2026-10-17 14:25:00,PT5M,87.935,100.0,100.0,68.9474,51.858
633,617,552,209,34,0.14,47.8,2.2,242,2026-10-17 14:30:00,PT5M,87.077,100.0,100.0,68.041,50.908
614,599,536,211,34,0.14,48.1,2.1,242,2026-10-17 14:35:00,PT5M,85.598,100.0,100.0,66.4409,49.199
592,578,511,215,33,0.14,48.9,2.1,242,2026-10-17 14:40:00,PT5M,83.579,100.0,100.0,64.2348,46.8245
570,557,487,217,33,0.14,49.6,2.0,242,2026-10-17 14:45:00,PT5M,81.585,100.0,100.0,62.0703,44.5065
549,536,465,219,33,0.14,50.3,2.0,242,2026-10-17 14:50:00,PT5M,79.56,100.0,99.2302,59.8898,42.186
528,515,443,220,33,0.14,51.1,1.9,242,2026-10-17 14:55:00,PT5M,77.474,100.0,97.2855,57.6625,39.8315
506,495,421,221,33,0.14,51.9,1.9,242,2026-10-17 15:00:00,PT5M,75.326,100.0,95.2641,55.3879,37.443
485,474,399,221,33,0.14,52.6,1.8,242,2026-10-17 15:05:00,PT5M,73.049,100.0,93.0839,53.0141,34.982
464,454,375,221,32,0.14,53.4,1.8,241,2026-10-17 15:10:00,PT5M,70.625,100.0,90.7249,50.5251,32.4345
443,433,353,221,32,0.14,54.2,1.7,241,2026-10-17 15:15:00,PT5M,68.132,100.0,88.2404,48.0236,29.9255
422,413,330,220,32,0.14,55.0,1.7,241,2026-10-17 15:20:00,PT5M,65.544,100.0,85.6766,45.4114,27.2915
401,393,308,218,32,0.14,55.9,1.6,241,2026-10-17 15:25:00,PT5M,62.859,100.0,82.9887,42.7293,24.612
381,373,286,215,32,0.14,56.7,1.6,241,2026-10-17 15:30:00,PT5M,60.067,98.2115,80.1427,39.9913,21.9225
360,353,263,212,31,0.14,57.6,1.5,241,2026-10-17 15:35:00,PT5M,57.108,95.0345,77.069,37.147,19.1815
339,333,241,209,31,0.14,58.4,1.5,240,2026-10-17 15:40:00,PT5M,53.983,91.594,73.7779,34.1881,16.372
319,313,219,205,31,0.14,59.3,1.4,240,2026-10-17 15:45:00,PT5M,50.827,88.0215,70.4027,31.2513,13.6325
299,294,197,200,31,0.14,60.2,1.4,240,2026-10-17 15:50:00,PT5M,47.562,84.249,66.8706,28.2534,10.875
280,275,176,194,31,0.14,61.1,1.3,240,2026-10-17 15:55:00,PT5M,44.251,80.3475,63.2488,25.2532,8.1545
261,257,155,188,30,0.14,62.1,1.3,240,2026-10-17 16:00:00,PT5M,40.907,76.333,59.552,22.262,5.481
242,239,135,182,30,0.14,63.0,1.3,239,2026-10-17 16:05:00,PT5M,37.636,72.346,55.9041,19.3679,2.926
224,222,117,174,30,0.14,64.0,1.2,239,2026-10-17 16:10:00,PT5M,34.139,66.66,51.255,17.023,1.618
207,205,100,166,30,0.14,64.9,1.2,239,2026-10-17 16:15:00,PT5M,30.875,61.2565,46.865,14.885,0.4935
190,188,83,158,30,0.14,65.9,1.1,238,2026-10-17 16:20:00,PT5M,27.578,55.8445,42.4549,12.7011,0.0
174,172,66,150,29,0.14,66.9,1.1,238,2026-10-17 16:25:00,PT5M,24.439,50.6075,38.2117,10.6663,0.0
158,157,50,141,29,0.14,67.9,1.0,238,2026-10-17 16:30:00,PT5M,21.465,45.5325,34.1319,8.7981,0.0
143,142,34,132,29,0.14,69.0,1.0,237,2026-10-17 16:35:00,PT5M,18.667,40.5805,30.2002,7.1338,0.0
128,128,19,122,29,0.14,70.0,0.9,237,2026-10-17 16:40:00,PT5M,16.176,35.987,26.6027,5.7493,0.0
114,114,4,113,29,0.14,71.1,0.9,236,2026-10-17 16:45:00,PT5M,13.74,31.478,23.0756,4.4044,0.0
100,100,0,100,29,0.14,72.2,0.8,236,2026-10-17 16:50:00,PT5M,11.889,27.6245,20.1707,3.6073,0.0
86,87,0,87,28,0.14,73.3,0.8,235,2026-10-17 16:55:00,PT5M,10.303,24.126,17.5781,3.0279,0.0
74,74,0,74,28,0.14,74.4,0.7,234,2026-10-17 17:00:00,PT5M,8.706,20.6705,15.003,2.409,0.0
62,62,0,62,28,0.14,75.6,0.7,233,2026-10-17 17:05:00,PT5M,7.21,17.3275,12.5349,1.8851,0.0
51,51,0,51,28,0.14,76.7,0.6,232,2026-10-17 17:10:00,PT5M,5.891,14.1735,10.2501,1.5319,0.0
41,41,0,41,28,0.14,77.9,0.6,231,2026-10-17 17:15:00,PT5M,4.638,11.1475,8.064,1.212,0.0
32,32,0,32,27,0.14,79.1,0.5,230,2026-10-17 17:20:00,PT5M,3.438,8.305,5.9995,0.8765,0.0
24,24,0,24,27,0.14,80.3,0.5,228,2026-10-17 17:25:00,PT5M,2.439,5.8825,4.2513,0.6267,0.0
17,17,0,17,27,0.14,81.5,0.4,226,2026-10-17 17:30:00,PT5M,1.57,3.6675,2.6739,0.4661,0.0
11,11,0,11,27,0.14,82.3,0.4,224,2026-10-17 17:35:00,PT5M,0.788,1.893,1.3696,0.2064,0.0
6,6,0,6,27,0.14,82.5,0.5,222,2026-10-17 17:40:00,PT5M,0.041,0.431,0.2463,0.0,0.0
2,2,0,2,27,0.14,82.7,0.5,220,2026-10-17 17:45:00,PT5M,0.0,0.0,0.0,0.0,0.0
0,0,0,0,27,0.14,83.0,0.5,219,2026-10-17 17:50:00,PT5M,0.0,0.0,0.0,0.0,0.0
0,0,0,0,27,0.14,83.2,0.5,217,2026-10-17 17:55:00,PT5M,0.0,0.0,0.0,0.0,0.0
0,0,0,0,27,0.14,83.4,0.5,216,2026-10-17 18:00:00,PT5M,0.0,0.0,0.0,0.0,0.0
0,0,0,0,27,0.14,83.7,0.6,215,2026-10-17 18:05:00,PT5M,0.0,0.0,0.0,0.0,0.0
0,0,0,0,27,0.14,83.9,0.6,213,2026-10-17 18:10:00,PT5M,0.0,0.0,0.0,0.0,0.0
0,0,0,0,27,0.14,84.1,0.6,212,2026-10-17 18:15:00,PT5M,0.0,0.0,0.0,0.0,0.0
0,0,0,0,27,0.14,84.4,0.6,211,2026-10-17 18:20:00,PT5M,0.0,0.0,0.0,0.0,0.0
0,0,0,0,26,0.14,84.6,0.7,210,2026-10-17 18:25:00,PT5M,0.0,0.0,0.0,0.0,0.0
0,0,0,0,26,0.14,84.8,0.7,209,2026-10-17 18:30:00,PT5M,0.0,0.0,0.0,0.0,0.0
0,0,0,0,26,0.14,85.1,0.7,209,2026-10-17 18:35:00,PT5M,0.0,0.0,0.0,0.0,0.0
0,0,0,0,26,0.14,85.3,0.7,208,2026-10-17 18:40:00,PT5M,0.0,0.0,0.0,0.0,0.0
0,0,0,0,26,0.14,85.6,0.7,207,2026-10-17 18:45:00,PT5M,0.0,0.0,0.0,0.0,0.0
0,0,0,0,26,0.14,85.8,0.8,207,2026-10-17 18:50:00,PT5M,0.0,0.0,0.0,0.0,0.0
0,0,0,0,26,0.14,86.0,0.8,206,2026-10-17 18:55:00,PT5M,0.0,0.0,0.0,0.0,0.0
0,0,0,0,26,0.14,86.3,0.8,205,2026-10-17 19:00:00,PT5M,0.0,0.0,0.0,0.0,0.0
0,0,0,0,26,0.14,86.5,0.8,205,2026-10-17 19:05:00,PT5M,0.0,0.0,0.0,0.0,0.0
0,0,0,0,26,0.14,86.8,0.9,204,2026-10-17 19:10:00,PT5M,0.0,0.0,0.0,0.0,0.0
0,0,0,0,26,0.14,87.0,0.9,204,2026-10-17 19:15:00,PT5M,0.0,0.0,0.0,0.0,0.0
0,0,0,0,26,0.14,87.2,0.9,203,2026-10-17 19:20:00,PT5M,0.0,0.0,0.0,0.0,0.0
0,0,0,0,26,0.14,87.5,0.9,203,2026-10-17 19:25:00,PT5M,0.0,0.0,0.0,0.0,0.0
0,0,0,0,26,0.14,87.7,1.0,202,2026-10-17 19:30:00,PT5M,0.0,0.0,0.0,0.0,0.0
0,0,0,0,26,0.14,88.0,1.0,202,2026-10-17 19:35:00,PT5M,0.0,0.0,0.0,0.0,0.0
0,0,0,0,26,0.14,88.2,1.0,202,2026-10-17 19:40:00,PT5M,0.0,0.0,0.0,0.0,0.0
0,0,0,0,26,0.14,88.5,1.0,201,2026-10-17 19:45:00,PT5M,0.0,0.0,0.0,0.0,0.0
0,0,0,0,26,0.14,88.7,1.1,201,2026-10-17 19:50:00,PT5M,0.0,0.0,0.0,0.0,0.0
0,0,0,0,26,0.14,89.0,1.1,201,2026-10-17 19:55:00,PT5M,0.0,0.0,0.0,0.0,0.0
0,0,0,0,26,0.14,89.2,1.1,200,2026-10-17 20:00:00,PT5M,0.0,0.0,0.0,0.0,0.0
0,0,0,0,26,0.14,89.5,1.1,200,2026-10-17 20:05:00,PT5M,0.0,0.0,0.0,0.0,0.0
0,0,0,0,25,0.14,89.7,1.2,200,2026-10-17 20:10:00,PT5M,0.0,0.0,0.0,0.0,0.0
0,0,0,0,25,0.14,90.0,1.2,199,2026-10-17 20:15:00,PT5M,0.0,0.0,0.0,0.0,0.0
0,0,0,0,25,0.14,90.2,1.2,199,2026-10-17 20:20:00,PT5M,0.0,0.0,0.0,0.0,0.0
0,0,0,0,25,0.14,90.5,1.2,199,2026-10-17 20:25:00,PT5M,0.0,0.0,0.0,0.0,0.0
0,0,0,0,25,0.14,90.7,1.3,199,2026-10-17 20:30:00,PT5M,0.0,0.0,0.0,0.0,0.0
0,0,0,0,25,0.14,90.9,1.3,199,2026-10-17 20:35:00,PT5M,0.0,0.0,0.0,0.0,0.0
0,0,0,0,25,0.14,91.0,1.3,200,2026-10-17 20:40:00,PT5M,0.0,0.0,0.0,0.0,0.0
0,0,0,0,25,0.14,91.0,1.3,201,2026-10-17 20:45:00,PT5M,0.0,0.0,0.0,0.0,0.0
0,0,0,0,25,0.14,91.1,1.3,202,2026-10-17 20:50:00,PT5M,0.0,0.0,0.0,0.0,0.0
0,0,0,0,25,0.14,91.1,1.4,203,2026-10-17 20:55:00,PT5M,0.0,0.0,0.0,0.0,0.0
0,0,0,0,25,0.14,91.2,1.4,204,2026-10-17 21:00:00,PT5M,0.0,0.0,0.0,0.0,0.0
0,0,0,0,25,0.14,91.3,1.4,205,2026-10-17 21:05:00,PT5M,0.0,0.0,0.0,0.0,0.0
0,0,0,0,25,0.14,91.3,1.4,206,2026-10-17 21:10:00,PT5M,0.0,0.0,0.0,0.0,0.0
0,0,0,0,25,0.14,91.4,1.5,207,2026-10-17 21:15:00,PT5M,0.0,0.0,0.0,0.0,0.0
0,0,0,0,25,0.14,91.4,1.5,208,2026-10-17 21:20:00,PT5M,0.0,0.0,0.0,0.0,0.0
0,0,0,0,25,0.14,91.5,1.5,209,2026-10-17 21:25:00,PT5M,0.0,0.0,0.0,0.0,0.0
0,0,0,0,25,0.14,91.6,1.5,210,2026-10-17 21:30:00,PT5M,0.0,0.0,0.0,0.0,0.0
0,0,0,0,25,0.14,91.6,1.6,210,2026-10-17 21:35:00,PT5M,0.0,0.0,0.0,0.0,0.0
0,0,0,0,25,0.14,91.7,1.6,211,2026-10-17 21:40:00,PT5M,0.0,0.0,0.0,0.0,0.0
0,0,0,0,25,0.14,91.7,1.6,212,2026-10-17 21:45:00,PT5M,0.0,0.0,0.0,0.0,0.0
0,0,0,0,25,0.14,91.8,1.6,212,2026-10-17 21:50:00,PT5M,0.0,0.0,0.0,0.0,0.0
0,0,0,0,25,0.14,91.9,1.7,213,2026-10-17 21:55:00,PT5M,0.0,0.0,0.0,0.0,0.0
0,0,0,0,25,0.14,91.9,1.7,214,2026-10-17 22:00:00,PT5M,0.0,0.0,0.0,0.0,0.0
0,0,0,0,25,0.14,92.0,1.7,214,2026-10-17 22:05:00,PT5M,0.0,0.0,0.0,0.0,0.0
0,0,0,0,25,0.14,92.0,1.7,215,2026-10-17 22:10:00,PT5M,0.0,0.0,0.0,0.0,0.0
0,0,0,0,25,0.14,92.1,1.8,216,2026-10-17 22:15:00,PT5M,0.0,0.0,0.0,0.0,0.0
0,0,0,0,25,0.14,92.2,1.8,216,2026-10-17 22:20:00,PT5M,0.0,0.0,0.0,0.0,0.0
0,0,0,0,25,0.14,92.2,1.8,217,2026-10-17 22:25:00,PT5M,0.0,0.0,0.0,0.0,0.0
0,0,0,0,25,0.14,92.3,1.8,217,2026-10-17 22:30:00,PT5M,0.0,0.0,0.0,0.0,0.0
0,0,0,0,25,0.14,92.3,1.9,218,2026-10-17 22:35:00,PT5M,0.0,0.0,0.0,0.0,0.0
0,0,0,0,25,0.14,92.4,1.9,218,2026-10-17 22:40:00,PT5M,0.0,0.0,0.0,0.0,0.0
0,0,0,0,25,0.14,92.5,1.9,219,2026-10-17 22:45:00,PT5M,0.0,0.0,0.0,0.0,0.0
0,0,0,0,25,0.14,92.5,2.0,219,2026-10-17 22:50:00,PT5M,0.0,0.0,0.0,0.0,0.0
0,0,0,0,25,0.14,92.6,2.0,220,2026-10-17 22:55:00,PT5M,0.0,0.0,0.0,0.0,0.0
0,0,0,0,25,0.14,92.6,2.0,220,2026-10-17 23:00:00,PT5M,0.0,0.0,0.0,0.0,0.0
0,0,0,0,25,0.14,92.7,2.0,221,2026-10-17 23:05:00,PT5M,0.0,0.0,0.0,0.0,0.0
0,0,0,0,25,0.14,92.8,2.1,221,2026-10-17 23:10:00,PT5M,0.0,0.0,0.0,0.0,0.0
0,0,0,0,25,0.14,92.8,2.1,222,2026-10-17 23:15:00,PT5M,0.0,0.0,0.0,0.0,0.0
0,0,0,0,25,0.14,92.9,2.1,222,2026-10-17 23:20:00,PT5M,0.0,0.0,0.0,0.0,0.0
0,0,0,0,25,0.14,92.9,2.1,223,2026-10-17 23:25:00,PT5M,0.0,0.0,0.0,0.0,0.0
0,0,0,0,25,0.14,93.0,2.2,223,2026-10-17 23:30:00,PT5M,0.0,0.0,0.0,0.0,0.0
0,0,0,0,25,0.14,93.0,2.2,223,2026-10-17 23:35:00,PT5M,0.0,0.0,0.0,0.0,0.0
0,0,0,0,25,0.14,93.0,2.2,224,2026-10-17 23:40:00,PT5M,0.0,0.0,0.0,0.0,0.0
0,0,0,0,25,0.14,92.9,2.1,224,2026-10-17 23:45:00,PT5M,0.0,0.0,0.0,0.0,0.0
0,0,0,0,25,0.14,92.9,2.1,224,2026-10-17 23:50:00,PT5M,0.0,0.0,0.0,0.0,0.0
0,0,0,0,25,0.14,92.8,2.1,225,2026-10-17 23:55:00,PT5M,0.0,0.0,0.0,0.0,0.0
0,0,0,0,25,0.14,92.8,2.1,225,2026-10-18 00:00:00,PT5M,0.0,0.0,0.0,0.0,0.0
0,0,0,0,25,0.14,92.7,2.1,226,2026-10-18 00:05:00,PT5M,0.0,0.0,0.0,0.0,0.0
0,0,0,0,25,0.14,92.7,2.1,226,2026-10-18 00:10:00,PT5M,0.0,0.0,0.0,0.0,0.0
0,0,0,0,25,0.14,92.6,2.0,226,2026-10-18 00:15:00,PT5M,0.0,0.0,0.0,0.0,0.0
0,0,0,0,24,0.14,92.6,2.0,227,2026-10-18 00:20:00,PT5M,0.0,0.0,0.0,0.0,0.0
0,0,0,0,24,0.14,92.5,2.0,227,2026-10-18 00:25:00,PT5M,0.0,0.0,0.0,0.0,0.0
0,0,0,0,24,0.14,92.5,2.0,228,2026-10-18 00:30:00,PT5M,0.0,0.0,0.0,0.0,0.0
0,0,0,0,24,0.14,92.5,2.0,228,2026-10-18 00:35:00,PT5M,0.0,0.0,0.0,0.0,0.0
0,0,0,0,24,0.14,92.4,2.0,228,2026-10-18 00:40:00,PT5M,0.0,0.0,0.0,0.0,0.0
0,0,0,0,24,0.14,92.4,1.9,229,2026-10-18 00:45:00,PT5M,0.0,0.0,0.0,0.0,0.0
0,0,0,0,24,0.14,92.3,1.9,229,2026-10-18 00:50:00,PT5M,0.0,0.0,0.0,0.0,0.0
0,0,0,0,24,0.14,92.3,1.9,230,2026-10-18 00:55:00,PT5M,0.0,0.0,0.0,0.0,0.0
0,0,0,0,24,0.14,92.2,1.9,230,2026-10-18 01:00:00,PT5M,0.0,0.0,0.0,0.0,0.0
0,0,0,0,24,0.14,92.2,1.9,231,2026-10-18 01:05:00,PT5M,0.0,0.0,0.0,0.0,0.0
0,0,0,0,24,0.14,92.1,1.9,231,2026-10-18 01:10:00,PT5M,0.0,0.0,0.0,0.0,0.0
0,0,0,0,24,0.14,92.1,1.8,232,2026-10-18 01:15:00,PT5M,0.0,0.0,0.0,0.0,0.0
0,0,0,0,24,0.14,92.0,1.8,232,2026-10-18 01:20:00,PT5M,0.0,0.0,0.0,0.0,0.0
0,0,0,0,24,0.14,92.0,1.8,233,2026-10-18 01:25:00,PT5M,0.0,0.0,0.0,0.0,0.0
0,0,0,0,24,0.14,91.9,1.8,233,2026-10-18 01:30:00,PT5M,0.0,0.0,0.0,0.0,0.0
0,0,0,0,24,0.14,91.9,1.8,234,2026-10-18 01:35:00,PT5M,0.0,0.0,0.0,0.0,0.0
0,0,0,0,24,0.14,91.8,1.8,234,2026-10-18 01:40:00,PT5M,0.0,0.0,0.0,0.0,0.0
0,0,0,0,24,0.14,91.8,1.7,235,2026-10-18 01:45:00,PT5M,0.0,0.0,0.0,0.0,0.0
0,0,0,0,24,0.14,91.8,1.7,235,2026-10-18 01:50:00,PT5M,0.0,0.0,0.0,0.0,0.0
0,0,0,0,24,0.14,91.7,1.7,236,2026-10-18 01:55:00,PT5M,0.0,0.0,0.0,0.0,0.0
0,0,0,0,24,0.14,91.7,1.7,236,2026-10-18 02:00:00,PT5M,0.0,0.0,0.0,0.0,0.0
0,0,0,0,24,0.14,91.6,1.7,237,2026-10-18 02:05:00,PT5M,0.0,0.0,0.0,0.0,0.0
0,0,0,0,24,0.14,91.6,1.7,237,2026-10-18 02:10:00,PT5M,0.0,0.0,0.0,0.0,0.0
0,0,0,0,24,0.14,91.5,1.7,238,2026-10-18 02:15:00,PT5M,0.0,0.0,0.0,0.0,0.0
0,0,0,0,24,0.14,91.5,1.6,239,2026-10-18 02:20:00,PT5M,0.0,0.0,0.0,0.0,0.0
0,0,0,0,24,0.14,91.4,1.6,239,2026-10-18 02:25:00,PT5M,0.0,0.0,0.0,0.0,0.0
0,0,0,0,24,0.14,91.4,1.6,240,2026-10-18 02:30:00,PT5M,0.0,0.0,0.0,0.0,0.0
0,0,0,0,24,0.14,91.4,1.6,240,2026-10-18 02:35:00,PT5M,0.0,0.0,0.0,0.0,0.0
0,0,0,0,24,0.14,91.4,1.6,240,2026-10-18 02:40:00,PT5M,0.0,0.0,0.0,0.0,0.0
0,0,0,0,24,0.14,91.4,1.6,239,2026-10-18 02:45:00,PT5M,0.0,0.0,0.0,0.0,0.0
0,0,0,0,24,0.14,91.4,1.6,239,2026-10-18 02:50:00,PT5M,0.0,0.0,0.0,0.0,0.0
0,0,0,0,24,0.14,91.4,1.6,238,2026-10-18 02:55:00,PT5M,0.0,0.0,0.0,0.0,0.0
0,0,0,0,24,0.14,91.4,1.5,238,2026-10-18 03:00:00,PT5M,0.0,0.0,0.0,0.0,0.0
0,0,0,0,24,0.14,91.4,1.5,238,2026-10-18 03:05:00,PT5M,0.0,0.0,0.0,0.0,0.0
0,0,0,0,24,0.14,91.4,1.5,237,2026-10-18 03:10:00,PT5M,0.0,0.0,0.0,0.0,0.0
0,0,0,0,24,0.14,91.4,1.5,237,2026-10-18 03:15:00,PT5M,0.0,0.0,0.0,0.0,0.0
0,0,0,0,24,0.14,91.4,1.5,236,2026-10-18 03:20:00,PT5M,0.0,0.0,0.0,0.0,0.0
0,0,0,0,24,0.14,91.4,1.5,236,2026-10-18 03:25:00,PT5M,0.0,0.0,0.0,0.0,0.0
0,0,0,0,24,0.14,91.4,1.5,235,2026-10-18 03:30:00,PT5M,0.0,0.0,0.0,0.0,0.0
0,0,0,0,24,0.14,91.4,1.5,235,2026-10-18 03:35:00,PT5M,0.0,0.0,0.0,0.0,0.0
0,0,0,0,24,0.14,91.4,1.4,235,2026-10-18 03:40:00,PT5M,0.0,0.0,0.0,0.0,0.0
0,0,0,0,24,0.14,91.4,1.4,234,2026-10-18 03:45:00,PT5M,0.0,0.0,0.0,0.0,0.0
0,0,0,0,24,0.14,91.4,1.4,234,2026-10-18 03:50:00,PT5M,0.0,0.0,0.0,0.0,0.0
0,0,0,0,24,0.14,91.4,1.4,233,2026-10-18 03:55:00,PT5M,0.0,0.0,0.0,0.0,0.0
0,0,0,0,24,0.14,91.4,1.4,233,2026-10-18 04:00:00,PT5M,0.0,0.0,0.0,0.0,0.0
0,0,0,0,24,0.14,91.4,1.4,232,2026-10-18 04:05:00,PT5M,0.0,0.0,0.0,0.0,0.0
0,0,0,0,24,0.14,91.4,1.4,232,2026-10-18 04:10:00,PT5M,0.0,0.0,0.0,0.0,0.0
0,0,0,0,24,0.14,91.4,1.4,231,2026-10-18 04:15:00,PT5M,0.0,0.0,0.0,0.0,0.0
0,0,0,0,24,0.14,91.4,1.4,230,2026-10-18 04:20:00,PT5M,0.0,0.0,0.0,0.0,0.0
0,0,0,0,24,0.14,91.4,1.3,230,2026-10-18 04:25:00,PT5M,0.0,0.0,0.0,0.0,0.0
0,0,0,0,24,0.14,91.4,1.3,229,2026-10-18 04:30:00,PT5M,0.0,0.0,0.0,0.0,0.0
0,0,0,0,24,0.14,91.4,1.3,229,2026-10-18 04:35:00,PT5M,0.0,0.0,0.0,0.0,0.0
0,0,0,0,24,0.14,91.4,1.3,228,2026-10-18 04:40:00,PT5M,0.0,0.0,0.0,0.0,0.0
0,0,0,0,24,0.14,91.4,1.3,228,2026-10-18 04:45:00,PT5M,0.0,0.0,0.0,0.0,0.0
0,0,0,0,24,0.14,91.4,1.3,227,2026-10-18 04:50:00,PT5M,0.0,0.0,0.0,0.0,0.0
0,0,0,0,24,0.14,91.4,1.3,226,2026-10-18 04:55:00,PT5M,0.0,0.0,0.0,0.0,0.0
0,0,0,0,24,0.14,91.4,1.3,226,2026-10-18 05:00:00,PT5M,0.0,0.0,0.0,0.0,0.0
0,0,0,0,24,0.14,91.4,1.3,225,2026-10-18 05:05:00,PT5M,0.0,0.0,0.0,0.0,0.0
0,0,0,0,24,0.14,91.4,1.2,225,2026-10-18 05:10:00,PT5M,0.0,0.0,0.0,0.0,0.0
0,0,0,0,24,0.14,91.4,1.2,224,2026-10-18 05:15:00,PT5M,0.0,0.0,0.0,0.0,0.0
0,0,0,0,24,0.14,91.4,1.2,223,2026-10-18 05:20:00,PT5M,0.0,0.0,0.0,0.0,0.0
0,0,0,0,24,0.14,91.4,1.2,223,2026-10-18 05:25:00,PT5M,0.0,0.0,0.0,0.0,0.0
0,0,0,0,24,0.14,91.4,1.2,222,2026-10-18 05:30:00,PT5M,0.0,0.0,0.0,0.0,0.0
0,0,0,0,24,0.14,91.1,1.2,222,2026-10-18 05:35:00,PT5M,0.0,0.0,0.0,0.0,0.0
0,0,0,0,25,0.14,90.5,1.2,223,2026-10-18 05:40:00,PT5M,0.0,0.0,0.0,0.0,0.0
0,0,0,0,25,0.14,90.0,1.2,224,2026-10-18 05:45:00,PT5M,0.0,0.0,0.0,0.0,0.0
0,0,0,0,25,0.14,89.4,1.2,224,2026-10-18 05:50:00,PT5M,0.0,0.0,0.0,0.0,0.0
0,0,0,0,25,0.14,88.9,1.2,225,2026-10-18 05:55:00,PT5M,0.0,0.0,0.0,0.0,0.0
3,3,0,3,25,0.14,88.3,1.2,226,2026-10-18 06:00:00,PT5M,0.0,0.0465,0.0245,0.0,0.0
7,7,0,7,25,0.14,87.8,1.2,226,2026-10-18 06:05:00,PT5M,0.305,0.985,0.6629,0.0,0.0
13,13,0,13,25,0.14,87.2,1.2,227,2026-10-18 06:10:00,PT5M,1.04,2.596,1.8589,0.2211,0.0
19,19,0,19,25,0.14,86.7,1.2,228,2026-10-18 06:15:00,PT5M,1.864,4.7965,3.4074,0.3206,0.0
27,27,0,27,25,0.14,86.2,1.2,229,2026-10-18 06:20:00,PT5M,2.767,7.3015,5.1535,0.3805,0.0
35,35,0,35,25,0.14,85.7,1.2,229,2026-10-18 06:25:00,PT5M,3.825,10.1515,7.1547,0.4953,0.0
44,44,0,44,26,0.14,85.1,1.3,230,2026-10-18 06:30:00,PT5M,5.056,13.28,9.3843,0.7277,0.0
54,54,0,54,26,0.14,84.6,1.3,231,2026-10-18 06:35:00,PT5M,6.305,16.4965,11.6689,0.9411,0.0
65,65,0,65,26,0.14,84.1,1.3,231,2026-10-18 06:40:00,PT5M,7.648,19.814,14.0511,1.2449,0.0
77,77,0,77,26,0.14,83.6,1.3,232,2026-10-18 06:45:00,PT5M,9.184,23.349,16.6391,1.7289,0.0
89,90,0,90,26,0.14,83.1,1.3,233,2026-10-18 06:50:00,PT5M,10.762,26.899,19.255,2.269,0.0
103,103,0,103,26,0.14,82.6,1.3,233,2026-10-18 06:55:00,PT5M,12.371,30.5405,21.9337,2.8083,0.0
117,117,12,114,26,0.14,82.1,1.3,234,2026-10-18 07:00:00,PT5M,14.604,34.8875,25.2794,3.9286,0.0
131,131,27,123,26,0.14,81.6,1.3,235,2026-10-18 07:05:00,PT5M,17.019,39.4805,28.8406,5.1974,0.0
146,145,43,132,26,0.14,81.1,1.3,235,2026-10-18 07:10:00,PT5M,19.738,44.4095,32.7228,6.7532,0.0
162,160,59,141,27,0.14,80.6,1.3,236,2026-10-18 07:15:00,PT5M,22.634,49.5155,36.7819,8.4861,0.0
178,176,76,149,27,0.14,80.1,1.3,237,2026-10-18 07:20:00,PT5M,25.685,54.7625,40.9887,10.3813,0.0
194,192,93,158,27,0.14,79.6,1.3,237,2026-10-18 07:25:00,PT5M,28.911,60.181,45.3686,12.4534,0.0
211,208,110,166,27,0.14,79.2,1.3,238,2026-10-18 07:30:00,PT5M,32.142,65.6125,49.7578,14.5262,0.0
229,225,128,173,27,0.14,78.7,1.3,239,2026-10-18 07:35:00,PT5M,35.729,71.426,54.5166,16.9414,0.032
247,243,147,180,27,0.14,78.2,1.3,239,2026-10-18 07:40:00,PT5M,39.361,76.9045,59.1204,19.6016,1.8175
266,262,168,186,27,0.14,77.7,1.4,240,2026-10-18 07:45:00,PT5M,42.73,80.9055,62.822,22.638,4.5545
285,280,189,192,27,0.14,77.3,1.4,240,2026-10-18 07:50:00,PT5M,46.097,84.8405,66.488,25.706,7.3535
305,300,210,198,27,0.14,76.8,1.4,241,2026-10-18 07:55:00,PT5M,49.451,88.694,70.1049,28.7971,10.208
325,319,232,202,27,0.14,76.3,1.4,242,2026-10-18 08:00:00,PT5M,52.727,92.393,73.6035,31.8505,13.061
346,339,255,206,28,0.14,75.9,1.4,242,2026-10-18 08:05:00,PT5M,56.009,95.9875,77.05,34.968,16.0305
367,360,278,210,28,0.14,75.4,1.4,243,2026-10-18 08:10:00,PT5M,59.228,99.4215,80.3821,38.0739,19.0345
389,381,303,212,28,0.14,75.0,1.4,243,2026-10-18 08:15:00,PT5M,62.367,100.0,83.5795,41.1545,22.0625
411,402,327,214,28,0.14,74.5,1.4,244,2026-10-18 08:20:00,PT5M,65.432,100.0,86.6348,44.2292,25.146
433,423,353,215,28,0.14,74.1,1.4,244,2026-10-18 08:25:00,PT5M,68.392,100.0,89.5451,47.2389,28.2005
456,445,379,215,28,0.14,73.6,1.4,245,2026-10-18 08:30:00,PT5M,71.263,100.0,92.3682,50.1578,31.1625
475,464,396,217,28,0.14,73.1,1.4,246,2026-10-18 08:35:00,PT5M,73.319,100.0,94.3855,52.2525,33.292
491,480,405,221,28,0.14,72.3,1.4,246,2026-10-18 08:40:00,PT5M,74.557,100.0,95.6393,53.4747,34.5
507,495,413,225,29,0.14,71.6,1.4,247,2026-10-18 08:45:00,PT5M,75.741,100.0,96.8307,54.6513,35.67
522,511,421,228,29,0.14,70.9,1.3,247,2026-10-18 08:50:00,PT5M,76.88,100.0,97.9702,55.7898,36.808
538,526,429,232,29,0.14,70.2,1.3,248,2026-10-18 08:55:00,PT5M,77.974,100.0,99.0623,56.8857,37.9055
553,541,436,235,29,0.14,69.5,1.3,249,2026-10-18 09:00:00,PT5M,79.027,100.0,100.0,57.9473,38.975
568,556,445,238,29,0.14,68.8,1.3,250,2026-10-18 09:05:00,PT5M,80.115,100.0,100.0,59.0498,40.0905
584,571,455,239,29,0.14,68.2,1.2,250,2026-10-18 09:10:00,PT5M,81.23,100.0,100.0,60.3032,41.4685
599,586,464,241,29,0.14,67.5,1.2,251,2026-10-18 09:15:00,PT5M,82.303,100.0,100.0,61.5268,42.8275
615,601,474,243,30,0.14,66.8,1.2,252,2026-10-18 09:20:00,PT5M,83.336,100.0,100.0,62.7082,44.1425
629,615,483,244,30,0.14,66.2,1.1,253,2026-10-18 09:25:00,PT5M,84.329,100.0,100.0,63.8472,45.413
644,630,493,245,30,0.14,65.5,1.1,254,2026-10-18 09:30:00,PT5M,85.285,100.0,100.0,64.9472,46.6425
658,644,502,246,30,0.14,64.9,1.1,255,2026-10-18 09:35:00,PT5M,86.204,100.0,100.0,66.0238,47.861
673,658,511,246,30,0.14,64.3,1.1,256,2026-10-18 09:40:00,PT5M,87.089,100.0,100.0,67.0812,49.0735
686,671,520,247,30,0.14,63.6,1.0,257,2026-10-18 09:45:00,PT5M,87.94,100.0,100.0,68.1035,50.25
700,684,528,247,30,0.14,63.0,1.0,258,2026-10-18 09:50:00,PT5M,88.719,100.0,100.0,69.0496,51.3465
712,697,536,247,31,0.14,62.4,1.0,259,2026-10-18 09:55:00,PT5M,89.453,100.0,100.0,69.9467,52.3905
725,709,544,247,31,0.14,61.8,1.0,260,2026-10-18 10:00:00,PT5M,90.164,100.0,100.0,70.818,53.406
737,721,552,247,31,0.14,61.2,1.0,262,2026-10-18 10:05:00,PT5M,90.822,100.0,100.0,71.6331,54.3625
749,732,559,247,31,0.14,60.6,0.9,263,2026-10-18 10:10:00,PT5M,91.441,100.0,100.0,72.4058,55.2735
760,743,566,247,31,0.14,60.0,0.9,264,2026-10-18 10:15:00,PT5M,92.032,100.0,100.0,73.1481,56.152
771,754,573,247,31,0.14,59.4,0.9,266,2026-10-18 10:20:00,PT5M,92.595,100.0,100.0,73.8603,56.9985
781,764,580,246,31,0.14,58.9,0.9,268,2026-10-18 10:25:00,PT5M,93.132,100.0,100.0,74.5439,57.814
792,774,586,246,32,0.14,58.3,0.8,269,2026-10-18 10:30:00,PT5M,93.642,100.0,100.0,75.1986,58.599
801,784,593,245,32,0.14,57.7,0.8,271,2026-10-18 10:35:00,PT5M,94.126,100.0,100.0,75.8147,59.334
811,793,600,244,32,0.14,57.2,0.8,273,2026-10-18 10:40:00,PT5M,94.588,100.0,100.0,76.3954,60.0215
820,802,607,243,32,0.14,56.6,0.8,275,2026-10-18 10:45:00,PT5M,95.02,100.0,100.0,76.9406,60.6685
828,810,613,242,32,0.14,56.1,0.8,277,2026-10-18 10:50:00,PT5M,95.421,100.0,100.0,77.4442,61.2645
837,818,620,240,32,0.14,55.5,0.8,279,2026-10-18 10:55:00,PT5M,95.792,100.0,100.0,77.906,61.808
844,826,626,239,32,0.14,55.0,0.7,281,2026-10-18 11:00:00,PT5M,96.153,100.0,100.0,78.3675,62.36
851,833,632,237,33,0.14,54.5,0.7,283,2026-10-18 11:05:00,PT5M,96.494,100.0,100.0,78.8101,62.894
858,839,639,235,33,0.14,53.9,0.7,285,2026-10-18 11:10:00,PT5M,96.807,100.0,100.0,79.2126,63.377
865,845,645,233,33,0.14,53.4,0.7,288,2026-10-18 11:15:00,PT5M,97.097,100.0,100.0,79.5852,63.824
870,851,651,231,33,0.14,52.9,0.7,290,2026-10-18 11:20:00,PT5M,97.365,100.0,100.0,79.9298,64.2375
876,856,657,229,33,0.14,52.4,0.7,293,2026-10-18 11:25:00,PT5M,97.611,100.0,100.0,80.2479,64.6205
881,861,662,226,33,0.14,51.9,0.7,295,2026-10-18 11:30:00,PT5M,97.836,100.0,100.0,80.5402,64.9735
879,860,656,230,33,0.14,51.9,0.6,296,2026-10-18 11:35:00,PT5M,97.511,100.0,100.0,80.1608,64.545
871,852,636,240,33,0.14,52.5,0.5,295,2026-10-18 11:40:00,PT5M,96.638,100.0,100.0,79.112,63.338
863,844,617,250,33,0.14,53.1,0.4,292,2026-10-18 11:45:00,PT5M,95.746,100.0,100.0,78.0392,62.1025
854,835,599,259,33,0.14,53.6,0.3,289,2026-10-18 11:50:00,PT5M,94.835,100.0,100.0,76.9429,60.8395
844,826,580,268,33,0.14,54.2,0.2,283,2026-10-18 11:55:00,PT5M,93.982,100.0,100.0,75.9002,59.626
834,817,562,277,33,0.14,54.8,0.1,268,2026-10-18 12:00:00,PT5M,93.147,100.0,100.0,74.8715,58.423
824,807,543,285,32,0.14,55.4,0.1,224,2026-10-18 12:05:00,PT5M,92.281,100.0,100.0,73.8079,57.1815
813,797,524,294,32,0.14,56.0,0.1,168,2026-10-18 12:10:00,PT5M,91.427,100.0,100.0,72.7523,55.9445
801,786,506,301,32,0.14,56.6,0.2,148,2026-10-18 12:15:00,PT5M,90.505,100.0,100.0,71.6264,54.635
790,775,488,309,32,0.14,57.2,0.3,140,2026-10-18 12:20:00,PT5M,89.555,100.0,100.0,70.4701,53.293
778,763,470,316,32,0.14,57.9,0.4,136,2026-10-18 12:25:00,PT5M,88.578,100.0,100.0,69.2859,51.9225
765,751,453,322,32,0.14,58.5,0.5,133,2026-10-18 12:30:00,PT5M,87.57,100.0,100.0,68.069,50.5175
752,739,435,328,31,0.14,59.1,0.6,132,2026-10-18 12:35:00,PT5M,86.531,100.0,100.0,66.8297,49.098
739,727,418,333,31,0.14,59.8,0.7,131,2026-10-18 12:40:00,PT5M,85.45,100.0,100.0,65.5522,47.6435
726,714,401,338,31,0.14,60.4,0.8,130,2026-10-18 12:45:00,PT5M,84.329,100.0,100.0,64.2312,46.1425
713,701,385,343,31,0.14,61.1,0.9,129,2026-10-18 12:50:00,PT5M,83.189,100.0,100.0,62.8983,44.636
699,688,369,347,31,0.14,61.8,1.0,129,2026-10-18 12:55:00,PT5M,82.035,100.0,100.0,61.5598,43.1315
685,674,353,350,31,0.14,62.4,1.1,128,2026-10-18 13:00:00,PT5M,80.76,100.0,100.0,60.0893,41.485
671,661,338,353,31,0.14,63.1,1.2,128,2026-10-18 13:05:00,PT5M,79.505,100.0,100.0,58.6382,39.8575
657,647,323,355,30,0.14,63.8,1.3,127,2026-10-18 13:10:00,PT5M,78.218,100.0,99.2805,57.1555,38.1985
642,633,308,356,30,0.14,64.5,1.4,127,2026-10-18 13:15:00,PT5M,76.897,100.0,98.154,55.64,36.508
628,619,294,357,30,0.14,65.2,1.5,127,2026-10-18 13:20:00,PT5M,75.541,100.0,96.9906,54.0914,34.786
613,605,280,358,30,0.14,66.0,1.6,127,2026-10-18 13:25:00,PT5M,74.149,100.0,95.7897,52.5083,33.031
598,590,267,358,30,0.14,66.7,1.7,127,2026-10-18 13:30:00,PT5M,72.72,100.0,94.5496,50.8904,31.243
584,576,254,357,30,0.14,67.4,1.8,126,2026-10-18 13:35:00,PT5M,71.312,100.0,93.3364,49.2876,29.465
570,563,242,356,30,0.14,68.2,1.9,126,2026-10-18 13:40:00,PT5M,69.926,100.0,92.1509,47.7011,27.698
556,549,231,354,29,0.14,68.9,2.0,126,2026-10-18 13:45:00,PT5M,68.503,100.0,90.9253,46.0807,25.9
541,535,219,352,29,0.14,69.7,2.1,126,2026-10-18 13:50:00,PT5M,67.042,100.0,89.659,44.425,24.069
527,521,208,350,29,0.14,70.5,2.2,126,2026-10-18 13:55:00,PT5M,65.516,100.0,88.3251,42.7069,22.178
512,507,197,347,29,0.14,71.2,2.3,126,2026-10-18 14:00:00,PT5M,63.956,100.0,86.9548,40.9572,20.2575
498,492,186,344,29,0.14,72.0,2.4,126,2026-10-18 14:05:00,PT5M,62.347,100.0,85.5321,39.1619,18.2945
483,478,175,340,29,0.14,72.8,2.5,126,2026-10-18 14:10:00,PT5M,60.705,100.0,84.0722,37.3378,16.3065
468,464,164,336,28,0.14,73.7,2.6,126,2026-10-18 14:15:00,PT5M,59.03,100.0,82.5846,35.4754,14.2755
453,449,154,332,28,0.14,74.5,2.7,125,2026-10-18 14:20:00,PT5M,57.323,100.0,81.0584,33.5876,12.225
438,435,143,327,28,0.14,75.3,2.8,125,2026-10-18 14:25:00,PT5M,55.584,100.0,79.4947,31.6733,10.153
424,420,133,322,28,0.14,76.1,2.9,125,2026-10-18 14:30:00,PT5M,53.816,99.5695,77.8964,29.7356,8.0625
411,408,127,316,28,0.14,76.7,2.9,126,2026-10-18 14:35:00,PT5M,52.358,98.339,76.5581,28.1579,6.377
400,397,123,310,28,0.14,77.0,2.8,127,2026-10-18 14:40:00,PT5M,51.21,97.2575,75.4451,26.9749,5.1625
390,387,120,304,28,0.14,77.3,2.8,128,2026-10-18 14:45:00,PT5M,50.096,96.008,74.2598,25.9322,4.184
379,377,117,297,28,0.14,77.7,2.7,129,2026-10-18 14:50:00,PT5M,48.959,94.719,73.0428,24.8752,3.199
369,366,113,291,28,0.14,78.0,2.6,130,2026-10-18 14:55:00,PT5M,47.79,93.3795,71.7841,23.7959,2.2005
358,355,110,284,28,0.14,78.3,2.6,131,2026-10-18 15:00:00,PT5M,46.589,91.9895,70.4836,22.6944,1.1885
347,344,106,277,28,0.14,78.6,2.5,132,2026-10-18 15:05:00,PT5M,45.558,90.7385,69.3368,21.7792,0.3775
335,333,102,270,28,0.14,78.9,2.5,133,2026-10-18 15:10:00,PT5M,44.24,89.168,67.8859,20.5941,0.0
324,322,98,263,27,0.14,79.3,2.4,134,2026-10-18 15:15:00,PT5M,42.877,87.459,66.3408,19.4132,0.0
312,310,94,255,27,0.14,79.6,2.3,136,2026-10-18 15:20:00,PT5M,41.471,85.732,64.7659,18.1761,0.0
301,299,89,248,27,0.14,79.9,2.3,137,2026-10-18 15:25:00,PT5M,40.01,83.906,63.1128,16.9072,0.0
289,287,84,240,27,0.14,80.2,2.2,139,2026-10-18 15:30:00,PT5M,38.522,81.978,61.3932,15.6508,0.0
277,275,79,233,27,0.14,80.6,2.2,140,2026-10-18 15:35:00,PT5M,37.008,79.9265,59.5963,14.4197,0.0
265,263,74,225,27,0.14,80.9,2.1,142,2026-10-18 15:40:00,PT5M,35.439,77.733,57.6986,13.1794,0.0
252,251,69,217,27,0.14,81.2,2.1,143,2026-10-18 15:45:00,PT5M,33.815,75.4045,55.7039,11.9261,0.0
240,239,64,209,27,0.14,81.6,2.0,145,2026-10-18 15:50:00,PT5M,32.137,72.953,53.6188,10.6552,0.0
228,227,58,200,27,0.14,81.9,2.0,147,2026-10-18 15:55:00,PT5M,30.407,70.387,51.4488,9.3652,0.0
216,215,52,192,27,0.14,82.2,1.9,149,2026-10-18 16:00:00,PT5M,28.625,67.7145,49.1981,8.0519,0.0
203,203,46,183,27,0.14,82.6,1.9,151,2026-10-18 16:05:00,PT5M,26.833,64.95,46.8942,6.7718,0.0
191,191,40,174,27,0.14,82.9,1.8,153,2026-10-18 16:10:00,PT5M,25.173,60.8125,43.9303,6.4157,0.0
179,179,34,166,27,0.14,83.3,1.8,156,2026-10-18 16:15:00,PT5M,23.377,56.638,40.8825,5.8715,0.0
167,167,28,157,27,0.14,83.6,1.8,158,2026-10-18 16:20:00,PT5M,21.722,52.627,37.9875,5.4565,0.0
155,155,21,147,27,0.14,83.9,1.7,160,2026-10-18 16:25:00,PT5M,19.86,48.4235,34.8932,4.8268,0.0
143,143,14,138,27,0.14,84.3,1.7,163,2026-10-18 16:30:00,PT5M,18.004,44.228,31.8059,4.2021,0.0
131,131,7,129,27,0.14,84.6,1.7,165,2026-10-18 16:35:00,PT5M,16.17,40.059,28.743,3.597,0.0
119,120,0,120,26,0.14,85.0,1.7,168,2026-10-18 16:40:00,PT5M,14.391,35.9665,25.7463,3.0357,0.0
108,108,0,108,26,0.14,85.3,1.6,171,2026-10-18 16:45:00,PT5M,12.994,32.2995,23.1546,2.8334,0.0
96,97,0,97,26,0.14,85.7,1.6,174,2026-10-18 16:50:00,PT5M,11.566,28.6445,20.5545,2.5775,0.0
85,85,0,85,26,0.14,86.0,1.6,176,2026-10-18 16:55:00,PT5M,10.181,25.174,18.0719,2.2901,0.0
74,74,0,74,26,0.14,86.4,1.6,179,2026-10-18 17:00:00,PT5M,8.731,21.6935,15.5533,1.9087,0.0
63,63,0,63,26,0.14,86.8,1.6,182,2026-10-18 17:05:00,PT5M,7.369,18.341,13.1436,1.5944,0.0
53,53,0,53,26,0.14,87.1,1.6,185,2026-10-18 17:10:00,PT5M,6.145,15.156,10.8876,1.4024,0.0
43,43,0,43,26,0.14,87.5,1.6,188,2026-10-18 17:15:00,PT5M,4.934,12.0365,8.6721,1.1959,0.0
34,34,0,34,26,0.14,87.8,1.6,191,2026-10-18 17:20:00,PT5M,3.743,9.0495,6.5358,0.9502,0.0
26,26,0,26,26,0.14,88.2,1.6,193,2026-10-18 17:25:00,PT5M,2.727,6.42,4.6707,0.7833,0.0
19,19,0,19,26,0.14,88.6,1.7,196,2026-10-18 17:30:00,PT5M,1.808,3.9935,2.9582,0.6578,0.0
12,12,0,12,26,0.14,88.8,1.7,198,2026-10-18 17:35:00,PT5M,0.949,2.0705,1.5393,0.3587,0.0
6,6,0,6,26,0.14,89.0,1.7,199,2026-10-18 17:40:00,PT5M,0.084,0.4475,0.2753,0.0,0.0
1,1,0,1,26,0.14,89.2,1.7,200,2026-10-18 17:45:00,PT5M,0.0,0.0,0.0,0.0,0.0
0,0,0,0,26,0.14,89.4,1.7,201,2026-10-18 17:50:00,PT5M,0.0,0.0,0.0,0.0,0.0
0,0,0,0,26,0.14,89.6,1.7,202,2026-10-18 17:55:00,PT5M,0.0,0.0,0.0,0.0,0.0
0,0,0,0,26,0.14,89.8,1.7,203,2026-10-18 18:00:00,PT5M,0.0,0.0,0.0,0.0,0.0
0,0,0,0,26,0.14,90.0,1.7,203,2026-10-18 18:05:00,PT5M,0.0,0.0,0.0,0.0,0.0
0,0,0,0,26,0.14,90.2,1.7,204,2026-10-18 18:10:00,PT5M,0.0,0.0,0.0,0.0,0.0
0,0,0,0,25,0.14,90.4,1.7,205,2026-10-18 18:15:00,PT5M,0.0,0.0,0.0,0.0,0.0
0,0,0,0,25,0.14,90.6,1.7,206,2026-10-18 18:20:00,PT5M,0.0,0.0,0.0,0.0,0.0
0,0,0,0,25,0.14,90.8,1.7,207,2026-10-18 18:25:00,PT5M,0.0,0.0,0.0,0.0,0.0
0,0,0,0,25,0.14,91.0,1.7,208,2026-10-18 18:30:00,PT5M,0.0,0.0,0.0,0.0,0.0
0,0,0,0,25,0.14,91.1,1.7,209,2026-10-18 18:35:00,PT5M,0.0,0.0,0.0,0.0,0.0
0,0,0,0,25,0.14,91.3,1.7,210,2026-10-18 18:40:00,PT5M,0.0,0.0,0.0,0.0,0.0
0,0,0,0,25,0.14,91.5,1.7,211,2026-10-18 18:45:00,PT5M,0.0,0.0,0.0,0.0,0.0
0,0,0,0,25,0.14,91.7,1.7,212,2026-10-18 18:50:00,PT5M,0.0,0.0,0.0,0.0,0.0
0,0,0,0,25,0.14,91.9,1.7,213,2026-10-18 18:55:00,PT5M,0.0,0.0,0.0,0.0,0.0
0,0,0,0,25,0.14,92.1,1.7,214,2026-10-18 19:00:00,PT5M,0.0,0.0,0.0,0.0,0.0
0,0,0,0,25,0.14,92.3,1.7,215,2026-10-18 19:05:00,PT5M,0.0,0.0,0.0,0.0,0.0
0,0,0,0,25,0.14,92.5,1.7,216,2026-10-18 19:10:00,PT5M,0.0,0.0,0.0,0.0,0.0
0,0,0,0,25,0.14,92.7,1.7,216,2026-10-18 19:15:00,PT5M,0.0,0.0,0.0,0.0,0.0
0,0,0,0,25,0.14,92.9,1.7,217,2026-10-18 19:20:00,PT5M,0.0,0.0,0.0,0.0,0.0
0,0,0,0,25,0.14,93.1,1.7,218,2026-10-18 19:25:00,PT5M,0.0,0.0,0.0,0.0,0.0
0,0,0,0,25,0.14,93.3,1.7,219,2026-10-18 19:30:00,PT5M,0.0,0.0,0.0,0.0,0.0
0,0,0,0,25,0.14,93.5,1.7,220,2026-10-18 19:35:00,PT5M,0.0,0.0,0.0,0.0,0.0
0,0,0,0,25,0.14,93.7,1.7,221,2026-10-18 19:40:00,PT5M,0.0,0.0,0.0,0.0,0.0
0,0,0,0,25,0.14,93.9,1.7,222,2026-10-18 19:45:00,PT5M,0.0,0.0,0.0,0.0,0.0
0,0,0,0,25,0.14,94.1,1.8,223,2026-10-18 19:50:00,PT5M,0.0,0.0,0.0,0.0,0.0
0,0,0,0,25,0.14,94.3,1.8,223,2026-10-18 19:55:00,PT5M,0.0,0.0,0.0,0.0,0.0
0,0,0,0,25,0.14,94.5,1.8,224,2026-10-18 20:00:00,PT5M,0.0,0.0,0.0,0.0,0.0
0,0,0,0,24,0.14,94.7,1.8,225,2026-10-18 20:05:00,PT5M,0.0,0.0,0.0,0.0,0.0
0,0,0,0,24,0.14,94.9,1.8,226,2026-10-18 20:10:00,PT5M,0.0,0.0,0.0,0.0,0.0
0,0,0,0,24,0.14,95.2,1.8,227,2026-10-18 20:15:00,PT5M,0.0,0.0,0.0,0.0,0.0
0,0,0,0,24,0.14,95.4,1.8,227,2026-10-18 20:20:00,PT5M,0.0,0.0,0.0,0.0,0.0
0,0,0,0,24,0.14,95.6,1.8,228,2026-10-18 20:25:00,PT5M,0.0,0.0,0.0,0.0,0.0
0,0,0,0,24,0.14,95.8,1.8,229,2026-10-18 20:30:00,PT5M,0.0,0.0,0.0,0.0,0.0
0,0,0,0,24,0.14,95.8,1.8,230,2026-10-18 20:35:00,PT5M,0.0,0.0,0.0,0.0,0.0
0,0,0,0,24,0.14,95.8,1.8,230,2026-10-18 20:40:00,PT5M,0.0,0.0,0.0,0.0,0.0
0,0,0,0,24,0.14,95.7,1.8,231,2026-10-18 20:45:00,PT5M,0.0,0.0,0.0,0.0,0.0
0,0,0,0,24,0.14,95.6,1.8,231,2026-10-18 20:50:00,PT5M,0.0,0.0,0.0,0.0,0.0
0,0,0,0,24,0.14,95.5,1.8,232,2026-10-18 20:55:00,PT5M,0.0,0.0,0.0,0.0,0.0
0,0,0,0,24,0.14,95.4,1.8,232,2026-10-18 21:00:00,PT5M,0.0,0.0,0.0,0.0,0.0
0,0,0,0,24,0.14,95.4,1.8,233,2026-10-18 21:05:00,PT5M,0.0,0.0,0.0,0.0,0.0
0,0,0,0,24,0.14,95.3,1.8,233,2026-10-18 21:10:00,PT5M,0.0,0.0,0.0,0.0,0.0
0,0,0,0,24,0.14,95.2,1.7,234,2026-10-18 21:15:00,PT5M,0.0,0.0,0.0,0.0,0.0
0,0,0,0,24,0.14,95.1,1.7,234,2026-10-18 21:20:00,PT5M,0.0,0.0,0.0,0.0,0.0
0,0,0,0,24,0.14,95.0,1.7,235,2026-10-18 21:25:00,PT5M,0.0,0.0,0.0,0.0,0.0
0,0,0,0,24,0.14,95.0,1.7,235,2026-10-18 21:30:00,PT5M,0.0,0.0,0.0,0.0,0.0
0,0,0,0,24,0.14,94.9,1.7,236,2026-10-18 21:35:00,PT5M,0.0,0.0,0.0,0.0,0.0
0,0,0,0,24,0.14,94.8,1.7,236,2026-10-18 21:40:00,PT5M,0.0,0.0,0.0,0.0,0.0
0,0,0,0,24,0.14,94.7,1.7,237,2026-10-18 21:45:00,PT5M,0.0,0.0,0.0,0.0,0.0
0,0,0,0,24,0.14,94.6,1.7,237,2026-10-18 21:50:00,PT5M,0.0,0.0,0.0,0.0,0.0
0,0,0,0,24,0.14,94.6,1.7,238,2026-10-18 21:55:00,PT5M,0.0,0.0,0.0,0.0,0.0
0,0,0,0,24,0.14,94.5,1.6,238,2026-10-18 22:00:00,PT5M,0.0,0.0,0.0,0.0,0.0
0,0,0,0,24,0.14,94.4,1.6,239,2026-10-18 22:05:00,PT5M,0.0,0.0,0.0,0.0,0.0
0,0,0,0,24,0.14,94.3,1.6,240,2026-10-18 22:10:00,PT5M,0.0,0.0,0.0,0.0,0.0
0,0,0,0,24,0.14,94.2,1.6,240,2026-10-18 22:15:00,PT5M,0.0,0.0,0.0,0.0,0.0
0,0,0,0,24,0.14,94.2,1.6,241,2026-10-18 22:20:00,PT5M,0.0,0.0,0.0,0.0,0.0
0,0,0,0,24,0.14,94.1,1.6,241,2026-10-18 22:25:00,PT5M,0.0,0.0,0.0,0.0,0.0
0,0,0,0,24,0.14,94.0,1.6,242,2026-10-18 22:30:00,PT5M,0.0,0.0,0.0,0.0,0.0
0,0,0,0,24,0.14,93.9,1.6,243,2026-10-18 22:35:00,PT5M,0.0,0.0,0.0,0.0,0.0
0,0,0,0,24,0.14,93.8,1.6,243,2026-10-18 22:40:00,PT5M,0.0,0.0,0.0,0.0,0.0
0,0,0,0,24,0.14,93.8,1.6,244,2026-10-18 22:45:00,PT5M,0.0,0.0,0.0,0.0,0.0
0,0,0,0,24,0.14,93.7,1.6,245,2026-10-18 22:50:00,PT5M,0.0,0.0,0.0,0.0,0.0
0,0,0,0,24,0.14,93.6,1.5,245,2026-10-18 22:55:00,PT5M,0.0,0.0,0.0,0.0,0.0
0,0,0,0,24,0.14,93.5,1.5,246,2026-10-18 23:00:00,PT5M,0.0,0.0,0.0,0.0,0.0
0,0,0,0,24,0.14,93.4,1.5,247,2026-10-18 23:05:00,PT5M,0.0,0.0,0.0,0.0,0.0
0,0,0,0,24,0.14,93.4,1.5,247,2026-10-18 23:10:00,PT5M,0.0,0.0,0.0,0.0,0.0
0,0,0,0,24,0.14,93.3,1.5,248,2026-10-18 23:15:00,PT5M,0.0,0.0,0.0,0.0,0.0
0,0,0,0,24,0.14,93.2,1.5,249,2026-10-18 23:20:00,PT5M,0.0,0.0,0.0,0.0,0.0
0,0,0,0,24,0.14,93.1,1.5,249,2026-10-18 23:25:00,PT5M,0.0,0.0,0.0,0.0,0.0
0,0,0,0,24,0.14,93.0,1.5,250,2026-10-18 23:30:00,PT5M,0.0,0.0,0.0,0.0,0.0
0,0,0,0,24,0.14,93.0,1.5,250,2026-10-18 23:35:00,PT5M,0.0,0.0,0.0,0.0,0.0
0,0,0,0,24,0.14,92.9,1.4,251,2026-10-18 23:40:00,PT5M,0.0,0.0,0.0,0.0,0.0
0,0,0,0,24,0.14,92.9,1.4,251,2026-10-18 23:45:00,PT5M,0.0,0.0,0.0,0.0,0.0
0,0,0,0,24,0.14,92.8,1.4,251,2026-10-18 23:50:00,PT5M,0.0,0.0,0.0,0.0,0.0
0,0,0,0,24,0.14,92.8,1.4,251,2026-10-18 23:55:00,PT5M,0.0,0.0,0.0,0.0,0.0
0,0,0,0,24,0.14,92.7,1.4,251,2026-10-19 00:00:00,PT5M,0.0,0.0,0.0,0.0,0.0
0,0,0,0,24,0.14,92.7,1.3,251,2026-10-19 00:05:00,PT5M,0.0,0.0,0.0,0.0,0.0
0,0,0,0,24,0.14,92.7,1.3,251,2026-10-19 00:10:00,PT5M,0.0,0.0,0.0,0.0,0.0
0,0,0,0,24,0.14,92.6,1.3,251,2026-10-19 00:15:00,PT5M,0.0,0.0,0.0,0.0,0.0
0,0,0,0,24,0.14,92.6,1.3,252,2026-10-19 00:20:00,PT5M,0.0,0.0,0.0,0.0,0.0
0,0,0,0,24,0.14,92.5,1.2,252,2026-10-19 00:25:00,PT5M,0.0,0.0,0.0,0.0,0.0
0,0,0,0,24,0.14,92.5,1.2,252,2026-10-19 00:30:00,PT5M,0.0,0.0,0.0,0.0,0.0
0,0,0,0,24,0.14,92.4,1.2,252,2026-10-19 00:35:00,PT5M,0.0,0.0,0.0,0.0,0.0
0,0,0,0,24,0.14,92.4,1.2,252,2026-10-19 00:40:00,PT5M,0.0,0.0,0.0,0.0,0.0
0,0,0,0,24,0.14,92.3,1.1,253,2026-10-19 00:45:00,PT5M,0.0,0.0,0.0,0.0,0.0
0,0,0,0,24,0.14,92.3,1.1,253,2026-10-19 00:50:00,PT5M,0.0,0.0,0.0,0.0,0.0
0,0,0,0,24,0.14,92.2,1.1,253,2026-10-19 00:55:00,PT5M,0.0,0.0,0.0,0.0,0.0
0,0,0,0,24,0.14,92.2,1.1,253,2026-10-19 01:00:00,PT5M,0.0,0.0,0.0,0.0,0.0
0,0,0,0,24,0.14,92.1,1.0,253,2026-10-19 01:05:00,PT5M,0.0,0.0,0.0,0.0,0.0
0,0,0,0,24,0.14,92.1,1.0,254,2026-10-19 01:10:00,PT5M,0.0,0.0,0.0,0.0,0.0
0,0,0,0,24,0.14,92.0,1.0,254,2026-10-19 01:15:00,PT5M,0.0,0.0,0.0,0.0,0.0
0,0,0,0,24,0.14,92.0,1.0,254,2026-10-19 01:20:00,PT5M,0.0,0.0,0.0,0.0,0.0
0,0,0,0,24,0.14,91.9,0.9,254,2026-10-19 01:25:00,PT5M,0.0,0.0,0.0,0.0,0.0
0,0,0,0,24,0.14,91.9,0.9,255,2026-10-19 01:30:00,PT5M,0.0,0.0,0.0,0.0,0.0
0,0,0,0,24,0.14,91.9,0.9,255,2026-10-19 01:35:00,PT5M,0.0,0.0,0.0,0.0,0.0
0,0,0,0,24,0.14,91.8,0.9,255,2026-10-19 01:40:00,PT5M,0.0,0.0,0.0,0.0,0.0
0,0,0,0,24,0.14,91.8,0.8,256,2026-10-19 01:45:00,PT5M,0.0,0.0,0.0,0.0,0.0
0,0,0,0,24,0.14,91.7,0.8,256,2026-10-19 01:50:00,PT5M,0.0,0.0,0.0,0.0,0.0
0,0,0,0,24,0.14,91.7,0.8,257,2026-10-19 01:55:00,PT5M,0.0,0.0,0.0,0.0,0.0
0,0,0,0,24,0.14,91.6,0.8,257,2026-10-19 02:00:00,PT5M,0.0,0.0,0.0,0.0,0.0
0,0,0,0,24,0.14,91.6,0.7,257,2026-10-19 02:05:00,PT5M,0.0,0.0,0.0,0.0,0.0
0,0,0,0,24,0.14,91.5,0.7,258,2026-10-19 02:10:00,PT5M,0.0,0.0,0.0,0.0,0.0
0,0,0,0,24,0.14,91.5,0.7,258,2026-10-19 02:15:00,PT5M,0.0,0.0,0.0,0.0,0.0
0,0,0,0,24,0.14,91.4,0.7,259,2026-10-19 02:20:00,PT5M,0.0,0.0,0.0,0.0,0.0
0,0,0,0,24,0.14,91.4,0.6,260,2026-10-19 02:25:00,PT5M,0.0,0.0,0.0,0.0,0.0
0,0,0,0,24,0.14,91.3,0.6,260,2026-10-19 02:30:00,PT5M,0.0,0.0,0.0,0.0,0.0
0,0,0,0,24,0.14,91.3,0.6,261,2026-10-19 02:35:00,PT5M,0.0,0.0,0.0,0.0,0.0
0,0,0,0,24,0.14,91.3,0.6,261,2026-10-19 02:40:00,PT5M,0.0,0.0,0.0,0.0,0.0
0,0,0,0,24,0.14,91.3,0.6,262,2026-10-19 02:45:00,PT5M,0.0,0.0,0.0,0.0,0.0
0,0,0,0,24,0.14,91.3,0.6,262,2026-10-19 02:50:00,PT5M,0.0,0.0,0.0,0.0,0.0
0,0,0,0,24,0.14,91.2,0.6,263,2026-10-19 02:55:00,PT5M,0.0,0.0,0.0,0.0,0.0
0,0,0,0,24,0.14,91.2,0.6,263,2026-10-19 03:00:00,PT5M,0.0,0.0,0.0,0.0,0.0
0,0,0,0,24,0.14,91.2,0.6,264,2026-10-19 03:05:00,PT5M,0.0,0.0,0.0,0.0,0.0
0,0,0,0,24,0.14,91.2,0.6,264,2026-10-19 03:10:00,PT5M,0.0,0.0,0.0,0.0,0.0
0,0,0,0,24,0.14,91.2,0.6,265,2026-10-19 03:15:00,PT5M,0.0,0.0,0.0,0.0,0.0
0,0,0,0,24,0.14,91.2,0.5,265,2026-10-19 03:20:00,PT5M,0.0,0.0,0.0,0.0,0.0
0,0,0,0,24,0.14,91.2,0.5,266,2026-10-19 03:25:00,PT5M,0.0,0.0,0.0,0.0,0.0
0,0,0,0,24,0.14,91.1,0.5,266,2026-10-19 03:30:00,PT5M,0.0,0.0,0.0,0.0,0.0
0,0,0,0,24,0.14,91.1,0.5,267,2026-10-19 03:35:00,PT5M,0.0,0.0,0.0,0.0,0.0
0,0,0,0,24,0.14,91.1,0.5,267,2026-10-19 03:40:00,PT5M,0.0,0.0,0.0,0.0,0.0
0,0,0,0,24,0.14,91.1,0.5,268,2026-10-19 03:45:00,PT5M,0.0,0.0,0.0,0.0,0.0
0,0,0,0,24,0.14,91.1,0.5,268,2026-10-19 03:50:00,PT5M,0.0,0.0,0.0,0.0,0.0
0,0,0,0,24,0.14,91.1,0.5,269,2026-10-19 03:55:00,PT5M,0.0,0.0,0.0,0.0,0.0
0,0,0,0,24,0.14,91.0,0.5,270,2026-10-19 04:00:00,PT5M,0.0,0.0,0.0,0.0,0.0
0,0,0,0,24,0.14,91.0,0.5,270,2026-10-19 04:05:00,PT5M,0.0,0.0,0.0,0.0,0.0
0,0,0,0,24,0.14,91.0,0.5,271,2026-10-19 04:10:00,PT5M,0.0,0.0,0.0,0.0,0.0
0,0,0,0,24,0.14,91.0,0.5,272,2026-10-19 04:15:00,PT5M,0.0,0.0,0.0,0.0,0.0
0,0,0,0,24,0.14,91.0,0.5,272,2026-10-19 04:20:00,PT5M,0.0,0.0,0.0,0.0,0.0
0,0,0,0,24,0.14,91.0,0.5,273,2026-10-19 04:25:00,PT5M,0.0,0.0,0.0,0.0,0.0
0,0,0,0,24,0.14,90.9,0.5,274,2026-10-19 04:30:00,PT5M,0.0,0.0,0.0,0.0,0.0
0,0,0,0,24,0.14,90.9,0.5,274,2026-10-19 04:35:00,PT5M,0.0,0.0,0.0,0.0,0.0
0,0,0,0,24,0.14,90.9,0.5,275,2026-10-19 04:40:00,PT5M,0.0,0.0,0.0,0.0,0.0
0,0,0,0,24,0.14,90.9,0.5,276,2026-10-19 04:45:00,PT5M,0.0,0.0,0.0,0.0,0.0
0,0,0,0,24,0.14,90.9,0.5,277,2026-10-19 04:50:00,PT5M,0.0,0.0,0.0,0.0,0.0
0,0,0,0,24,0.14,90.9,0.4,278,2026-10-19 04:55:00,PT5M,0.0,0.0,0.0,0.0,0.0
0,0,0,0,24,0.14,90.9,0.4,278,2026-10-19 05:00:00,PT5M,0.0,0.0,0.0,0.0,0.0
0,0,0,0,24,0.14,90.8,0.4,279,2026-10-19 05:05:00,PT5M,0.0,0.0,0.0,0.0,0.0
0,0,0,0,24,0.14,90.8,0.4,280,2026-10-19 05:10:00,PT5M,0.0,0.0,0.0,0.0,0.0
0,0,0,0,24,0.14,90.8,0.4,281,2026-10-19 05:15:00,PT5M,0.0,0.0,0.0,0.0,0.0
0,0,0,0,24,0.14,90.8,0.4,282,2026-10-19 05:20:00,PT5M,0.0,0.0,0.0,0.0,0.0
0,0,0,0,24,0.14,90.8,0.4,283,2026-10-19 05:25:00,PT5M,0.0,0.0,0.0,0.0,0.0
0,0,0,0,24,0.14,90.8,0.4,284,2026-10-19 05:30:00,PT5M,0.0,0.0,0.0,0.0,0.0
0,0,0,0,24,0.14,90.5,0.4,286,2026-10-19 05:35:00,PT5M,0.0,0.0,0.0,0.0,0.0
0,0,0,0,24,0.14,89.9,0.4,290,2026-10-19 05:40:00,PT5M,0.0,0.0,0.0,0.0,0.0
0,0,0,0,24,0.14,89.3,0.4,295,2026-10-19 05:45:00,PT5M,0.0,0.0,0.0,0.0,0.0
0,0,0,0,24,0.14,88.8,0.4,300,2026-10-19 05:50:00,PT5M,0.0,0.0,0.0,0.0,0.0
0,0,0,0,24,0.14,88.2,0.3,306,2026-10-19 05:55:00,PT5M,0.0,0.0,0.0,0.0,0.0
4,4,0,4,24,0.14,87.6,0.3,312,2026-10-19 06:00:00,PT5M,0.0,0.0405,0.0213,0.0,0.0
11,11,0,11,24,0.14,87.1,0.3,318,2026-10-19 06:05:00,PT5M,0.82,1.4865,1.1708,0.4692,0.1535
19,19,0,19,25,0.14,86.5,0.3,324,2026-10-19 06:10:00,PT5M,1.896,3.4105,2.6931,1.0989,0.3815
28,28,0,28,25,0.14,86.0,0.3,330,2026-10-19 06:15:00,PT5M,3.088,5.8015,4.5161,1.6599,0.3745
39,39,0,39,25,0.14,85.5,0.3,336,2026-10-19 06:20:00,PT5M,4.38,8.5085,6.5529,2.2071,0.2515
50,50,5,50,25,0.14,84.9,0.4,342,2026-10-19 06:25:00,PT5M,5.968,11.7035,8.9866,2.9494,0.2325
64,63,33,58,25,0.14,84.4,0.4,347,2026-10-19 06:30:00,PT5M,8.326,15.879,12.3012,4.3508,0.773
78,77,61,67,25,0.14,83.9,0.4,352,2026-10-19 06:35:00,PT5M,10.964,20.438,15.9502,5.9778,1.49
94,92,89,75,25,0.14,83.4,0.4,356,2026-10-19 06:40:00,PT5M,13.873,25.2955,19.8847,7.8613,2.4505
110,107,118,83,25,0.14,82.8,0.4,0,2026-10-19 06:45:00,PT5M,17.119,30.517,24.1705,10.0675,3.721
127,124,147,90,26,0.14,82.3,0.4,4,2026-10-19 06:50:00,PT5M,20.57,35.931,28.6546,12.4854,5.209
145,141,175,97,26,0.14,81.8,0.5,7,2026-10-19 06:55:00,PT5M,24.29,41.692,33.4488,15.1312,6.888
163,158,200,104,26,0.14,81.3,0.5,10,2026-10-19 07:00:00,PT5M,28.058,47.597,38.3415,17.7745,8.519
180,175,220,111,26,0.14,80.8,0.5,13,2026-10-19 07:05:00,PT5M,31.775,53.485,43.2011,20.3489,10.065
198,192,239,117,26,0.14,80.3,0.6,15,2026-10-19 07:10:00,PT5M,35.562,59.4385,48.1284,22.9956,11.6855
216,209,257,124,26,0.14,79.8,0.6,17,2026-10-19 07:15:00,PT5M,39.441,65.4935,53.1526,25.7294,13.3885
234,226,274,130,26,0.14,79.3,0.6,19,2026-10-19 07:20:00,PT5M,43.38,71.6065,58.2358,28.5242,15.1535
252,244,291,136,26,0.14,78.8,0.6,21,2026-10-19 07:25:00,PT5M,47.389,77.8035,63.3964,31.3816,16.9745
270,261,308,142,27,0.14,78.3,0.7,22,2026-10-19 07:30:00,PT5M,51.465,84.094,68.6379,34.2921,18.836
288,279,323,147,27,0.14,77.8,0.7,24,2026-10-19 07:35:00,PT5M,55.548,90.425,73.904,37.192,20.671
306,297,337,152,27,0.14,77.4,0.7,25,2026-10-19 07:40:00,PT5M,59.149,95.89,78.4861,39.8119,22.408
324,315,352,157,27,0.14,76.9,0.8,26,2026-10-19 07:45:00,PT5M,61.535,98.8875,81.1939,41.8761,24.1825
343,333,366,162,27,0.14,76.4,0.8,27,2026-10-19 07:50:00,PT5M,63.799,100.0,83.7537,43.8443,25.8845
361,350,379,167,27,0.14,75.9,0.8,28,2026-10-19 07:55:00,PT5M,66.027,100.0,86.2488,45.8052,27.605
379,368,393,171,27,0.14,75.5,0.9,29,2026-10-19 08:00:00,PT5M,68.16,100.0,88.6168,47.7032,29.2915
398,386,406,175,27,0.14,75.0,0.9,30,2026-10-19 08:05:00,PT5M,70.182,100.0,90.8353,49.5287,30.94
416,404,419,179,28,0.14,74.6,0.9,31,2026-10-19 08:10:00,PT5M,72.082,100.0,92.888,51.276,32.55
434,422,431,182,28,0.14,74.1,1.0,31,2026-10-19 08:15:00,PT5M,73.851,100.0,94.7972,52.9048,34.0525
452,440,444,186,28,0.14,73.7,1.0,32,2026-10-19 08:20:00,PT5M,75.499,100.0,96.4884,54.5096,35.6185
470,457,455,189,28,0.14,73.2,1.0,33,2026-10-19 08:25:00,PT5M,77.025,100.0,98.026,56.024,37.1225
488,475,467,192,28,0.14,72.8,1.1,33,2026-10-19 08:30:00,PT5M,78.476,100.0,99.4672,57.4848,38.592
505,491,476,195,28,0.14,72.2,1.1,33,2026-10-19 08:35:00,PT5M,79.707,100.0,100.0,58.7284,39.847
521,507,484,198,28,0.14,71.6,1.1,33,2026-10-19 08:40:00,PT5M,80.727,100.0,100.0,59.7521,40.874
537,523,491,202,28,0.14,71.0,1.2,32,2026-10-19 08:45:00,PT5M,81.698,100.0,100.0,60.7357,41.869
553,538,497,205,29,0.14,70.4,1.2,32,2026-10-19 08:50:00,PT5M,82.626,100.0,100.0,61.6856,42.8385
568,553,504,209,29,0.14,69.8,1.2,31,2026-10-19 08:55:00,PT5M,83.514,100.0,100.0,62.6041,43.7845
583,568,510,212,29,0.14,69.2,1.3,31,2026-10-19 09:00:00,PT5M,84.364,100.0,100.0,63.6012,44.914
598,583,517,214,29,0.14,68.6,1.3,30,2026-10-19 09:05:00,PT5M,85.232,100.0,100.0,64.6471,46.12
614,598,524,217,29,0.14,68.0,1.3,30,2026-10-19 09:10:00,PT5M,86.126,100.0,100.0,65.7205,47.355
629,613,532,219,29,0.14,67.4,1.4,30,2026-10-19 09:15:00,PT5M,86.985,100.0,100.0,66.7574,48.552
643,627,539,220,29,0.14,66.8,1.4,29,2026-10-19 09:20:00,PT5M,87.809,100.0,100.0,67.758,49.7115
658,642,546,222,29,0.14,66.3,1.4,29,2026-10-19 09:25:00,PT5M,88.643,100.0,100.0,68.7667,50.8775
672,655,554,224,29,0.14,65.7,1.5,28,2026-10-19 09:30:00,PT5M,89.399,100.0,100.0,69.6959,51.9625
686,669,560,225,30,0.14,65.1,1.5,28,2026-10-19 09:35:00,PT5M,90.125,100.0,100.0,70.5843,52.997
699,682,567,226,30,0.14,64.6,1.5,28,2026-10-19 09:40:00,PT5M,90.823,100.0,100.0,71.4333,53.982
712,695,574,227,30,0.14,64.0,1.6,28,2026-10-19 09:45:00,PT5M,91.493,100.0,100.0,72.2512,54.933
725,708,580,228,30,0.14,63.5,1.6,27,2026-10-19 09:50:00,PT5M,92.1,100.0,100.0,73.0011,55.8115
737,719,585,229,30,0.14,62.9,1.6,27,2026-10-19 09:55:00,PT5M,92.663,100.0,100.0,73.7004,56.6335
749,731,591,230,30,0.14,62.4,1.7,27,2026-10-19 10:00:00,PT5M,93.201,100.0,100.0,74.3705,57.4225
760,742,596,231,30,0.14,61.9,1.7,26,2026-10-19 10:05:00,PT5M,93.701,100.0,100.0,74.9979,58.1645
771,753,600,233,30,0.14,61.3,1.7,26,2026-10-19 10:10:00,PT5M,94.167,100.0,100.0,75.5868,58.864
781,763,605,234,31,0.14,60.8,1.8,26,2026-10-19 10:15:00,PT5M,94.608,100.0,100.0,76.1467,59.531
791,773,609,235,31,0.14,60.3,1.8,26,2026-10-19 10:20:00,PT5M,95.026,100.0,100.0,76.68,60.168
801,782,613,235,31,0.14,59.8,1.8,26,2026-10-19 10:25:00,PT5M,95.421,100.0,100.0,77.1871,60.776
810,791,617,236,31,0.14,59.3,1.9,25,2026-10-19 10:30:00,PT5M,95.793,100.0,100.0,77.6678,61.3545
818,799,620,237,31,0.14,58.8,1.9,25,2026-10-19 10:35:00,PT5M,96.08,100.0,100.0,78.0598,61.841
825,806,622,239,31,0.14,58.3,1.9,25,2026-10-19 10:40:00,PT5M,96.289,100.0,100.0,78.3698,62.242
832,813,623,240,31,0.14,57.8,2.0,25,2026-10-19 10:45:00,PT5M,96.473,100.0,100.0,78.6483,62.6055
838,819,624,241,31,0.14,57.3,2.0,25,2026-10-19 10:50:00,PT5M,96.629,100.0,100.0,78.8872,62.919
844,825,625,243,31,0.14,56.8,2.0,24,2026-10-19 10:55:00,PT5M,96.76,100.0,100.0,79.0898,63.186
849,830,627,244,32,0.14,56.3,2.1,24,2026-10-19 11:00:00,PT5M,96.882,100.0,100.0,79.2928,63.462
854,835,628,245,32,0.14,55.9,2.1,24,2026-10-19 11:05:00,PT5M,96.996,100.0,100.0,79.4889,63.732
859,839,629,245,32,0.14,55.4,2.1,24,2026-10-19 11:10:00,PT5M,97.091,100.0,100.0,79.6542,63.9605
863,843,630,246,32,0.14,54.9,2.2,24,2026-10-19 11:15:00,PT5M,97.163,100.0,100.0,79.7888,64.1515
866,847,632,246,32,0.14,54.5,2.2,24,2026-10-19 11:20:00,PT5M,97.214,100.0,100.0,79.8967,64.3105
869,850,632,246,32,0.14,54.0,2.2,23,2026-10-19 11:25:00,PT5M,97.244,100.0,100.0,79.9785,64.439
872,852,633,247,32,0.14,53.5,2.3,23,2026-10-19 11:30:00,PT5M,97.254,100.0,100.0,80.0351,64.5375
872,853,630,249,32,0.14,53.3,2.3,24,2026-10-19 11:35:00,PT5M,97.083,100.0,100.0,79.8625,64.3635
870,850,623,253,32,0.14,53.3,2.3,26,2026-10-19 11:40:00,PT5M,96.732,100.0,100.0,79.4612,63.917
867,848,616,256,32,0.14,53.3,2.3,27,2026-10-19 11:45:00,PT5M,96.361,100.0,100.0,79.0339,63.439
864,845,609,260,32,0.14,53.3,2.3,29,2026-10-19 11:50:00,PT5M,95.968,100.0,100.0,78.5791,62.9285
860,841,602,263,32,0.14,53.3,2.4,30,2026-10-19 11:55:00,PT5M,95.637,100.0,100.0,78.1802,62.4685
856,837,595,267,32,0.14,53.4,2.4,32,2026-10-19 12:00:00,PT5M,95.318,100.0,100.0,77.788,62.0105
851,833,587,270,32,0.14,53.4,2.4,34,2026-10-19 12:05:00,PT5M,94.977,100.0,100.0,77.3683,61.52
846,828,580,273,32,0.14,53.4,2.4,35,2026-10-19 12:10:00,PT5M,94.611,100.0,100.0,76.9187,60.995
840,822,572,276,32,0.14,53.4,2.5,37,2026-10-19 12:15:00,PT5M,94.221,100.0,100.0,76.4397,60.436
834,816,564,279,32,0.14,53.4,2.5,38,2026-10-19 12:20:00,PT5M,93.807,100.0,100.0,75.932,59.844
827,810,557,281,32,0.14,53.4,2.5,39,2026-10-19 12:25:00,PT5M,93.37,100.0,100.0,75.3979,59.2225
820,803,549,284,32,0.14,53.4,2.6,41,2026-10-19 12:30:00,PT5M,92.907,100.0,100.0,74.8328,58.5655
812,795,540,286,32,0.14,53.4,2.6,42,2026-10-19 12:35:00,PT5M,92.361,100.0,100.0,74.17,57.7975
803,787,530,290,32,0.14,53.4,2.6,43,2026-10-19 12:40:00,PT5M,91.769,100.0,100.0,73.4409,56.945
794,777,519,292,32,0.14,53.4,2.7,45,2026-10-19 12:45:00,PT5M,91.101,100.0,100.0,72.6295,56.0045
784,768,509,295,32,0.14,53.4,2.7,46,2026-10-19 12:50:00,PT5M,90.419,100.0,100.0,71.8104,55.062
774,758,499,297,32,0.14,53.4,2.7,47,2026-10-19 12:55:00,PT5M,89.726,100.0,100.0,70.9874,54.122
763,748,489,299,32,0.14,53.5,2.8,48,2026-10-19 13:00:00,PT5M,88.982,100.0,100.0,70.0973,53.1005
752,737,479,301,32,0.14,53.5,2.8,49,2026-10-19 13:05:00,PT5M,88.203,100.0,100.0,69.1675,52.035
741,726,469,303,32,0.14,53.5,2.9,50,2026-10-19 13:10:00,PT5M,87.392,100.0,100.0,68.2026,50.9315
729,715,459,304,32,0.14,53.5,2.9,51,2026-10-19 13:15:00,PT5M,86.552,100.0,100.0,67.2071,49.796
718,703,449,305,32,0.14,53.5,2.9,52,2026-10-19 13:20:00,PT5M,85.681,100.0,100.0,66.1792,48.627
705,692,439,306,32,0.14,53.5,3.0,53,2026-10-19 13:25:00,PT5M,84.777,100.0,100.0,65.1173,47.423
693,680,429,306,32,0.14,53.5,3.0,54,2026-10-19 13:30:00,PT5M,83.841,100.0,100.0,64.0221,46.1845
681,668,420,306,32,0.14,53.5,3.1,55,2026-10-19 13:35:00,PT5M,82.933,100.0,100.0,62.9628,44.989
669,656,412,305,32,0.14,53.5,3.1,56,2026-10-19 13:40:00,PT5M,82.054,100.0,100.0,61.9393,43.8355
657,644,404,304,32,0.14,53.5,3.2,57,2026-10-19 13:45:00,PT5M,81.143,100.0,100.0,60.8823,42.647
644,632,396,302,32,0.14,53.5,3.2,58,2026-10-19 13:50:00,PT5M,80.198,100.0,100.0,59.7891,41.4205
631,619,388,301,32,0.14,53.6,3.3,59,2026-10-19 13:55:00,PT5M,79.217,100.0,99.7772,58.6568,40.152
618,606,379,299,32,0.14,53.6,3.3,59,2026-10-19 14:00:00,PT5M,78.164,100.0,98.8792,57.4488,38.8045
604,593,370,297,32,0.14,53.6,3.4,60,2026-10-19 14:05:00,PT5M,77.069,100.0,97.9405,56.1975,37.4125
590,579,361,295,32,0.14,53.6,3.4,61,2026-10-19 14:10:00,PT5M,75.889,100.0,96.9179,54.8601,35.9335
576,566,352,293,32,0.14,53.6,3.5,62,2026-10-19 14:15:00,PT5M,74.731,100.0,95.918,53.544,34.475
562,552,344,290,32,0.14,53.6,3.5,62,2026-10-19 14:20:00,PT5M,73.538,100.0,94.8837,52.1923,32.9805
548,538,335,287,32,0.14,53.6,3.6,63,2026-10-19 14:25:00,PT5M,72.308,100.0,93.8126,50.8034,31.4485
533,523,326,284,32,0.14,53.6,3.6,64,2026-10-19 14:30:00,PT5M,71.042,100.0,92.7048,49.3792,29.882
517,508,314,281,32,0.14,54.0,3.6,64,2026-10-19 14:35:00,PT5M,69.489,100.0,91.211,47.767,28.2165
499,490,298,279,32,0.14,54.7,3.6,65,2026-10-19 14:40:00,PT5M,67.648,100.0,89.4647,45.8313,26.1955
482,473,285,276,32,0.14,55.4,3.6,65,2026-10-19 14:45:00,PT5M,65.857,100.0,87.7543,43.9597,24.2515
465,457,271,273,32,0.14,56.1,3.5,65,2026-10-19 14:50:00,PT5M,64.021,100.0,85.9862,42.0558,22.2865
447,440,257,269,31,0.14,56.8,3.5,66,2026-10-19 14:55:00,PT5M,62.139,100.0,84.1586,40.1194,20.301
430,423,244,265,31,0.14,57.6,3.4,66,2026-10-19 15:00:00,PT5M,60.212,100.0,82.2719,38.1521,18.2975
413,406,230,261,31,0.14,58.3,3.4,66,2026-10-19 15:05:00,PT5M,58.181,100.0,80.2522,36.1098,16.245
396,389,215,257,31,0.14,59.1,3.3,67,2026-10-19 15:10:00,PT5M,56.066,97.9655,78.118,34.014,14.1665
378,373,201,252,31,0.14,59.9,3.3,67,2026-10-19 15:15:00,PT5M,53.853,95.608,75.829,31.877,12.098
361,356,186,247,31,0.14,60.7,3.2,68,2026-10-19 15:20:00,PT5M,51.579,93.201,73.485,29.673,9.957
344,339,172,242,30,0.14,61.5,3.2,68,2026-10-19 15:25:00,PT5M,49.231,90.6495,71.0299,27.4321,7.8125
327,322,158,236,30,0.14,62.3,3.1,68,2026-10-19 15:30:00,PT5M,46.837,87.954,68.4772,25.1968,5.72
310,306,144,230,30,0.14,63.1,3.1,69,2026-10-19 15:35:00,PT5M,44.393,85.0955,65.815,22.971,3.6905
293,290,130,223,30,0.14,63.9,3.0,69,2026-10-19 15:40:00,PT5M,41.888,82.076,63.0392,20.7368,1.7
277,274,116,216,30,0.14,64.8,3.0,70,2026-10-19 15:45:00,PT5M,39.33,78.911,60.1618,18.4982,0.0
260,258,102,209,30,0.14,65.6,3.0,70,2026-10-19 15:50:00,PT5M,36.949,75.8395,57.4173,16.4807,0.0
244,242,89,202,29,0.14,66.5,2.9,71,2026-10-19 15:55:00,PT5M,34.313,72.4385,54.3787,14.2473,0.0
228,227,75,194,29,0.14,67.4,2.9,71,2026-10-19 16:00:00,PT5M,31.648,68.939,51.2745,12.0215,0.0
213,211,63,185,29,0.14,68.3,2.8,72,2026-10-19 16:05:00,PT5M,29.033,65.2925,48.1166,9.9494,0.0
198,197,51,177,29,0.14,69.2,2.8,72,2026-10-19 16:10:00,PT5M,26.515,60.404,44.351,8.679,0.0
183,182,39,168,29,0.14,70.1,2.7,73,2026-10-19 16:15:00,PT5M,23.991,55.596,40.6249,7.3571,0.0
169,168,27,159,29,0.14,71.0,2.7,74,2026-10-19 16:20:00,PT5M,21.715,51.0535,37.1561,6.2739,0.0
154,154,15,149,28,0.14,72.0,2.7,74,2026-10-19 16:25:00,PT5M,19.327,46.4145,33.5833,5.0707,0.0
141,141,4,140,28,0.14,72.9,2.6,75,2026-10-19 16:30:00,PT5M,17.038,41.871,30.1078,3.9682,0.0
127,128,0,128,28,0.14,73.9,2.6,75,2026-10-19 16:35:00,PT5M,15.259,37.795,27.1199,3.3981,0.0
115,115,0,115,28,0.14,74.9,2.5,76,2026-10-19 16:40:00,PT5M,13.718,34.023,24.4047,3.0313,0.0
102,102,0,102,28,0.14,75.9,2.5,77,2026-10-19 16:45:00,PT5M,12.213,30.329,21.7476,2.6784,0.0
90,90,0,90,28,0.14,76.9,2.4,77,2026-10-19 16:50:00,PT5M,10.693,26.7025,19.1189,2.2671,0.0
78,78,0,78,27,0.14,77.9,2.4,78,2026-10-19 16:55:00,PT5M,9.254,23.2575,16.6241,1.8839,0.0
66,66,0,66,27,0.14,79.0,2.4,79,2026-10-19 17:00:00,PT5M,7.781,19.8285,14.1217,1.4403,0.0
56,56,0,56,27,0.14,80.0,2.3,80,2026-10-19 17:05:00,PT5M,6.441,16.5805,11.7775,1.1045,0.0
46,46,0,46,27,0.14,81.1,2.3,81,2026-10-19 17:10:00,PT5M,5.258,13.536,9.6148,0.9012,0.0
37,37,0,37,27,0.14,82.2,2.2,81,2026-10-19 17:15:00,PT5M,4.114,10.598,7.5266,0.7014,0.0
29,29,0,29,26,0.14,83.3,2.2,82,2026-10-19 17:20:00,PT5M,3.031,7.812,5.5473,0.5147,0.0
22,22,0,22,26,0.14,84.4,2.2,83,2026-10-19 17:25:00,PT5M,2.134,5.415,3.8608,0.4072,0.0
15,15,0,15,26,0.14,85.6,2.1,84,2026-10-19 17:30:00,PT5M,1.335,3.2835,2.3605,0.3095,0.0
10,10,0,10,26,0.14,86.2,2.1,85,2026-10-19 17:35:00,PT5M,0.61,1.611,1.1368,0.0832,0.0
5,5,0,5,26,0.14,86.4,2.0,86,2026-10-19 17:40:00,PT5M,0.0,0.309,0.1626,0.0,0.0
1,1,0,1,26,0.14,86.6,2.0,86,2026-10-19 17:45:00,PT5M,0.0,0.0,0.0,0.0,0.0
0,0,0,0,26,0.14,86.7,1.9,87,2026-10-19 17:50:00,PT5M,0.0,0.0,0.0,0.0,0.0
0,0,0,0,26,0.14,86.9,1.9,88,2026-10-19 17:55:00,PT5M,0.0,0.0,0.0,0.0,0.0
0,0,0,0,26,0.14,87.1,1.8,88,2026-10-19 18:00:00,PT5M,0.0,0.0,0.0,0.0,0.0
0,0,0,0,26,0.14,87.2,1.7,89,2026-10-19 18:05:00,PT5M,0.0,0.0,0.0,0.0,0.0
0,0,0,0,26,0.14,87.4,1.7,90,2026-10-19 18:10:00,PT5M,0.0,0.0,0.0,0.0,0.0
0,0,0,0,26,0.14,87.6,1.6,91,2026-10-19 18:15:00,PT5M,0.0,0.0,0.0,0.0,0.0
0,0,0,0,26,0.14,87.8,1.6,92,2026-10-19 18:20:00,PT5M,0.0,0.0,0.0,0.0,0.0
0,0,0,0,26,0.14,87.9,1.5,93,2026-10-19 18:25:00,PT5M,0.0,0.0,0.0,0.0,0.0
0,0,0,0,26,0.14,88.1,1.5,95,2026-10-19 18:30:00,PT5M,0.0,0.0,0.0,0.0,0.0
0,0,0,0,26,0.14,88.3,1.4,96,2026-10-19 18:35:00,PT5M,0.0,0.0,0.0,0.0,0.0
0,0,0,0,25,0.14,88.4,1.4,97,2026-10-19 18:40:00,PT5M,0.0,0.0,0.0,0.0,0.0
0,0,0,0,25,0.14,88.6,1.3,99,2026-10-19 18:45:00,PT5M,0.0,0.0,0.0,0.0,0.0
0,0,0,0,25,0.14,88.8,1.3,101,2026-10-19 18:50:00,PT5M,0.0,0.0,0.0,0.0,0.0
0,0,0,0,25,0.14,89.0,1.2,102,2026-10-19 18:55:00,PT5M,0.0,0.0,0.0,0.0,0.0
0,0,0,0,25,0.14,89.1,1.2,104,2026-10-19 19:00:00,PT5M,0.0,0.0,0.0,0.0,0.0
0,0,0,0,25,0.14,89.3,1.1,106,2026-10-19 19:05:00,PT5M,0.0,0.0,0.0,0.0,0.0
0,0,0,0,25,0.14,89.5,1.1,109,2026-10-19 19:10:00,PT5M,0.0,0.0,0.0,0.0,0.0
0,0,0,0,25,0.14,89.7,1.0,111,2026-10-19 19:15:00,PT5M,0.0,0.0,0.0,0.0,0.0
0,0,0,0,25,0.14,89.9,1.0,114,2026-10-19 19:20:00,PT5M,,,,,
